training history accuracy
0.8952083587646484
0.9443749785423279
0.9427083134651184
0.9595833420753479
0.9587500095367432
0.9624999761581421
0.9635416865348816
0.9691666960716248
0.9754166603088379
0.9754166603088379
0.9781249761581421
0.9791666865348816
0.981249988079071
0.9775000214576721
0.9816666841506958
0.9787499904632568
0.9783333539962769
0.9864583611488342
0.98458331823349
0.9893749952316284
0.9889583587646484
0.9916666746139526
0.9897916913032532
0.987708330154419
0.9925000071525574
0.9918749928474426
0.9889583587646484
0.9866666793823242
0.9929166436195374
0.9943749904632568
0.9906250238418579
0.9893749952316284
0.9952083230018616
0.9964583516120911
0.9939583539962769
0.9927083253860474
0.9922916889190674
0.9937499761581421
0.9950000047683716
0.9947916865348816
0.9972916841506958
0.9937499761581421
0.9908333420753479
0.9941666722297668
0.9937499761581421
0.9954166412353516
0.9950000047683716
0.9943749904632568
0.9981250166893005
0.9954166412353516
0.9935416579246521
0.9879166483879089
0.9927083253860474
0.9962499737739563
0.9952083230018616
0.9945833086967468
0.9952083230018616
0.9958333373069763
0.9977083206176758
0.9958333373069763
0.9993749856948853
0.9925000071525574
0.9937499761581421
0.9983333349227905
0.9958333373069763
0.9920833110809326
0.9922916889190674
0.9954166412353516
0.9954166412353516
0.9954166412353516
0.9933333396911621
0.9960416555404663
0.9981250166893005
0.9950000047683716
0.996666669845581
0.9964583516120911
0.9956250190734863
0.9981250166893005
0.9962499737739563
0.9920833110809326
0.9956250190734863
0.9950000047683716
0.9960416555404663
0.9950000047683716
0.9954166412353516
0.9950000047683716
0.9975000023841858
0.9983333349227905
0.9945833086967468
0.996666669845581
0.996666669845581
0.9941666722297668
0.997083306312561
0.9927083253860474
0.9981250166893005
0.9977083206176758
0.9991666674613953
0.9943749904632568
0.9975000023841858
0.9925000071525574
0.9962499737739563
0.996666669845581
0.9972916841506958
0.9960416555404663

training history val accuracy
0.6725000143051147
0.5633333325386047
0.5308333039283752
0.76583331823349
0.934166669845581
0.9308333396911621
0.9483333230018616
0.909166693687439
0.512499988079071
0.6316666603088379
0.9766666889190674
0.9816666841506958
0.987500011920929
0.987500011920929
0.7741666436195374
0.9158333539962769
0.5024999976158142
0.8575000166893005
0.73416668176651
0.9925000071525574
0.9783333539962769
0.9791666865348816
0.9908333420753479
0.9941666722297668
0.9808333516120911
0.9708333611488342
0.934166669845581
0.9624999761581421
0.9158333539962769
0.49666666984558105
0.9925000071525574
0.5083333253860474
0.9674999713897705
0.5083333253860474
0.9891666769981384
0.9858333468437195
0.7683333158493042
0.9166666865348816
0.9916666746139526
0.9800000190734863
0.9900000095367432
0.9674999713897705
0.9574999809265137
0.7875000238418579
0.5108333230018616
0.5108333230018616
0.675000011920929
0.9850000143051147
0.9908333420753479
0.9766666889190674
0.5083333253860474
0.9850000143051147
0.9424999952316284
0.9825000166893005
0.987500011920929
0.9916666746139526
0.9900000095367432
0.6775000095367432
0.903333306312561
0.9449999928474426
0.9883333444595337
0.778333306312561
0.9866666793823242
0.8558333516120911
0.9866666793823242
0.9825000166893005
0.9891666769981384
0.9850000143051147
0.5083333253860474
0.903333306312561
0.9866666793823242
0.9383333325386047
0.9708333611488342
0.9908333420753479
0.9783333539962769
0.9916666746139526
0.5575000047683716
0.9808333516120911
0.9866666793823242
0.9750000238418579
0.9891666769981384
0.9858333468437195
0.9766666889190674
0.6341666579246521
0.8358333110809326
0.9925000071525574
0.9900000095367432
0.987500011920929
0.6116666793823242
0.7925000190734863
0.8441666960716248
0.9925000071525574
0.9900000095367432
0.6933333277702332
0.9900000095367432
0.9883333444595337
0.9900000095367432
0.9816666841506958
0.9808333516120911
0.9891666769981384
0.9691666960716248
0.9733333587646484
0.9775000214576721
0.9825000166893005

training history loss
0.2665785849094391
0.17506657540798187
0.1630096584558487
0.12857335805892944
0.12766170501708984
0.13271641731262207
0.12068252265453339
0.09523476660251617
0.0879555270075798
0.08350768685340881
0.08601320534944534
0.06793056428432465
0.06419925391674042
0.07527198642492294
0.06487447768449783
0.07216202467679977
0.06406786292791367
0.04868762195110321
0.05312374606728554
0.04278106614947319
0.040497444570064545
0.04158482700586319
0.0423584058880806
0.0496932752430439
0.03313687443733215
0.03584257513284683
0.0414944663643837
0.049795228987932205
0.02991800382733345
0.02672385610640049
0.03255166858434677
0.03317314013838768
0.01553946454077959
0.011438848450779915
0.029338747262954712
0.025296999141573906
0.029577791690826416
0.024318624287843704
0.019678344950079918
0.014321023598313332
0.015248354524374008
0.02214064635336399
0.02900528348982334
0.025068534538149834
0.02248603105545044
0.015268382616341114
0.020348435267806053
0.016776155680418015
0.009811442345380783
0.016931360587477684
0.028169073164463043
0.04023972898721695
0.02241293527185917
0.012000170536339283
0.017524652183055878
0.018216729164123535
0.022211594507098198
0.013886618427932262
0.009105289354920387
0.018663300201296806
0.005449187941849232
0.02520148642361164
0.02541356347501278
0.0072998651303350925
0.01180447917431593
0.028043320402503014
0.02360229566693306
0.0162933599203825
0.01656477525830269
0.01478953193873167
0.021853072568774223
0.013132724910974503
0.007153090555220842
0.019663894549012184
0.010988197289407253
0.012097509577870369
0.013595306314527988
0.007875494658946991
0.012795788235962391
0.022747615352272987
0.013291150331497192
0.016459211707115173
0.009219306521117687
0.016993632540106773
0.015256505459547043
0.021215707063674927
0.006480425596237183
0.006150377914309502
0.020181793719530106
0.011788242496550083
0.013379796408116817
0.016118118539452553
0.011090091429650784
0.0221579447388649
0.008144035004079342
0.00658454978838563
0.0037285923026502132
0.022365599870681763
0.008506976068019867
0.021502278745174408
0.015110287815332413
0.015499946661293507
0.005861855112016201
0.009939741343259811

training history val loss
0.8119787573814392
0.8117153644561768
1.7171233892440796
0.6272941827774048
0.19017590582370758
0.17558397352695465
0.17206227779388428
0.24059219658374786
2.7754416465759277
1.0642757415771484
0.07436291128396988
0.05548277497291565
0.03965099900960922
0.03748839348554611
0.7581939697265625
0.20710401237010956
2.748717784881592
0.32551923394203186
0.6788979172706604
0.04568832367658615
0.06751937419176102
0.04761478304862976
0.03446107730269432
0.023523489013314247
0.05070452764630318
0.06982117891311646
0.17512144148349762
0.11292410641908646
0.23523028194904327
2.243182420730591
0.02618088759481907
18.1140079498291
0.0993579849600792
12.507774353027344
0.025743521749973297
0.04611464589834213
0.5724384188652039
0.2692844569683075
0.023742850869894028
0.05577430874109268
0.03748071566224098
0.09691861271858215
0.13694481551647186
0.4709397256374359
9.703360557556152
6.11915397644043
1.0596641302108765
0.04534690082073212
0.021683797240257263
0.08047717064619064
21.954875946044922
0.03606357425451279
0.14513210952281952
0.04760848358273506
0.0378190279006958
0.026733404025435448
0.034762509167194366
1.6240044832229614
0.6072763204574585
0.20318244397640228
0.027819067239761353
1.2502750158309937
0.03770771622657776
0.5906866192817688
0.03871582821011543
0.04803186655044556
0.03323763608932495
0.03426533564925194
20.224143981933594
0.2993582785129547
0.03415701910853386
0.2198912799358368
0.11193147301673889
0.01950191706418991
0.0821140706539154
0.035112760961055756
1.8392276763916016
0.05383820831775665
0.04500185325741768
0.07110743969678879
0.03369486331939697
0.03927169367671013
0.07929586619138718
1.9337416887283325
0.4120595157146454
0.027949269860982895
0.031049340963363647
0.02957327291369438
4.134876728057861
0.7463557720184326
0.5449433326721191
0.026738284155726433
0.030061965808272362
1.5199145078659058
0.025085443630814552
0.03351074829697609
0.029601866379380226
0.04843873158097267
0.05547007918357849
0.02937808446586132
0.0903826430439949
0.07811864465475082
0.04710186645388603
0.05769168958067894