test data loss : 0.7003076076507568
test data accyracy : 0.6790000200271606

training history accuracy
0.5235416889190674
0.6202083230018616
0.7149999737739563
0.7568749785423279
0.7772916555404663
0.7993749976158142
0.8218749761581421
0.8508333563804626
0.8754166960716248
0.9160416722297668
0.934166669845581
0.953125
0.9727083444595337
0.9737499952316284
0.9674999713897705
0.9785416722297668
0.9785416722297668
0.981041669845581
0.9860416650772095
0.9927083253860474
0.9939583539962769
0.9920833110809326
0.9731249809265137
0.9818750023841858
0.9935416579246521
0.9941666722297668
0.9960416555404663
0.9883333444595337
0.9925000071525574
0.9885416626930237
0.9829166531562805
0.9856250286102295
0.9908333420753479
0.9931250214576721
0.9927083253860474
0.9972916841506958
0.996874988079071
0.9931250214576721
0.9833333492279053
0.9806249737739563

training history val accuracy
0.5083333253860474
0.5083333253860474
0.5083333253860474
0.5083333253860474
0.5083333253860474
0.5083333253860474
0.5083333253860474
0.5083333253860474
0.5083333253860474
0.6758333444595337
0.5108333230018616
0.5083333253860474
0.6233333349227905
0.5091666579246521
0.5816666483879089
0.5674999952316284
0.5233333110809326
0.5099999904632568
0.6383333206176758
0.5108333230018616
0.5849999785423279
0.5091666579246521
0.5083333253860474
0.5083333253860474
0.5741666555404663
0.5516666769981384
0.5416666865348816
0.6158333420753479
0.5083333253860474
0.5091666579246521
0.6658333539962769
0.5099999904632568
0.6225000023841858
0.7283333539962769
0.49166667461395264
0.5183333158493042
0.5683333277702332
0.5083333253860474
0.5083333253860474
0.5433333516120911

training history loss
0.7472561597824097
0.6427837014198303
0.5594290494918823
0.4972127676010132
0.46693283319473267
0.4337861239910126
0.39597219228744507
0.3405020833015442
0.29392361640930176
0.2067478448152542
0.16634352505207062
0.11509949713945389
0.07590112835168839
0.06899970024824142
0.08317406475543976
0.059515006840229034
0.05042601749300957
0.05218009650707245
0.03901192173361778
0.020305519923567772
0.01641111448407173
0.02167567051947117
0.0762060135602951
0.04915660619735718
0.02076674997806549
0.017147202044725418
0.01335289515554905
0.03156574070453644
0.021080780774354935
0.032225750386714935
0.050220977514982224
0.03757111355662346
0.02371305599808693
0.01885061152279377
0.015848712995648384
0.009874898009002209
0.009960616938769817
0.020444778725504875
0.04581818729639053
0.05428581312298775

training history val loss
0.7794704437255859
1.873297095298767
4.16355562210083
6.010736465454102
6.593240737915039
6.496746063232422
7.043701171875
6.435892105102539
6.872073650360107
0.7122784852981567
1.660151481628418
6.401249408721924
1.0459293127059937
3.9339399337768555
1.3852163553237915
2.054903745651245
5.213163375854492
8.353947639465332
1.308276653289795
7.228405952453613
1.9681286811828613
7.492942810058594
16.191389083862305
12.794133186340332
2.552565097808838
3.5219368934631348
2.5518879890441895
1.29836106300354
11.370253562927246
8.647714614868164
1.3034075498580933
8.819513320922852
2.432725429534912
1.2251479625701904
5.836382865905762
5.7976765632629395
3.173647403717041
11.699260711669922
8.353039741516113
4.100020408630371