test data loss : 0.7582306265830994
test data accyracy : 0.734000027179718

training history accuracy
0.5218750238418579
0.6266666650772095
0.7295833230018616
0.768958330154419
0.8075000047683716
0.8427083492279053
0.8745833039283752
0.9158333539962769
0.9364583492279053
0.9635416865348816
0.9681249856948853
0.9702083468437195
0.9679166674613953
0.9764583110809326
0.987291693687439
0.9825000166893005
0.9800000190734863
0.9739583134651184
0.9910416603088379
0.9952083230018616
0.9900000095367432
0.9850000143051147
0.9806249737739563
0.9914583563804626
0.9925000071525574
0.9879166483879089
0.9866666793823242
0.9895833134651184
0.9906250238418579
0.9941666722297668
0.9891666769981384
0.9922916889190674
0.9891666769981384
0.9931250214576721
0.9947916865348816
0.9927083253860474
0.9922916889190674
0.9933333396911621
0.9908333420753479
0.9904166460037231
0.9935416579246521
0.9935416579246521
0.9902083277702332
0.9900000095367432
0.9931250214576721
0.997083306312561
0.9972916841506958
0.9945833086967468
0.9912499785423279
0.9818750023841858
0.9950000047683716

training history val accuracy
0.5083333253860474
0.5083333253860474
0.5083333253860474
0.5083333253860474
0.5083333253860474
0.5083333253860474
0.5083333253860474
0.5083333253860474
0.5083333253860474
0.5083333253860474
0.5083333253860474
0.6358333230018616
0.5083333253860474
0.6225000023841858
0.5191666483879089
0.6725000143051147
0.5083333253860474
0.5083333253860474
0.49666666984558105
0.559166669845581
0.7400000095367432
0.5083333253860474
0.6641666889190674
0.5600000023841858
0.5116666555404663
0.5083333253860474
0.5083333253860474
0.5083333253860474
0.5083333253860474
0.6675000190734863
0.5874999761581421
0.5083333253860474
0.5450000166893005
0.5699999928474426
0.5083333253860474
0.5083333253860474
0.5083333253860474
0.5083333253860474
0.5083333253860474
0.5083333253860474
0.5408333539962769
0.5083333253860474
0.5241666436195374
0.5083333253860474
0.49666666984558105
0.5183333158493042
0.5083333253860474
0.5083333253860474
0.5083333253860474
0.5308333039283752
0.5400000214576721

training history loss
0.765934944152832
0.6459646821022034
0.5413563251495361
0.4801241159439087
0.41964632272720337
0.36411771178245544
0.2904002368450165
0.21139106154441833
0.15673792362213135
0.10046909004449844
0.08098100870847702
0.07694076746702194
0.07986582070589066
0.06213253736495972
0.04008502885699272
0.04371220991015434
0.05014694482088089
0.06586042791604996
0.025498166680336
0.015855351462960243
0.027252841740846634
0.03798917308449745
0.048914480954408646
0.029646985232830048
0.02331439219415188
0.03559138998389244
0.03655242919921875
0.026216965168714523
0.02647000551223755
0.017057333141565323
0.028572432696819305
0.024744359776377678
0.028452908620238304
0.02101297304034233
0.01561737060546875
0.020278215408325195
0.022715285420417786
0.018849443644285202
0.022574473172426224
0.02475878782570362
0.019205624237656593
0.01570042595267296
0.028335552662611008
0.025147726759314537
0.018772147595882416
0.009243445470929146
0.006870565470308065
0.013717502355575562
0.02419457398355007
0.05216387286782265
0.014640453271567822

training history val loss
0.9370682835578918
4.611271858215332
5.051904201507568
5.001791000366211
7.307274341583252
5.049351215362549
6.880639553070068
12.725299835205078
3.485167980194092
6.737666130065918
4.219439506530762
1.8393534421920776
8.475570678710938
1.380641222000122
3.0836164951324463
0.9251040816307068
10.13836669921875
5.805929183959961
6.354973316192627
2.9476966857910156
0.7314198017120361
10.746953964233398
1.5425580739974976
3.550464391708374
5.440815448760986
8.06899356842041
9.593087196350098
11.527148246765137
5.7169671058654785
1.6126571893692017
2.444692373275757
7.878578186035156
3.8657524585723877
2.537954568862915
7.790113925933838
7.8465728759765625
7.778177261352539
11.63625717163086
9.189603805541992
11.252179145812988
3.9931180477142334
11.2861328125
4.577491760253906
10.678691864013672
6.511458396911621
4.83839750289917
5.4844841957092285
11.50084114074707
13.06389045715332
5.286683559417725
4.561029434204102