test data loss : 0.9997383952140808
test data accyracy : 0.6610000133514404

training history accuracy
0.5333333611488342
0.653333306312561
0.734375
0.752916693687439
0.7825000286102295
0.8058333396911621
0.8339583277702332
0.8531249761581421
0.8833333253860474
0.9212499856948853
0.9418749809265137
0.9510416388511658
0.9670833349227905
0.9766666889190674
0.9854166507720947
0.9802083373069763
0.9787499904632568
0.9789583086967468
0.9785416722297668
0.984375
0.9906250238418579
0.9897916913032532
0.9941666722297668
0.9852083325386047
0.9825000166893005
0.9885416626930237
0.9910416603088379
0.9920833110809326
0.9906250238418579
0.9929166436195374
0.987708330154419
0.9897916913032532
0.9927083253860474
0.9879166483879089
0.9925000071525574
0.9916666746139526
0.9931250214576721
0.9952083230018616
0.9912499785423279
0.9914583563804626
0.9920833110809326

training history val accuracy
0.5083333253860474
0.5083333253860474
0.5083333253860474
0.5083333253860474
0.5083333253860474
0.5083333253860474
0.5083333253860474
0.5083333253860474
0.5083333253860474
0.6708333492279053
0.6683333516120911
0.5083333253860474
0.653333306312561
0.5816666483879089
0.49166667461395264
0.5099999904632568
0.503333330154419
0.5083333253860474
0.49166667461395264
0.6825000047683716
0.5191666483879089
0.5108333230018616
0.4908333420753479
0.5083333253860474
0.5183333158493042
0.5649999976158142
0.5083333253860474
0.6033333539962769
0.6983333230018616
0.5083333253860474
0.5108333230018616
0.6499999761581421
0.6700000166893005
0.6691666841506958
0.5241666436195374
0.5258333086967468
0.5083333253860474
0.6108333468437195
0.5083333253860474
0.5083333253860474
0.6641666889190674

training history loss
0.7443727850914001
0.6292636394500732
0.538516104221344
0.5001997351646423
0.4637230932712555
0.4249555766582489
0.38019075989723206
0.3325774371623993
0.27177318930625916
0.195140540599823
0.1498405933380127
0.1264703869819641
0.0838424488902092
0.06063960865139961
0.040583763271570206
0.04859210550785065
0.05699801817536354
0.05385226383805275
0.05793437361717224
0.042555056512355804
0.02879749983549118
0.02661196142435074
0.01909574307501316
0.03849741443991661
0.04706793650984764
0.03105936385691166
0.023649701848626137
0.023172784596681595
0.023404560983181
0.017482444643974304
0.03632313758134842
0.02799847535789013
0.022138498723506927
0.032325178384780884
0.022745266556739807
0.02436646819114685
0.01859404146671295
0.016349559649825096
0.021925106644630432
0.02199939638376236
0.021555162966251373

training history val loss
0.9901878833770752
2.694349527359009
4.809938430786133
6.75391149520874
8.096784591674805
9.237039566040039
9.163764953613281
4.7484002113342285
9.344736099243164
1.1725693941116333
0.9699276685714722
9.205866813659668
1.553941249847412
2.3645637035369873
8.568061828613281
2.591149091720581
4.122106552124023
6.674575328826904
7.030477046966553
1.2615699768066406
5.164937496185303
4.942039489746094
6.14365816116333
10.261512756347656
4.291090965270996
3.531552791595459
7.708791732788086
3.1021981239318848
1.0983850955963135
7.259851932525635
6.802800178527832
1.9352083206176758
1.5991722345352173
1.728145718574524
4.956153869628906
3.8050100803375244
9.360295295715332
1.8515342473983765
11.583660125732422
12.493226051330566
1.7332580089569092