test data loss : 0.640130877494812
test data accyracy : 0.6800000071525574

training history accuracy
0.5295833349227905
0.637499988079071
0.7458333373069763
0.7639583349227905
0.7835416793823242
0.8160416483879089
0.8416666388511658
0.8827083110809326
0.9231250286102295
0.9433333277702332
0.9597916603088379
0.9599999785423279
0.9683333039283752
0.9804166555404663
0.9868749976158142
0.9860416650772095
0.9754166603088379
0.9791666865348816
0.98458331823349
0.9895833134651184
0.9935416579246521
0.9800000190734863
0.9864583611488342
0.9883333444595337
0.9902083277702332
0.9908333420753479
0.9870833158493042
0.9931250214576721
0.9927083253860474
0.9922916889190674
0.9954166412353516
0.9902083277702332
0.9922916889190674
0.9947916865348816
0.9897916913032532
0.9891666769981384
0.9922916889190674
0.9941666722297668
0.9962499737739563
0.9900000095367432

training history val accuracy
0.5083333253860474
0.5083333253860474
0.5083333253860474
0.5083333253860474
0.5083333253860474
0.5083333253860474
0.5083333253860474
0.5083333253860474
0.5083333253860474
0.7124999761581421
0.5191666483879089
0.534166693687439
0.7066666483879089
0.5083333253860474
0.5083333253860474
0.5083333253860474
0.5083333253860474
0.4925000071525574
0.5091666579246521
0.49166667461395264
0.5083333253860474
0.5083333253860474
0.5083333253860474
0.5083333253860474
0.5133333206176758
0.6650000214576721
0.5616666674613953
0.5391666889190674
0.5199999809265137
0.5083333253860474
0.5266666412353516
0.5083333253860474
0.7016666531562805
0.5083333253860474
0.5099999904632568
0.49166667461395264
0.5083333253860474
0.7358333468437195
0.5099999904632568
0.49166667461395264

training history loss
0.7688407301902771
0.6331948041915894
0.5159873366355896
0.48496317863464355
0.451013445854187
0.4046739339828491
0.3484891951084137
0.268545925617218
0.1981082707643509
0.14667798578739166
0.1059584841132164
0.10262693464756012
0.07672098278999329
0.055900752544403076
0.03870981186628342
0.041729386895895004
0.06347225606441498
0.055340949445962906
0.040670011192560196
0.027899261564016342
0.019464101642370224
0.05530001223087311
0.03903918340802193
0.031101061031222343
0.028136495500802994
0.025629902258515358
0.03390820324420929
0.020710740238428116
0.02354351431131363
0.02335377037525177
0.012013951316475868
0.028405599296092987
0.02362636663019657
0.018484586849808693
0.03188876062631607
0.02690221555531025
0.023170266300439835
0.016907941550016403
0.013261384330689907
0.028841594234108925

training history val loss
0.6926049590110779
2.6389997005462646
6.85829496383667
8.734532356262207
9.452192306518555
7.994061470031738
7.981581211090088
13.316486358642578
7.8162126541137695
0.6151338219642639
5.518518924713135
2.0246388912200928
0.9543651342391968
6.271145343780518
6.646477222442627
9.934394836425781
5.973066329956055
6.070609092712402
9.537217140197754
9.081595420837402
8.453813552856445
18.312461853027344
11.000473976135254
11.884835243225098
5.681872367858887
1.363219141960144
3.1420106887817383
5.748321533203125
6.47995138168335
7.587701797485352
4.086818218231201
7.71121072769165
1.3586463928222656
11.085527420043945
9.595948219299316
8.094029426574707
11.6203031539917
1.0739542245864868
7.352043628692627
10.90627670288086