test data loss : 0.9025042653083801
test data accyracy : 0.6179999709129333

training history accuracy
0.543749988079071
0.6479166746139526
0.7347916960716248
0.762291669845581
0.7904166579246521
0.8064583539962769
0.8231250047683716
0.856458306312561
0.8839583396911621
0.9206249713897705
0.9339583516120911
0.949999988079071
0.9704166650772095
0.9837499856948853
0.9806249737739563
0.9664583206176758
0.9693750143051147
0.9885416626930237
0.9883333444595337
0.9925000071525574
0.9912499785423279
0.9752083420753479
0.9827083349227905
0.9839583039283752
0.9918749928474426
0.9912499785423279
0.9939583539962769
0.9908333420753479
0.9904166460037231
0.9922916889190674
0.9866666793823242
0.9870833158493042
0.9935416579246521
0.9925000071525574
0.9952083230018616
0.9897916913032532
0.9864583611488342
0.9916666746139526
0.9922916889190674
0.9981250166893005
0.9950000047683716

training history val accuracy
0.5083333253860474
0.5083333253860474
0.5083333253860474
0.5083333253860474
0.5083333253860474
0.5083333253860474
0.5083333253860474
0.5083333253860474
0.5083333253860474
0.5083333253860474
0.6324999928474426
0.5166666507720947
0.5083333253860474
0.5083333253860474
0.6050000190734863
0.5083333253860474
0.5258333086967468
0.512499988079071
0.5083333253860474
0.5208333134651184
0.5866666436195374
0.5108333230018616
0.625
0.5083333253860474
0.5083333253860474
0.49166667461395264
0.6966666579246521
0.5083333253860474
0.5083333253860474
0.5083333253860474
0.5683333277702332
0.6191666722297668
0.5133333206176758
0.5083333253860474
0.5141666531562805
0.5083333253860474
0.5249999761581421
0.6449999809265137
0.5249999761581421
0.5083333253860474
0.5083333253860474

training history loss
0.7528003454208374
0.6243215203285217
0.5381582379341125
0.4845111072063446
0.45093148946762085
0.4234738051891327
0.39410626888275146
0.32367992401123047
0.2778235077857971
0.2019163966178894
0.16613322496414185
0.12463118135929108
0.07985140383243561
0.04647478088736534
0.053996678441762924
0.08733557164669037
0.07517261058092117
0.03368745371699333
0.03177409619092941
0.02260059118270874
0.023679709061980247
0.06701939553022385
0.046614404767751694
0.039702750742435455
0.022076953202486038
0.02265421487390995
0.01621505804359913
0.023465173318982124
0.021794328466057777
0.02626139298081398
0.03646766021847725
0.033918604254722595
0.020379038527607918
0.01946028508245945
0.014437108300626278
0.026453562080860138
0.035532087087631226
0.027418483048677444
0.02006623148918152
0.008029581978917122
0.015056346543133259

training history val loss
0.9135662913322449
2.0824084281921387
3.8700428009033203
5.939049243927002
6.795285701751709
6.008028030395508
6.251352310180664
3.3704748153686523
3.2078356742858887
9.418597221374512
0.8772397041320801
3.22257924079895
8.05050277709961
10.891926765441895
2.101771354675293
6.305324077606201
3.4145236015319824
5.129753589630127
10.317959785461426
4.084218978881836
2.2511861324310303
3.8746094703674316
1.4473484754562378
10.01781940460205
9.795230865478516
11.50244426727295
1.3072762489318848
7.840552806854248
18.68875503540039
10.016059875488281
3.020249605178833
2.0219779014587402
7.227137088775635
12.945748329162598
7.293178558349609
11.645079612731934
4.137881755828857
2.0474250316619873
4.888764381408691
16.818267822265625
15.39586067199707