test data loss : 0.6936478018760681
test data accyracy : 0.5

training history accuracy
0.5212500095367432
0.6102083325386047
0.7081249952316284
0.7395833134651184
0.7804166674613953
0.7960416674613953
0.8231250047683716
0.8545833230018616
0.8941666483879089
0.9175000190734863
0.9381250143051147
0.9587500095367432
0.9704166650772095
0.9706249833106995
0.9756249785423279
0.98416668176651
0.9858333468437195
0.9793750047683716
0.9847916960716248
0.9914583563804626
0.9906250238418579
0.9887499809265137
0.9802083373069763
0.9837499856948853
0.9852083325386047
0.9862499833106995
0.9904166460037231
0.9912499785423279
0.9943749904632568
0.9947916865348816
0.9902083277702332

training history val accuracy
0.49166667461395264
0.5083333253860474
0.5083333253860474
0.5083333253860474
0.5083333253860474
0.5083333253860474
0.5083333253860474
0.5083333253860474
0.5099999904632568
0.5083333253860474
0.5108333230018616
0.5083333253860474
0.637499988079071
0.5649999976158142
0.6641666889190674
0.5083333253860474
0.5083333253860474
0.5083333253860474
0.49166667461395264
0.4950000047683716
0.503333330154419
0.49416667222976685
0.6383333206176758
0.5083333253860474
0.5083333253860474
0.5083333253860474
0.5758333206176758
0.49166667461395264
0.5083333253860474
0.6291666626930237
0.6733333468437195

training history loss
0.7709044814109802
0.651388943195343
0.5654630661010742
0.5266153216362
0.469117134809494
0.4394809901714325
0.3972304165363312
0.33751991391181946
0.26122400164604187
0.19956809282302856
0.15864767134189606
0.10816275328397751
0.082459956407547
0.07576283067464828
0.062181174755096436
0.04721807315945625
0.03898497298359871
0.056978847831487656
0.04315706342458725
0.024763021618127823
0.023758739233016968
0.031525686383247375
0.05514249950647354
0.041159700602293015
0.04261844977736473
0.0378105603158474
0.026065925136208534
0.02176586166024208
0.018285462632775307
0.01583690568804741
0.027461230754852295

training history val loss
0.6942130327224731
1.5455061197280884
4.409311771392822
5.704685211181641
7.523746013641357
8.536417007446289
10.003011703491211
13.737200736999512
3.579942226409912
7.206463813781738
6.030971050262451
8.761558532714844
0.9865719676017761
3.9455957412719727
1.2569546699523926
14.373927116394043
8.562630653381348
10.387900352478027
12.202983856201172
7.159121990203857
4.611474990844727
6.517232894897461
1.390960931777954
13.149161338806152
11.692030906677246
12.873412132263184
2.908010482788086
15.861352920532227
11.947556495666504
2.2045490741729736
1.5298014879226685