test data loss : 0.8937712907791138
test data accyracy : 0.5

training history accuracy
0.5379166603088379
0.5402083396911621
0.6506249904632568
0.7275000214576721
0.7664583325386047
0.7897916436195374
0.8239583373069763
0.8510416746139526
0.8889583349227905
0.9181249737739563
0.9468749761581421
0.95333331823349
0.972083330154419
0.9745833277702332
0.9800000190734863
0.9881250262260437
0.9766666889190674
0.9833333492279053
0.9750000238418579
0.9835416674613953
0.9902083277702332
0.9906250238418579
0.9889583587646484
0.9887499809265137
0.9804166555404663
0.9879166483879089
0.9929166436195374
0.9952083230018616
0.9975000023841858
0.9939583539962769
0.9897916913032532
0.984375

training history val accuracy
0.5083333253860474
0.5083333253860474
0.5083333253860474
0.5083333253860474
0.5083333253860474
0.5083333253860474
0.5083333253860474
0.5083333253860474
0.5083333253860474
0.6033333539962769
0.5233333110809326
0.5516666769981384
0.5049999952316284
0.5083333253860474
0.684166669845581
0.5083333253860474
0.5766666531562805
0.5266666412353516
0.5933333039283752
0.6941666603088379
0.5733333230018616
0.5083333253860474
0.5083333253860474
0.4983333349227905
0.5083333253860474
0.7183333039283752
0.6458333134651184
0.49916666746139526
0.5083333253860474
0.5083333253860474
0.5083333253860474
0.5083333253860474

training history loss
0.7838073968887329
0.6973565220832825
0.6179200410842896
0.5288203358650208
0.48055049777030945
0.4430294930934906
0.3962599039077759
0.34312471747398376
0.2709079086780548
0.20462189614772797
0.14271928369998932
0.12295945733785629
0.07620368152856827
0.06552867591381073
0.053057461977005005
0.03752843663096428
0.06244853883981705
0.04515978693962097
0.06255879998207092
0.04797738417983055
0.027073334902524948
0.026840604841709137
0.03045034036040306
0.029106350615620613
0.05432775616645813
0.03602980822324753
0.0219022985547781
0.0190358217805624
0.008431756868958473
0.014350875280797482
0.02940640039741993
0.039601970463991165

training history val loss
1.1294822692871094
0.8827311396598816
3.681197166442871
5.316326141357422
6.110167980194092
4.6530232429504395
1.1700183153152466
6.968871116638184
7.304983615875244
1.1747528314590454
3.4642765522003174
2.201603412628174
2.447258472442627
15.261743545532227
1.407854437828064
13.12279987335205
2.0520341396331787
3.004535436630249
1.9892569780349731
0.944374680519104
1.4836487770080566
15.853548049926758
16.153793334960938
5.940122604370117
15.006953239440918
1.035728096961975
1.4350049495697021
5.121090888977051
13.90098762512207
7.544476509094238
12.594942092895508
8.309845924377441