test data loss : 1.249664545059204
test data accyracy : 0.5950000286102295

training history accuracy
0.5600000023841858
0.6935416460037231
0.7410416603088379
0.7585416436195374
0.7885416746139526
0.809583306312561
0.8462499976158142
0.8795833587646484
0.92208331823349
0.9483333230018616
0.9635416865348816
0.9608333110809326
0.9797916412353516
0.9779166579246521
0.9802083373069763
0.9839583039283752
0.9827083349227905
0.9806249737739563
0.9791666865348816
0.9850000143051147
0.9904166460037231
0.9922916889190674
0.9891666769981384
0.9910416603088379
0.9941666722297668
0.9864583611488342
0.9895833134651184
0.9827083349227905
0.9908333420753479
0.9929166436195374
0.9933333396911621
0.9902083277702332
0.9908333420753479
0.9962499737739563
0.987708330154419
0.98458331823349
0.9929166436195374
0.9941666722297668
0.9937499761581421
0.9916666746139526
0.9918749928474426

training history val accuracy
0.5083333253860474
0.5083333253860474
0.5083333253860474
0.5083333253860474
0.5083333253860474
0.5083333253860474
0.5083333253860474
0.5083333253860474
0.5083333253860474
0.5083333253860474
0.6208333373069763
0.5874999761581421
0.5116666555404663
0.512499988079071
0.5216666460037231
0.5233333110809326
0.5083333253860474
0.5083333253860474
0.5941666960716248
0.5083333253860474
0.5608333349227905
0.621666669845581
0.5083333253860474
0.6866666674613953
0.5083333253860474
0.5108333230018616
0.5066666603088379
0.5083333253860474
0.5425000190734863
0.5274999737739563
0.5833333134651184
0.5166666507720947
0.5099999904632568
0.5616666674613953
0.5083333253860474
0.6191666722297668
0.5108333230018616
0.5099999904632568
0.5091666579246521
0.5866666436195374
0.5083333253860474

training history loss
0.8096452951431274
0.58782958984375
0.5311524271965027
0.49638813734054565
0.452278196811676
0.40735000371932983
0.3503568470478058
0.28290340304374695
0.19470877945423126
0.135706827044487
0.09524331986904144
0.10455355048179626
0.05982457473874092
0.06294362992048264
0.05345410481095314
0.045838337391614914
0.04455108568072319
0.05101481452584267
0.054248105734586716
0.04310772567987442
0.028307393193244934
0.025863656774163246
0.03009168617427349
0.026455776765942574
0.01708187721669674
0.037429552525281906
0.03270115330815315
0.04391275718808174
0.02740180306136608
0.0179459098726511
0.020060217007994652
0.02908712439239025
0.02583162672817707
0.012408115901052952
0.032440103590488434
0.03835016116499901
0.018435316160321236
0.016987666487693787
0.019249623641371727
0.020959841087460518
0.022675303742289543

training history val loss
2.3723580837249756
4.127417087554932
3.9574577808380127
4.118683338165283
4.914271354675293
3.5444905757904053
1.1946648359298706
2.9378514289855957
5.407987594604492
8.437189102172852
1.1839241981506348
2.0311474800109863
5.631524562835693
3.577317714691162
2.369722843170166
2.785378932952881
9.44383716583252
5.561262607574463
2.3895103931427
10.356301307678223
3.3337748050689697
1.3726857900619507
8.745067596435547
1.5937128067016602
11.118917465209961
5.17551326751709
3.924517869949341
13.030158996582031
4.609199047088623
4.993601322174072
4.13181734085083
3.267932891845703
5.7048659324646
3.4503836631774902
15.866287231445312
2.530447244644165
5.551131248474121
5.852006435394287
6.534014701843262
2.9309263229370117
10.329604148864746