test data loss : 1.0071552991867065
test data accyracy : 0.718999981880188

training history accuracy
0.5431249737739563
0.6722916960716248
0.737500011920929
0.7691666483879089
0.7897916436195374
0.8087499737739563
0.8347916603088379
0.8577083349227905
0.8891666531562805
0.9295833110809326
0.9483333230018616
0.9483333230018616
0.9677083492279053
0.9777083396911621
0.9854166507720947
0.9802083373069763
0.9858333468437195
0.9862499833106995
0.987708330154419
0.98458331823349
0.98458331823349
0.9835416674613953
0.9858333468437195
0.9860416650772095
0.9922916889190674
0.9945833086967468
0.9941666722297668
0.9889583587646484
0.9918749928474426
0.9837499856948853
0.987708330154419
0.9933333396911621
0.9910416603088379
0.9866666793823242
0.9895833134651184
0.9912499785423279
0.996874988079071
0.996874988079071
0.9933333396911621
0.9904166460037231
0.9933333396911621
0.9933333396911621
0.9902083277702332
0.9925000071525574
0.9960416555404663
0.9956250190734863
0.9939583539962769
0.9956250190734863
0.9918749928474426
0.9912499785423279
0.9929166436195374
0.9939583539962769
0.9962499737739563
0.9995833039283752
0.9981250166893005
0.9927083253860474
0.9860416650772095
0.9931250214576721

training history val accuracy
0.5083333253860474
0.5083333253860474
0.5083333253860474
0.5083333253860474
0.5083333253860474
0.5083333253860474
0.5083333253860474
0.5083333253860474
0.5083333253860474
0.5083333253860474
0.5083333253860474
0.5883333086967468
0.49166667461395264
0.5083333253860474
0.5550000071525574
0.5083333253860474
0.5083333253860474
0.5083333253860474
0.49166667461395264
0.60916668176651
0.49166667461395264
0.5425000190734863
0.5116666555404663
0.5133333206176758
0.612500011920929
0.5083333253860474
0.5525000095367432
0.7074999809265137
0.5083333253860474
0.699999988079071
0.5083333253860474
0.5083333253860474
0.6258333325386047
0.5083333253860474
0.5083333253860474
0.5083333253860474
0.51583331823349
0.5224999785423279
0.5091666579246521
0.5108333230018616
0.5083333253860474
0.6558333039283752
0.5083333253860474
0.5133333206176758
0.5108333230018616
0.5083333253860474
0.5083333253860474
0.5083333253860474
0.5508333444595337
0.5083333253860474
0.5108333230018616
0.5083333253860474
0.6949999928474426
0.6100000143051147
0.6208333373069763
0.5233333110809326
0.5083333253860474
0.512499988079071

training history loss
0.7403655052185059
0.5954248309135437
0.5257101655006409
0.4799885153770447
0.45169585943222046
0.4174327552318573
0.37984028458595276
0.3224174976348877
0.26312217116355896
0.17585228383541107
0.1342376321554184
0.12141449004411697
0.08549637347459793
0.061716314405202866
0.0466824471950531
0.05278577655553818
0.043925460427999496
0.039072323590517044
0.039234645664691925
0.04560210928320885
0.044305093586444855
0.04069282487034798
0.0416046567261219
0.03606244549155235
0.023784233257174492
0.01820564642548561
0.017730003222823143
0.030110295861959457
0.022173235192894936
0.047914355993270874
0.03186868876218796
0.018344607204198837
0.02656581811606884
0.03525006026029587
0.027838096022605896
0.02284374088048935
0.010294214822351933
0.010877646505832672
0.018114129081368446
0.023715171962976456
0.020080123096704483
0.016945132985711098
0.030204061418771744
0.022347290068864822
0.015287965536117554
0.013279500417411327
0.013510056771337986
0.011618814431130886
0.02197708562016487
0.02444305829703808
0.019995998591184616
0.016894588246941566
0.011403298005461693
0.002865106100216508
0.0059235598891973495
0.02145916409790516
0.03816757723689079
0.022817013785243034

training history val loss
1.2384692430496216
7.242692947387695
9.553208351135254
7.931839942932129
8.115944862365723
7.982079982757568
7.1107258796691895
10.477553367614746
12.928844451904297
7.387369632720947
8.886672019958496
1.755357265472412
7.348143100738525
8.799372673034668
2.269850730895996
7.071199417114258
16.755823135375977
6.968839645385742
8.214374542236328
1.4454575777053833
12.2310209274292
2.373103618621826
5.026954174041748
5.513156890869141
2.4220991134643555
9.041112899780273
3.0332562923431396
1.0556386709213257
7.773037910461426
1.276880145072937
14.064669609069824
9.116497039794922
1.422789216041565
13.681705474853516
7.179602146148682
18.753711700439453
6.479269027709961
5.388609409332275
9.35783863067627
7.812772750854492
6.253361225128174
1.1920019388198853
12.512869834899902
8.838054656982422
8.393540382385254
9.520638465881348
19.050365447998047
8.614227294921875
4.465680122375488
16.680004119873047
8.202153205871582
13.136861801147461
1.5908851623535156
2.76568341255188
1.494571328163147
5.140244960784912
15.003026962280273
6.608805179595947