test data loss : 0.7020737528800964
test data accyracy : 0.5659999847412109

training history accuracy
0.5406249761581421
0.668749988079071
0.7381250262260437
0.7695833444595337
0.7958333492279053
0.8277083039283752
0.846875011920929
0.8837500214576721
0.9100000262260437
0.95333331823349
0.9470833539962769
0.9539583325386047
0.9752083420753479
0.9781249761581421
0.972083330154419
0.981249988079071
0.9783333539962769
0.9797916412353516
0.9868749976158142
0.9910416603088379
0.9887499809265137
0.9850000143051147
0.9858333468437195
0.9883333444595337
0.987500011920929
0.9856250286102295
0.9829166531562805
0.9858333468437195
0.9914583563804626
0.9962499737739563
0.9972916841506958
0.9979166388511658
0.9956250190734863
0.987708330154419
0.987291693687439
0.9895833134651184
0.9931250214576721
0.9914583563804626
0.9929166436195374
0.9914583563804626
0.9912499785423279

training history val accuracy
0.5083333253860474
0.5083333253860474
0.5083333253860474
0.5083333253860474
0.5083333253860474
0.5083333253860474
0.5083333253860474
0.5083333253860474
0.5083333253860474
0.5083333253860474
0.5841666460037231
0.5099999904632568
0.721666693687439
0.6616666913032532
0.5099999904632568
0.5083333253860474
0.49166667461395264
0.4925000071525574
0.6933333277702332
0.5083333253860474
0.5083333253860474
0.5083333253860474
0.5550000071525574
0.6775000095367432
0.5766666531562805
0.5366666913032532
0.5083333253860474
0.4975000023841858
0.4933333396911621
0.5458333492279053
0.596666693687439
0.6991666555404663
0.5083333253860474
0.5083333253860474
0.5083333253860474
0.6808333396911621
0.5199999809265137
0.7333333492279053
0.5108333230018616
0.5166666507720947
0.5083333253860474

training history loss
0.7802670001983643
0.6039018630981445
0.5223264098167419
0.47607603669166565
0.4376114010810852
0.384944349527359
0.3463541865348816
0.2802866995334625
0.21776288747787476
0.12085738033056259
0.1330489069223404
0.11769673973321915
0.06373178958892822
0.058715008199214935
0.07317141443490982
0.054490529000759125
0.05138333886861801
0.05644746124744415
0.03798680752515793
0.026128459721803665
0.031814415007829666
0.04211665317416191
0.03720908984541893
0.03370057791471481
0.030545778572559357
0.0365421362221241
0.048561934381723404
0.03981836140155792
0.02551800198853016
0.016669660806655884
0.008138561621308327
0.007314073387533426
0.017360327765345573
0.03187037631869316
0.03668913245201111
0.02993897721171379
0.021283378824591637
0.024343734607100487
0.017292680218815804
0.02594657987356186
0.024489587172865868

training history val loss
1.2952378988265991
4.155505657196045
5.8772125244140625
6.078559398651123
6.017543792724609
5.51365327835083
6.2758259773254395
8.953274726867676
6.822353363037109
8.155755043029785
0.6949313282966614
3.334796190261841
0.7611137628555298
0.9425544142723083
8.21785831451416
12.376503944396973
4.417316436767578
4.793664455413818
0.8857888579368591
10.222352027893066
10.029130935668945
9.437640190124512
1.6712647676467896
1.1530746221542358
3.2241837978363037
2.4486243724823
9.562703132629395
4.190389633178711
7.253021717071533
4.815169811248779
2.1290221214294434
1.130957841873169
12.195257186889648
7.948762893676758
9.646270751953125
1.5644577741622925
3.580401659011841
1.150829792022705
7.1631317138671875
6.286373138427734
23.12812614440918