test data loss : 0.9154114127159119
test data accyracy : 0.7139999866485596

training history accuracy
0.5514583587646484
0.6812499761581421
0.7504166960716248
0.7710416913032532
0.7908333539962769
0.8139583468437195
0.8366666436195374
0.8647916913032532
0.8943750262260437
0.9354166388511658
0.9447916746139526
0.9585416913032532
0.9693750143051147
0.9791666865348816
0.9847916960716248
0.9835416674613953
0.9764583110809326
0.9741666913032532
0.9816666841506958
0.9883333444595337
0.987291693687439
0.9804166555404663
0.9881250262260437
0.9935416579246521
0.9972916841506958
0.9981250166893005
0.9927083253860474
0.9854166507720947
0.9854166507720947
0.9864583611488342
0.9897916913032532
0.9912499785423279
0.9891666769981384
0.9906250238418579
0.9914583563804626
0.9881250262260437
0.9954166412353516
0.996666669845581
0.9981250166893005
0.9960416555404663
0.9941666722297668
0.9918749928474426
0.9833333492279053
0.9881250262260437
0.9941666722297668
0.9935416579246521
0.9914583563804626
0.9925000071525574
0.9937499761581421
0.9927083253860474
0.9950000047683716
0.9929166436195374
0.9943749904632568
0.996874988079071
0.9956250190734863
0.9922916889190674
0.9937499761581421
0.9950000047683716
0.9916666746139526
0.9912499785423279
0.9931250214576721
0.9950000047683716
0.997083306312561
0.9983333349227905
0.996666669845581
0.9956250190734863
0.9900000095367432
0.9952083230018616
0.9987499713897705
0.99979168176651
0.9985416531562805
0.9935416579246521

training history val accuracy
0.5083333253860474
0.5083333253860474
0.5083333253860474
0.5083333253860474
0.5083333253860474
0.5083333253860474
0.5083333253860474
0.5083333253860474
0.5083333253860474
0.5083333253860474
0.5408333539962769
0.5133333206176758
0.49166667461395264
0.5091666579246521
0.49166667461395264
0.5083333253860474
0.49416667222976685
0.5083333253860474
0.5083333253860474
0.5174999833106995
0.5083333253860474
0.5083333253860474
0.5083333253860474
0.5308333039283752
0.5083333253860474
0.7225000262260437
0.5083333253860474
0.5091666579246521
0.5083333253860474
0.5083333253860474
0.5083333253860474
0.5683333277702332
0.5083333253860474
0.5083333253860474
0.7316666841506958
0.5566666722297668
0.6758333444595337
0.49166667461395264
0.7283333539962769
0.5083333253860474
0.684166669845581
0.7108333110809326
0.5083333253860474
0.5541666746139526
0.5083333253860474
0.5083333253860474
0.6700000166893005
0.5391666889190674
0.5091666579246521
0.7391666769981384
0.5099999904632568
0.5358333587646484
0.5216666460037231
0.7316666841506958
0.7174999713897705
0.5291666388511658
0.6941666603088379
0.5083333253860474
0.5083333253860474
0.5083333253860474
0.5083333253860474
0.5083333253860474
0.5083333253860474
0.5083333253860474
0.49166667461395264
0.528333306312561
0.5083333253860474
0.5083333253860474
0.6783333420753479
0.6225000023841858
0.5083333253860474
0.5083333253860474

training history loss
0.7178987264633179
0.6024456024169922
0.5129876136779785
0.47319045662879944
0.4504856765270233
0.4093274176120758
0.37396836280822754
0.3072122037410736
0.2515133023262024
0.16733165085315704
0.14323721826076508
0.10897692292928696
0.08119434118270874
0.05508806183934212
0.044628795236349106
0.04371347650885582
0.06561459600925446
0.06763890385627747
0.05011744052171707
0.029727796092629433
0.03443792834877968
0.051589109003543854
0.037606656551361084
0.019842933863401413
0.010049275122582912
0.0065847160294651985
0.018938131630420685
0.0455574132502079
0.0370018444955349
0.035705436021089554
0.03251746669411659
0.022992882877588272
0.030577776953577995
0.025188300758600235
0.018495135009288788
0.032568126916885376
0.014453770592808723
0.010492736473679543
0.008824484422802925
0.011169497855007648
0.014157419092953205
0.02193310670554638
0.048650600016117096
0.031248200684785843
0.017263464629650116
0.014027543365955353
0.0208581630140543
0.01807345636188984
0.015161898918449879
0.02234007976949215
0.014165014028549194
0.02025601454079151
0.01497700996696949
0.009051901288330555
0.015005825087428093
0.020045332610607147
0.01942189782857895
0.014238785021007061
0.021945970132946968
0.024743901565670967
0.022355079650878906
0.013942345045506954
0.00898188166320324
0.005966485477983952
0.00879990216344595
0.01058667991310358
0.028097327798604965
0.015114138834178448
0.004604944959282875
0.002161902841180563
0.004667848814278841
0.015371842309832573

training history val loss
1.320528507232666
3.5751211643218994
6.287775039672852
9.36777114868164
9.70718765258789
10.523929595947266
11.670679092407227
3.808400869369507
9.367762565612793
10.449653625488281
3.2873971462249756
3.4289262294769287
6.994421482086182
3.8895256519317627
3.583779811859131
9.896547317504883
5.108943462371826
7.851279258728027
12.56006145477295
4.049875259399414
9.864521980285645
12.890271186828613
11.061120986938477
4.8204665184021
11.339654922485352
1.1370660066604614
7.503492832183838
4.356316089630127
8.09827995300293
13.822811126708984
12.248174667358398
2.313338279724121
9.762811660766602
9.25568962097168
0.9787791967391968
3.440033435821533
1.544386625289917
8.816961288452148
1.3397836685180664
11.648073196411133
1.7731518745422363
0.911741316318512
11.619108200073242
2.6993520259857178
16.496797561645508
9.776986122131348
1.5289196968078613
4.028355121612549
8.625988960266113
1.1986029148101807
7.083173751831055
4.760456085205078
4.570616245269775
1.1200789213180542
1.5078998804092407
6.142224311828613
1.9492783546447754
15.825243949890137
10.145208358764648
10.39108657836914
12.447216987609863
11.742368698120117
9.477270126342773
12.655964851379395
12.887691497802734
5.702977180480957
28.72357749938965
18.05974769592285
2.135753870010376
3.3714606761932373
10.976875305175781
16.751819610595703