test data loss : 1.0358822345733643
test data accyracy : 0.718999981880188

training history accuracy
0.54708331823349
0.6487500071525574
0.7302083373069763
0.7702083587646484
0.7806249856948853
0.8022916913032532
0.8302083611488342
0.8616666793823242
0.89041668176651
0.9108333587646484
0.9472916722297668
0.9574999809265137
0.9664583206176758
0.9795833230018616
0.9762499928474426
0.9766666889190674
0.9758333563804626
0.9795833230018616
0.9831249713897705
0.9850000143051147
0.9887499809265137
0.9947916865348816
0.9931250214576721
0.9833333492279053
0.987500011920929
0.9893749952316284
0.9939583539962769
0.9852083325386047
0.9852083325386047
0.9925000071525574
0.9958333373069763
0.9952083230018616
0.9902083277702332
0.9862499833106995
0.9883333444595337
0.9895833134651184
0.9906250238418579
0.9941666722297668
0.9939583539962769
0.9939583539962769
0.9956250190734863
0.9895833134651184
0.9897916913032532
0.9929166436195374
0.9939583539962769
0.9958333373069763
0.9943749904632568
0.9972916841506958
0.9895833134651184
0.9879166483879089
0.9868749976158142

training history val accuracy
0.5083333253860474
0.5083333253860474
0.5083333253860474
0.5083333253860474
0.5083333253860474
0.5083333253860474
0.5083333253860474
0.5083333253860474
0.5091666579246521
0.5133333206176758
0.5083333253860474
0.5083333253860474
0.5083333253860474
0.6766666769981384
0.5633333325386047
0.5083333253860474
0.5083333253860474
0.5083333253860474
0.5099999904632568
0.5083333253860474
0.7091666460037231
0.5625
0.5083333253860474
0.5083333253860474
0.574999988079071
0.5083333253860474
0.6241666674613953
0.5083333253860474
0.5083333253860474
0.5099999904632568
0.7116666436195374
0.70333331823349
0.5083333253860474
0.5083333253860474
0.659166693687439
0.5083333253860474
0.5166666507720947
0.6783333420753479
0.5116666555404663
0.6483333110809326
0.5
0.6800000071525574
0.5083333253860474
0.5083333253860474
0.5174999833106995
0.5083333253860474
0.5133333206176758
0.6933333277702332
0.5083333253860474
0.5083333253860474
0.5083333253860474

training history loss
0.7709307670593262
0.6274225115776062
0.5331859588623047
0.4807656407356262
0.4509904384613037
0.4186650812625885
0.386627733707428
0.32034850120544434
0.2616599202156067
0.21179263293743134
0.14416785538196564
0.11336731165647507
0.08692222088575363
0.057547684758901596
0.06002575531601906
0.05837269499897957
0.06421538442373276
0.059173762798309326
0.04524968937039375
0.0417347326874733
0.031061023473739624
0.017325330525636673
0.021205473691225052
0.045892875641584396
0.03622439131140709
0.028367046266794205
0.017710519954562187
0.042110737413167953
0.03926850110292435
0.02173624187707901
0.011975407600402832
0.012977056205272675
0.025192005559802055
0.037409521639347076
0.032703641802072525
0.03120945207774639
0.023087646812200546
0.018777044489979744
0.01900668255984783
0.01698533445596695
0.015594106167554855
0.029341109097003937
0.024382254108786583
0.020250733941793442
0.016470111906528473
0.012393372133374214
0.015922971069812775
0.008966799825429916
0.025205379351973534
0.031058991327881813
0.03561129420995712

training history val loss
1.4035762548446655
4.2568888664245605
8.319805145263672
8.785234451293945
7.689357280731201
7.153622150421143
11.260113716125488
14.285603523254395
4.511547088623047
2.5020501613616943
6.854030132293701
14.291565895080566
10.704490661621094
1.4025970697402954
2.59478759765625
5.519003391265869
16.712236404418945
8.424817085266113
5.253068923950195
11.080784797668457
1.0468717813491821
2.5070090293884277
7.685950756072998
13.303319931030273
2.55875563621521
9.452231407165527
1.8152920007705688
9.069558143615723
11.038461685180664
7.09377908706665
1.3439147472381592
1.3917902708053589
9.72603988647461
6.050962448120117
1.7441884279251099
10.478445053100586
8.658466339111328
1.4502134323120117
7.9101667404174805
1.8020410537719727
5.53508186340332
1.6339459419250488
9.145167350769043
15.9243745803833
5.375728130340576
16.97149658203125
7.7295427322387695
1.249059796333313
7.424450874328613
16.35871696472168
11.52563190460205