test data loss : 0.6912345290184021
test data accyracy : 0.699999988079071

training history accuracy
0.5445833206176758
0.6795833110809326
0.7362499833106995
0.7679166793823242
0.7881249785423279
0.8070833086967468
0.8379166722297668
0.8556249737739563
0.8843749761581421
0.9183333516120911
0.9479166865348816
0.9599999785423279
0.9631249904632568
0.9710416793823242
0.9847916960716248
0.9879166483879089
0.9833333492279053
0.9760416746139526
0.9760416746139526
0.98458331823349
0.9927083253860474
0.9975000023841858
0.9977083206176758
0.9981250166893005
0.9885416626930237
0.9772916436195374
0.9789583086967468
0.9947916865348816
0.9937499761581421
0.9950000047683716
0.9922916889190674
0.9827083349227905
0.981041669845581
0.9939583539962769
0.9937499761581421
0.9958333373069763
0.9972916841506958
0.9883333444595337
0.9868749976158142
0.9931250214576721
0.9993749856948853
0.9991666674613953
0.9902083277702332

training history val accuracy
0.5083333253860474
0.5083333253860474
0.5083333253860474
0.5083333253860474
0.5083333253860474
0.5083333253860474
0.5083333253860474
0.5083333253860474
0.5083333253860474
0.4950000047683716
0.5099999904632568
0.6349999904632568
0.6933333277702332
0.5849999785423279
0.5083333253860474
0.5083333253860474
0.5766666531562805
0.5699999928474426
0.51583331823349
0.6783333420753479
0.49166667461395264
0.5425000190734863
0.6441666483879089
0.49166667461395264
0.5083333253860474
0.49166667461395264
0.5083333253860474
0.5325000286102295
0.637499988079071
0.5858333110809326
0.5808333158493042
0.5083333253860474
0.5091666579246521
0.6208333373069763
0.559166669845581
0.5083333253860474
0.5083333253860474
0.5083333253860474
0.5083333253860474
0.5425000190734863
0.550000011920929
0.6916666626930237
0.49166667461395264

training history loss
0.7201133966445923
0.6065016388893127
0.5359362363815308
0.4874521791934967
0.4586343765258789
0.4132995307445526
0.38065481185913086
0.32740604877471924
0.2807406187057495
0.19819232821464539
0.1379571110010147
0.10452921688556671
0.09687811136245728
0.07713709026575089
0.04658529534935951
0.03724973648786545
0.0476088784635067
0.06660883873701096
0.0675676017999649
0.04183085635304451
0.02400987595319748
0.009797841310501099
0.007620613556355238
0.005580916069447994
0.03256009891629219
0.06662910431623459
0.05731948837637901
0.01722276769578457
0.018758531659841537
0.015536519698798656
0.020724574103951454
0.046305276453495026
0.05350738391280174
0.020778564736247063
0.019018249586224556
0.011865347623825073
0.01048371847718954
0.03348604589700699
0.03384168818593025
0.023903485387563705
0.004402452148497105
0.003315767040476203
0.02760256826877594

training history val loss
1.1288211345672607
2.8501927852630615
7.558409690856934
7.976236820220947
7.668114185333252
9.621787071228027
9.505437850952148
10.858773231506348
11.833878517150879
2.8829500675201416
4.384209156036377
1.1356940269470215
0.7009748816490173
1.480955958366394
5.760965824127197
8.103562355041504
2.1143417358398438
2.903899669647217
3.7099616527557373
1.521941065788269
7.471007347106934
3.893420934677124
1.5270166397094727
8.443552017211914
11.358992576599121
12.559367179870605
10.083740234375
4.009672164916992
1.714051365852356
2.786442995071411
2.6785178184509277
9.699284553527832
7.024081230163574
2.372039794921875
3.071636199951172
9.511829376220703
9.3700590133667
12.93493366241455
10.73681926727295
3.528424024581909
4.386010646820068
1.7146551609039307
8.531471252441406