test data loss : 0.7896967530250549
test data accyracy : 0.6209999918937683

training history accuracy
0.5531250238418579
0.6677083373069763
0.7568749785423279
0.7795833349227905
0.8033333420753479
0.8393750190734863
0.8612499833106995
0.8991666436195374
0.9287499785423279
0.9445833563804626
0.9610416889190674
0.9789583086967468
0.9745833277702332
0.96854168176651
0.9733333587646484
0.981458306312561
0.98458331823349
0.9831249713897705
0.9900000095367432
0.9914583563804626
0.9852083325386047
0.987500011920929
0.9920833110809326
0.9927083253860474
0.9935416579246521
0.9850000143051147
0.9770833253860474
0.98458331823349
0.9950000047683716
0.997083306312561
0.9954166412353516
0.9922916889190674
0.9883333444595337
0.9889583587646484
0.9897916913032532
0.9954166412353516
0.9962499737739563
0.9945833086967468
0.9931250214576721
0.9887499809265137

training history val accuracy
0.5083333253860474
0.5083333253860474
0.5083333253860474
0.5083333253860474
0.5083333253860474
0.5083333253860474
0.5083333253860474
0.5083333253860474
0.5083333253860474
0.6399999856948853
0.6775000095367432
0.653333306312561
0.5625
0.5083333253860474
0.5091666579246521
0.5083333253860474
0.5083333253860474
0.4933333396911621
0.5141666531562805
0.5400000214576721
0.5083333253860474
0.6233333349227905
0.5083333253860474
0.5083333253860474
0.5091666579246521
0.6308333277702332
0.5299999713897705
0.5566666722297668
0.6141666769981384
0.6041666865348816
0.49166667461395264
0.5516666769981384
0.49166667461395264
0.5083333253860474
0.5375000238418579
0.5083333253860474
0.7266666889190674
0.5508333444595337
0.5649999976158142
0.5083333253860474

training history loss
0.7833030819892883
0.6083951592445374
0.5043703317642212
0.4698635935783386
0.42172306776046753
0.3605102300643921
0.32208260893821716
0.2479461133480072
0.1829902082681656
0.146478533744812
0.09798488765954971
0.06030064448714256
0.0690421387553215
0.08521784096956253
0.06952986121177673
0.05013049766421318
0.04413793236017227
0.04498554393649101
0.028300262987613678
0.02556242235004902
0.04137035086750984
0.03292642906308174
0.024228204041719437
0.02137216180562973
0.01896178349852562
0.042883407324552536
0.061010029166936874
0.04156794399023056
0.016721509397029877
0.009671387262642384
0.012589214369654655
0.02240159921348095
0.028849538415670395
0.029976746067404747
0.029740136116743088
0.018249845132231712
0.012383846566081047
0.01697826199233532
0.021101778373122215
0.03389919176697731

training history val loss
0.8097270131111145
7.2411651611328125
10.094985008239746
8.728743553161621
10.521588325500488
7.831643104553223
7.918134689331055
11.5914888381958
4.354487895965576
0.7705206274986267
0.7805842757225037
1.7202885150909424
2.1893532276153564
9.884503364562988
7.725756645202637
10.508116722106934
10.125930786132812
6.137735366821289
5.2362060546875
2.3147337436676025
11.261369705200195
1.9907283782958984
7.7520670890808105
6.6044602394104
6.802560806274414
1.6851764917373657
4.439702033996582
3.4259719848632812
2.3935911655426025
1.8343994617462158
8.54994010925293
2.995786428451538
13.431047439575195
7.2660651206970215
5.471520900726318
9.560894012451172
1.1672123670578003
4.483658790588379
3.519935369491577
11.711898803710938