test data loss : 1.1364576816558838
test data accyracy : 0.7129999995231628

training history accuracy
0.5385416746139526
0.6797916889190674
0.75
0.7766666412353516
0.7933333516120911
0.8268749713897705
0.8516666889190674
0.8981249928474426
0.9293749928474426
0.9470833539962769
0.9616666436195374
0.956458330154419
0.9712499976158142
0.9791666865348816
0.9889583587646484
0.9795833230018616
0.9822916388511658
0.9833333492279053
0.9870833158493042
0.9918749928474426
0.9908333420753479
0.9937499761581421
0.9935416579246521
0.9850000143051147
0.984375
0.9835416674613953
0.9904166460037231
0.9889583587646484
0.9914583563804626
0.9925000071525574
0.9904166460037231
0.9927083253860474
0.9887499809265137
0.9895833134651184
0.9906250238418579
0.9945833086967468
0.9933333396911621
0.9950000047683716
0.9914583563804626
0.9910416603088379
0.9914583563804626
0.9918749928474426
0.9908333420753479
0.9941666722297668
0.9960416555404663

training history val accuracy
0.5083333253860474
0.5083333253860474
0.5083333253860474
0.5083333253860474
0.5083333253860474
0.5083333253860474
0.5083333253860474
0.5083333253860474
0.5083333253860474
0.5299999713897705
0.5083333253860474
0.5525000095367432
0.528333306312561
0.5083333253860474
0.7241666913032532
0.5083333253860474
0.5083333253860474
0.5099999904632568
0.5083333253860474
0.5149999856948853
0.5575000047683716
0.5083333253860474
0.5083333253860474
0.5083333253860474
0.5083333253860474
0.5083333253860474
0.5208333134651184
0.5083333253860474
0.64083331823349
0.5133333206176758
0.6358333230018616
0.5083333253860474
0.5091666579246521
0.5083333253860474
0.5083333253860474
0.5083333253860474
0.5083333253860474
0.5083333253860474
0.5716666579246521
0.5666666626930237
0.5083333253860474
0.5083333253860474
0.5083333253860474
0.5083333253860474
0.5433333516120911

training history loss
0.7686708569526672
0.6020762920379639
0.5116612911224365
0.4711122214794159
0.43738916516304016
0.391446053981781
0.3356192111968994
0.2504454553127289
0.17308634519577026
0.13712644577026367
0.09965097904205322
0.10690630227327347
0.07854078710079193
0.0504944771528244
0.030414504930377007
0.05246601998806
0.04757658764719963
0.04475351795554161
0.03711555898189545
0.027406686916947365
0.029143568128347397
0.01930341310799122
0.018844082951545715
0.04196004942059517
0.04492517560720444
0.04932751506567001
0.02578190714120865
0.028136221691966057
0.024202298372983932
0.021336322650313377
0.02780982106924057
0.023423660546541214
0.03119189850986004
0.028295405209064484
0.025980932638049126
0.016621362417936325
0.01852053962647915
0.014343452639877796
0.020559359341859818
0.02558327279984951
0.024513166397809982
0.022814853116869926
0.02403334155678749
0.017003709450364113
0.01139017567038536

training history val loss
1.1915128231048584
2.9780819416046143
5.842039585113525
3.869309425354004
4.041062831878662
2.910142183303833
2.8623580932617188
9.64953327178955
13.990174293518066
3.065790891647339
9.333282470703125
3.006593704223633
5.61120080947876
7.859287738800049
1.109751582145691
5.4537506103515625
7.863321304321289
5.138387680053711
4.081399917602539
4.643872261047363
3.080170154571533
8.813252449035645
6.435664653778076
16.547903060913086
6.573663711547852
10.289213180541992
2.9858896732330322
10.119210243225098
1.7325929403305054
5.2776079177856445
1.816671371459961
7.296537399291992
5.245767593383789
10.836380004882812
9.72004222869873
12.472016334533691
6.962440013885498
10.080965042114258
3.197925567626953
2.402000665664673
13.206037521362305
16.313283920288086
7.179725646972656
13.733990669250488
5.089505195617676