test data loss : 0.9627830982208252
test data accyracy : 0.593999981880188

training history accuracy
0.5477083325386047
0.6829166412353516
0.7347916960716248
0.7768750190734863
0.7933333516120911
0.8147916793823242
0.8460416793823242
0.8852083086967468
0.9158333539962769
0.9420833587646484
0.9468749761581421
0.9591666460037231
0.9770833253860474
0.9797916412353516
0.9833333492279053
0.9820833206176758
0.9735416769981384
0.9806249737739563
0.9879166483879089
0.9860416650772095
0.9829166531562805
0.9904166460037231
0.9939583539962769
0.9879166483879089
0.9839583039283752
0.9829166531562805
0.9866666793823242
0.9883333444595337
0.9908333420753479
0.9825000166893005
0.9895833134651184
0.9939583539962769
0.9952083230018616
0.9950000047683716
0.9862499833106995
0.9827083349227905
0.9937499761581421
0.9956250190734863
0.9914583563804626
0.9947916865348816
0.996666669845581
0.9964583516120911

training history val accuracy
0.5083333253860474
0.5083333253860474
0.5083333253860474
0.5083333253860474
0.5083333253860474
0.5083333253860474
0.5083333253860474
0.5083333253860474
0.5083333253860474
0.5083333253860474
0.5091666579246521
0.6116666793823242
0.5083333253860474
0.5099999904632568
0.5091666579246521
0.6433333158493042
0.49166667461395264
0.5091666579246521
0.4925000071525574
0.5191666483879089
0.528333306312561
0.5083333253860474
0.6358333230018616
0.5083333253860474
0.565833330154419
0.5083333253860474
0.5083333253860474
0.5083333253860474
0.5091666579246521
0.5083333253860474
0.5083333253860474
0.5099999904632568
0.5091666579246521
0.6983333230018616
0.5108333230018616
0.5391666889190674
0.6791666746139526
0.5083333253860474
0.5083333253860474
0.5083333253860474
0.6474999785423279
0.6875

training history loss
0.7449449896812439
0.5991100072860718
0.526033878326416
0.4673725366592407
0.44055938720703125
0.3940686881542206
0.3577510416507721
0.27680501341819763
0.21596409380435944
0.15804071724414825
0.13427303731441498
0.10456214100122452
0.06820135563611984
0.05606592074036598
0.04372699558734894
0.04553475230932236
0.06599494069814682
0.052788201719522476
0.035496652126312256
0.03977777436375618
0.04522078111767769
0.02976074628531933
0.01845254749059677
0.03124922513961792
0.04047059267759323
0.04780689254403114
0.03555819392204285
0.031851887702941895
0.028337771072983742
0.048964232206344604
0.023433610796928406
0.018346000462770462
0.012042589485645294
0.015082118101418018
0.034045975655317307
0.04012638330459595
0.0213470458984375
0.012943485751748085
0.021454159170389175
0.01538901124149561
0.012628210708498955
0.009279253892600536

training history val loss
3.9989616870880127
7.513273239135742
14.978163719177246
15.873458862304688
11.438363075256348
14.55381965637207
18.499361038208008
14.140807151794434
5.170397758483887
5.971358776092529
6.104657173156738
1.038089394569397
18.375457763671875
4.312908172607422
7.890292167663574
1.1725754737854004
7.140359878540039
8.548380851745605
5.404201030731201
4.793822288513184
3.914246082305908
14.850564956665039
1.361728549003601
13.254501342773438
3.444361686706543
14.634102821350098
11.027824401855469
10.2716064453125
10.928065299987793
15.810079574584961
15.44088077545166
7.324461460113525
10.056593894958496
1.498683214187622
7.884009838104248
3.5489490032196045
1.6214901208877563
15.267169952392578
13.081218719482422
11.515716552734375
2.078732490539551
1.5832390785217285