test data loss : 0.9785611033439636
test data accyracy : 0.5

training history accuracy
0.5412499904632568
0.653333306312561
0.7406250238418579
0.7616666555404663
0.7918750047683716
0.8022916913032532
0.8270833492279053
0.8685416579246521
0.8879166841506958
0.9108333587646484
0.9412500262260437
0.96854168176651
0.9722916483879089
0.965416669845581
0.9785416722297668
0.9833333492279053
0.9760416746139526
0.98458331823349
0.9933333396911621
0.9920833110809326
0.9893749952316284
0.9825000166893005
0.9831249713897705
0.9850000143051147
0.9870833158493042
0.9945833086967468
0.9977083206176758
0.9941666722297668
0.9837499856948853
0.9831249713897705
0.9900000095367432

training history val accuracy
0.5083333253860474
0.5083333253860474
0.5083333253860474
0.5083333253860474
0.5083333253860474
0.5083333253860474
0.5083333253860474
0.5083333253860474
0.5083333253860474
0.5083333253860474
0.5099999904632568
0.5083333253860474
0.6050000190734863
0.49166667461395264
0.5083333253860474
0.6816666722297668
0.5266666412353516
0.5924999713897705
0.5383333563804626
0.5083333253860474
0.6941666603088379
0.6850000023841858
0.5083333253860474
0.5083333253860474
0.5849999785423279
0.5091666579246521
0.5083333253860474
0.5083333253860474
0.5083333253860474
0.5083333253860474
0.6133333444595337

training history loss
0.7551128268241882
0.6297940611839294
0.5348585247993469
0.4903925061225891
0.4589190185070038
0.4293142259120941
0.3838021457195282
0.3109951317310333
0.2615292966365814
0.22186462581157684
0.14941976964473724
0.08678280562162399
0.07429775595664978
0.0900244414806366
0.05754825100302696
0.04730851575732231
0.06216295063495636
0.043023087084293365
0.020208148285746574
0.021680587902665138
0.027435041964054108
0.05010664463043213
0.04910241439938545
0.04000074416399002
0.033828768879175186
0.015126843005418777
0.009465293027460575
0.01733831875026226
0.04349993169307709
0.04555525258183479
0.030979979783296585

training history val loss
0.9653725028038025
1.6236541271209717
3.810234308242798
6.524919033050537
6.3571696281433105
7.955355644226074
7.205212593078613
3.392195463180542
9.889256477355957
5.134576320648193
2.084016799926758
5.940152645111084
1.1113865375518799
10.4669828414917
10.867899894714355
1.3134772777557373
3.811077356338501
2.826864719390869
3.822324514389038
8.070409774780273
1.0494297742843628
1.446306824684143
8.556025505065918
15.499443054199219
2.9260635375976562
7.272408962249756
10.899566650390625
8.151313781738281
12.887927055358887
11.13878059387207
2.4245147705078125