test data loss : 1.2303187847137451
test data accyracy : 0.6840000152587891

training history accuracy
0.5518749952316284
0.6991666555404663
0.7408333420753479
0.7754166722297668
0.7975000143051147
0.8272916674613953
0.846666693687439
0.8891666531562805
0.9152083396911621
0.9416666626930237
0.9549999833106995
0.9702083468437195
0.9735416769981384
0.9697916507720947
0.9754166603088379
0.98458331823349
0.9856250286102295
0.9918749928474426
0.9862499833106995
0.9816666841506958
0.9831249713897705
0.9925000071525574
0.9908333420753479
0.987708330154419
0.9852083325386047
0.9897916913032532
0.9858333468437195
0.9906250238418579
0.9925000071525574
0.9920833110809326
0.9862499833106995
0.9852083325386047
0.9933333396911621
0.9912499785423279
0.9887499809265137
0.9943749904632568
0.997083306312561
0.9987499713897705
0.9960416555404663
0.9893749952316284
0.987500011920929

training history val accuracy
0.5083333253860474
0.5083333253860474
0.5083333253860474
0.5083333253860474
0.5083333253860474
0.5083333253860474
0.5083333253860474
0.5083333253860474
0.5083333253860474
0.5766666531562805
0.690833330154419
0.5008333325386047
0.49166667461395264
0.5141666531562805
0.5425000190734863
0.5133333206176758
0.5083333253860474
0.512499988079071
0.5083333253860474
0.559166669845581
0.512499988079071
0.5083333253860474
0.5241666436195374
0.5899999737739563
0.5083333253860474
0.5083333253860474
0.5083333253860474
0.6833333373069763
0.5091666579246521
0.6200000047683716
0.5083333253860474
0.5083333253860474
0.5083333253860474
0.5083333253860474
0.5308333039283752
0.512499988079071
0.5083333253860474
0.60916668176651
0.5083333253860474
0.5166666507720947
0.5116666555404663

training history loss
0.7825385928153992
0.5800811052322388
0.506578803062439
0.46981802582740784
0.42574623227119446
0.3818010985851288
0.35207951068878174
0.2704659700393677
0.20257654786109924
0.14890943467617035
0.11175098270177841
0.08000898361206055
0.06498768925666809
0.0830886960029602
0.06403261423110962
0.04172962158918381
0.03968619182705879
0.025053134188055992
0.03938813507556915
0.051796264946460724
0.04164675250649452
0.02439442276954651
0.022907715290784836
0.03212234005331993
0.042052920907735825
0.030686480924487114
0.04097076877951622
0.02469758875668049
0.02380870096385479
0.020873749628663063
0.035734064877033234
0.036002952605485916
0.021132031455636024
0.02683774009346962
0.030944833531975746
0.013773065991699696
0.008770820684731007
0.006036488339304924
0.009713034145534039
0.03405115008354187
0.037001922726631165

training history val loss
1.235028624534607
4.270217418670654
5.633225917816162
6.044129848480225
6.331713676452637
4.49624490737915
5.841434478759766
5.186120986938477
9.391944885253906
1.4316611289978027
1.1734819412231445
1.6573480367660522
7.306033611297607
4.058457851409912
2.0818169116973877
3.4317431449890137
4.424037456512451
3.999899387359619
7.640066146850586
3.774036169052124
5.297877311706543
7.287432670593262
5.558526992797852
2.41359543800354
9.260872840881348
6.553797721862793
6.237232208251953
1.572507381439209
6.039494037628174
2.1923341751098633
9.470050811767578
17.891321182250977
10.866308212280273
6.155209064483643
2.715766429901123
6.132983684539795
8.337963104248047
2.882909059524536
8.658103942871094
6.065089225769043
5.907926559448242