test data loss : 1.4045802354812622
test data accyracy : 0.625

training history accuracy
0.5249999761581421
0.6329166889190674
0.7389583587646484
0.7629166841506958
0.7829166650772095
0.79708331823349
0.8299999833106995
0.8483333587646484
0.8739583492279053
0.9222916960716248
0.934583306312561
0.9524999856948853
0.9602083563804626
0.9777083396911621
0.9725000262260437
0.9752083420753479
0.9783333539962769
0.987500011920929
0.9910416603088379
0.9831249713897705
0.9743750095367432
0.98416668176651
0.9925000071525574
0.9816666841506958
0.9908333420753479
0.9887499809265137
0.9914583563804626
0.9918749928474426
0.9852083325386047
0.9868749976158142
0.9902083277702332
0.9943749904632568
0.9908333420753479
0.9920833110809326
0.9918749928474426
0.9941666722297668
0.9927083253860474
0.9900000095367432
0.987291693687439
0.9891666769981384
0.9922916889190674
0.9945833086967468
0.9950000047683716
0.9964583516120911

training history val accuracy
0.5083333253860474
0.5083333253860474
0.5083333253860474
0.5083333253860474
0.5083333253860474
0.5083333253860474
0.5083333253860474
0.5083333253860474
0.5083333253860474
0.5083333253860474
0.5083333253860474
0.5083333253860474
0.5083333253860474
0.6575000286102295
0.5083333253860474
0.5083333253860474
0.5083333253860474
0.6775000095367432
0.6449999809265137
0.5883333086967468
0.5083333253860474
0.5083333253860474
0.5083333253860474
0.6441666483879089
0.5633333325386047
0.51583331823349
0.5116666555404663
0.49166667461395264
0.5083333253860474
0.6399999856948853
0.49166667461395264
0.5083333253860474
0.5525000095367432
0.5208333134651184
0.5099999904632568
0.5083333253860474
0.51583331823349
0.5083333253860474
0.5083333253860474
0.6083333492279053
0.5083333253860474
0.6658333539962769
0.7016666531562805
0.5366666913032532

training history loss
0.8095033764839172
0.6276676654815674
0.5305319428443909
0.4810480773448944
0.4518759250640869
0.4265327751636505
0.3831832706928253
0.33554717898368835
0.29208946228027344
0.19449900090694427
0.16438867151737213
0.12784351408481598
0.10138101875782013
0.06013699993491173
0.07433244585990906
0.06912695616483688
0.057891253381967545
0.03717048838734627
0.025915078818798065
0.042495451867580414
0.06792786717414856
0.04097921401262283
0.02292887680232525
0.044946812093257904
0.02727184258401394
0.029934778809547424
0.02367069385945797
0.024168826639652252
0.03360448777675629
0.03405819460749626
0.029186490923166275
0.019793972373008728
0.025000130757689476
0.02528420276939869
0.0226709246635437
0.015025202184915543
0.02111954055726528
0.027498316019773483
0.03438357636332512
0.029372643679380417
0.022734303027391434
0.01575276628136635
0.011959112249314785
0.010650518350303173

training history val loss
2.2324554920196533
5.695258617401123
8.075779914855957
8.237598419189453
8.165964126586914
6.124024391174316
5.1264190673828125
8.19320011138916
3.1612374782562256
3.7455265522003174
1.4768362045288086
5.901431083679199
13.659018516540527
1.3061881065368652
9.50217342376709
18.722694396972656
14.813400268554688
1.3791923522949219
1.4396919012069702
2.0270259380340576
5.036323070526123
13.225967407226562
10.54506778717041
2.134288787841797
4.2598724365234375
5.720457077026367
6.277170181274414
9.197650909423828
8.929397583007812
1.9088397026062012
10.648200035095215
9.820387840270996
3.124394178390503
5.258527755737305
8.599186897277832
8.625526428222656
7.012394428253174
9.203457832336426
7.599957466125488
2.9760427474975586
9.303179740905762
1.854285478591919
1.6762242317199707
4.712486743927002