test data loss : 0.84468013048172
test data accyracy : 0.5

training history accuracy
0.5299999713897705
0.59375
0.7068750262260437
0.7541666626930237
0.7787500023841858
0.7993749976158142
0.824999988079071
0.84354168176651
0.8754166960716248
0.9072916507720947
0.9258333444595337
0.9491666555404663
0.965833306312561
0.9762499928474426
0.9737499952316284
0.9777083396911621
0.9795833230018616
0.9833333492279053
0.9837499856948853
0.9762499928474426
0.9806249737739563
0.9902083277702332
0.9952083230018616
0.9958333373069763
0.9927083253860474
0.9835416674613953
0.9822916388511658
0.9868749976158142
0.9937499761581421
0.9939583539962769
0.9922916889190674

training history val accuracy
0.5083333253860474
0.5083333253860474
0.5083333253860474
0.5083333253860474
0.5083333253860474
0.5083333253860474
0.5083333253860474
0.5083333253860474
0.5083333253860474
0.4933333396911621
0.5083333253860474
0.5441666841506958
0.49166667461395264
0.6391666531562805
0.49166667461395264
0.4925000071525574
0.5258333086967468
0.5083333253860474
0.5083333253860474
0.5233333110809326
0.512499988079071
0.5083333253860474
0.5091666579246521
0.5083333253860474
0.5224999785423279
0.5116666555404663
0.5083333253860474
0.5491666793823242
0.6816666722297668
0.49166667461395264
0.5083333253860474

training history loss
0.7425323724746704
0.6636766195297241
0.5670716762542725
0.5009052157402039
0.47294336557388306
0.4367048740386963
0.3888278305530548
0.3538283407688141
0.2938569486141205
0.2310163676738739
0.18118689954280853
0.13557790219783783
0.09035558253526688
0.0642196387052536
0.06966771185398102
0.059921786189079285
0.05182074010372162
0.047367990016937256
0.04312417283654213
0.06371396034955978
0.051126450300216675
0.028392773121595383
0.017996888607740402
0.011641373857855797
0.020565874874591827
0.04709162563085556
0.04895066097378731
0.038911983370780945
0.018757298588752747
0.0183933824300766
0.025721365585923195

training history val loss
0.8352790474891663
1.2238062620162964
3.748063564300537
8.378741264343262
9.336174011230469
8.954914093017578
10.095399856567383
10.806478500366211
7.293133735656738
2.7983345985412598
3.3729872703552246
2.610377073287964
19.465595245361328
1.4923820495605469
9.605238914489746
6.5996599197387695
6.830550193786621
9.24377727508545
9.437453269958496
4.600481033325195
6.312484264373779
10.571687698364258
7.1556267738342285
7.453795433044434
3.8594532012939453
6.059296131134033
13.136686325073242
3.2093489170074463
1.213805913925171
14.6753511428833
10.567700386047363