test data loss : 0.5651494860649109
test data accyracy : 0.8379999995231628

training history accuracy
0.7293750047683716
0.8366666436195374
0.8631250262260437
0.8681250214576721
0.887708306312561
0.9077083468437195
0.9143750071525574
0.9272916913032532
0.9414583444595337
0.9652083516120911
0.9633333086967468
0.981249988079071
0.9820833206176758
0.9835416674613953
0.9808333516120911
0.9837499856948853
0.9950000047683716
0.9916666746139526
0.9866666793823242
0.9852083325386047
0.9931250214576721
0.9910416603088379
0.9870833158493042
0.9879166483879089
0.9906250238418579
0.9950000047683716
0.9960416555404663
0.9958333373069763
0.9937499761581421
0.9879166483879089
0.9918749928474426
0.9925000071525574
0.9931250214576721
0.9900000095367432
0.9937499761581421
0.9947916865348816
0.9972916841506958
0.9943749904632568
0.9908333420753479
0.9950000047683716
0.9950000047683716
0.9956250190734863
0.9945833086967468

training history val accuracy
0.5083333253860474
0.5083333253860474
0.5083333253860474
0.5083333253860474
0.5083333253860474
0.5083333253860474
0.5083333253860474
0.5083333253860474
0.5083333253860474
0.574999988079071
0.512499988079071
0.49416667222976685
0.840833306312561
0.550000011920929
0.49166667461395264
0.5083333253860474
0.8191666603088379
0.49166667461395264
0.5066666603088379
0.5866666436195374
0.5091666579246521
0.5083333253860474
0.5083333253860474
0.5133333206176758
0.5083333253860474
0.5108333230018616
0.7074999809265137
0.512499988079071
0.5091666579246521
0.5083333253860474
0.8324999809265137
0.6000000238418579
0.51583331823349
0.5866666436195374
0.5083333253860474
0.5916666388511658
0.5450000166893005
0.8308333158493042
0.5916666388511658
0.5083333253860474
0.5616666674613953
0.5083333253860474
0.6041666865348816

training history loss
0.554120659828186
0.3743342459201813
0.3273519277572632
0.308569073677063
0.2713473439216614
0.23628270626068115
0.2124846875667572
0.18213559687137604
0.14740324020385742
0.0934046134352684
0.09532357007265091
0.05489098280668259
0.04752208665013313
0.0443669892847538
0.05713667720556259
0.04798131436109543
0.018016159534454346
0.02579650655388832
0.03553495556116104
0.040788546204566956
0.0197807177901268
0.022717835381627083
0.03346832096576691
0.032700177282094955
0.02638617716729641
0.01802016608417034
0.011717035435140133
0.009976189583539963
0.01643749326467514
0.03650417923927307
0.022545022889971733
0.025256222113966942
0.01831097900867462
0.0269722081720829
0.016902117058634758
0.012998253107070923
0.006944154854863882
0.01537135150283575
0.025064680725336075
0.013698482885956764
0.01682407595217228
0.012921778485178947
0.014103458262979984

training history val loss
6.003931045532227
8.546276092529297
8.995230674743652
8.992670059204102
7.896721363067627
9.825430870056152
11.557807922363281
8.654131889343262
5.402464389801025
1.6999776363372803
3.213723659515381
3.8633508682250977
0.5621548295021057
3.7759456634521484
8.266695022583008
7.247818946838379
0.6224669814109802
5.316222667694092
3.588707208633423
2.4310965538024902
7.527571678161621
10.620268821716309
8.376158714294434
4.100659370422363
10.793905258178711
5.553025245666504
1.5423266887664795
5.412608623504639
6.108269214630127
14.83845043182373
0.5734739899635315
2.8771541118621826
3.635010242462158
2.5611135959625244
6.15037727355957
2.990725517272949
3.636643409729004
0.6414431929588318
2.8154654502868652
10.679256439208984
3.3174686431884766
5.943779468536377
2.33423113822937