test data loss : 0.5485246181488037
test data accyracy : 0.8320000171661377

training history accuracy
0.6885416507720947
0.8397916555404663
0.8610416650772095
0.8787500262260437
0.8897916674613953
0.9058333039283752
0.9152083396911621
0.934166669845581
0.9572916626930237
0.9700000286102295
0.9697916507720947
0.9850000143051147
0.9847916960716248
0.9781249761581421
0.9818750023841858
0.9893749952316284
0.9935416579246521
0.9929166436195374
0.9850000143051147
0.9839583039283752
0.9916666746139526
0.987291693687439
0.9922916889190674
0.9947916865348816
0.9929166436195374
0.9858333468437195
0.996666669845581
0.9902083277702332
0.9912499785423279
0.9939583539962769
0.9960416555404663
0.9960416555404663
0.9962499737739563
0.9945833086967468
0.9895833134651184
0.9972916841506958
0.9929166436195374
0.9929166436195374
0.9922916889190674
0.9950000047683716
0.9958333373069763
0.996874988079071
0.9947916865348816
0.9956250190734863
0.9933333396911621
0.9922916889190674
0.9935416579246521
0.9954166412353516
0.9960416555404663

training history val accuracy
0.5083333253860474
0.5083333253860474
0.5083333253860474
0.5083333253860474
0.5083333253860474
0.5083333253860474
0.5083333253860474
0.5083333253860474
0.6016666889190674
0.5083333253860474
0.5083333253860474
0.5241666436195374
0.5083333253860474
0.5058333277702332
0.5149999856948853
0.6966666579246521
0.49416667222976685
0.528333306312561
0.8324999809265137
0.5099999904632568
0.5441666841506958
0.5083333253860474
0.5108333230018616
0.7208333611488342
0.6866666674613953
0.5108333230018616
0.7191666960716248
0.5183333158493042
0.5083333253860474
0.512499988079071
0.7391666769981384
0.5774999856948853
0.637499988079071
0.5091666579246521
0.51583331823349
0.5091666579246521
0.6191666722297668
0.7641666531562805
0.5191666483879089
0.5208333134651184
0.8166666626930237
0.5633333325386047
0.8066666722297668
0.5258333086967468
0.7916666865348816
0.8308333158493042
0.550000011920929
0.5083333253860474
0.5083333253860474

training history loss
0.6375328898429871
0.3726674020290375
0.326948881149292
0.29869136214256287
0.26765814423561096
0.2377639263868332
0.19807037711143494
0.15891383588314056
0.11205973476171494
0.08109759539365768
0.079462431371212
0.04614664986729622
0.043997302651405334
0.055756863206624985
0.046817272901535034
0.02781987190246582
0.021572072058916092
0.022558124735951424
0.037834350019693375
0.04347263649106026
0.02207036316394806
0.03403094783425331
0.020667871460318565
0.01635780744254589
0.018556397408246994
0.039038658142089844
0.013242289423942566
0.027093252167105675
0.022732991725206375
0.019358377903699875
0.013668242841959
0.013046578504145145
0.01081335823982954
0.015316572040319443
0.028872592374682426
0.010334134101867676
0.0189067255705595
0.022531120106577873
0.019716104492545128
0.013628566637635231
0.013406233862042427
0.008795726113021374
0.014110731892287731
0.014730008319020271
0.019011398777365685
0.026436952874064445
0.01651647500693798
0.011747019365429878
0.012362297624349594

training history val loss
7.788766384124756
9.677459716796875
7.757364273071289
10.283977508544922
9.706684112548828
9.059524536132812
8.436354637145996
11.217588424682617
1.0908881425857544
11.118422508239746
5.345760345458984
3.545790195465088
5.669817924499512
2.329744577407837
4.7371625900268555
1.2953439950942993
4.46353006362915
3.8125553131103516
0.5405367016792297
6.720655918121338
3.5319108963012695
6.02727746963501
6.715001583099365
1.272489309310913
1.9108353853225708
5.492862224578857
1.4063061475753784
3.605839729309082
9.961952209472656
4.893301486968994
0.9299817085266113
3.1653554439544678
1.8752044439315796
7.6565070152282715
6.841991424560547
8.604532241821289
2.805405855178833
0.7493818402290344
4.573085308074951
5.907310485839844
0.6695755124092102
3.3816978931427
0.6692310571670532
5.290211200714111
0.7033265233039856
0.7660045027732849
3.1152379512786865
11.179764747619629
8.867700576782227