test data loss : 0.6221458911895752
test data accyracy : 0.8379999995231628

training history accuracy
0.7408333420753479
0.8458333611488342
0.856041669845581
0.8702083230018616
0.8866666555404663
0.8945833444595337
0.9022916555404663
0.9291666746139526
0.940416693687439
0.9549999833106995
0.9735416769981384
0.9770833253860474
0.9735416769981384
0.9760416746139526
0.9779166579246521
0.9847916960716248
0.9900000095367432
0.9827083349227905
0.9910416603088379
0.997083306312561
0.996666669845581
0.9925000071525574
0.9900000095367432
0.9800000190734863
0.9904166460037231
0.9954166412353516
0.9943749904632568
0.9956250190734863
0.987291693687439
0.9935416579246521
0.997083306312561
0.9927083253860474
0.9881250262260437
0.9952083230018616
0.996874988079071
0.9906250238418579
0.9929166436195374
0.9945833086967468
0.9945833086967468
0.9977083206176758
0.9954166412353516
0.9912499785423279

training history val accuracy
0.5083333253860474
0.5083333253860474
0.5083333253860474
0.5083333253860474
0.5083333253860474
0.5083333253860474
0.5083333253860474
0.5083333253860474
0.5083333253860474
0.5358333587646484
0.5099999904632568
0.8349999785423279
0.5083333253860474
0.5108333230018616
0.51583331823349
0.5099999904632568
0.5133333206176758
0.5083333253860474
0.5083333253860474
0.5325000286102295
0.590833306312561
0.5416666865348816
0.5083333253860474
0.5458333492279053
0.6733333468437195
0.7074999809265137
0.7941666841506958
0.8433333039283752
0.5224999785423279
0.8083333373069763
0.5208333134651184
0.5083333253860474
0.5375000238418579
0.5108333230018616
0.7391666769981384
0.5924999713897705
0.5083333253860474
0.653333306312561
0.5325000286102295
0.8583333492279053
0.5083333253860474
0.5091666579246521

training history loss
0.5527704358100891
0.37212878465652466
0.3402649164199829
0.3162271976470947
0.2758781313896179
0.25033336877822876
0.2338917851448059
0.17628036439418793
0.14816918969154358
0.12146317958831787
0.07807844132184982
0.0642193928360939
0.06729614734649658
0.06220825016498566
0.05639485642313957
0.04308721423149109
0.02729346975684166
0.04615283012390137
0.029402485117316246
0.010653387755155563
0.011228008195757866
0.02214779146015644
0.023918936029076576
0.05316935479640961
0.028990035876631737
0.014933574944734573
0.01802152395248413
0.011087741702795029
0.03384827449917793
0.020221130922436714
0.009455814026296139
0.018808836117386818
0.030979489907622337
0.015906311571598053
0.010445797815918922
0.02446783520281315
0.019034862518310547
0.018064308911561966
0.014761948958039284
0.008713345043361187
0.010585200041532516
0.021403992548584938

training history val loss
7.012749195098877
7.829810619354248
7.613996505737305
8.03647232055664
8.333202362060547
8.622604370117188
6.785797595977783
9.401193618774414
10.089654922485352
4.413814067840576
4.771553039550781
0.6514043807983398
8.5128812789917
5.231812000274658
3.0067172050476074
6.59353494644165
7.205478668212891
6.432600498199463
7.932241916656494
3.7616231441497803
3.100252628326416
2.8685550689697266
10.366666793823242
3.539377450942993
1.6502575874328613
1.4916430711746216
0.9387755393981934
0.761908233165741
3.776932716369629
0.800574779510498
4.3337907791137695
7.320784568786621
4.322351932525635
7.695829391479492
0.8971067070960999
3.565720319747925
10.623502731323242
2.136890411376953
4.564441680908203
0.6565834283828735
7.975057125091553
6.629406929016113