test data loss : 0.5080326199531555
test data accyracy : 0.8519999980926514

training history accuracy
0.7245833277702332
0.8387500047683716
0.8531249761581421
0.8712499737739563
0.8902083039283752
0.903124988079071
0.9204166531562805
0.934374988079071
0.9545833468437195
0.9664583206176758
0.9693750143051147
0.9833333492279053
0.9825000166893005
0.9750000238418579
0.9816666841506958
0.9879166483879089
0.9908333420753479
0.9925000071525574
0.9925000071525574
0.9883333444595337
0.987291693687439
0.9937499761581421
0.9977083206176758
0.9837499856948853
0.9858333468437195
0.9897916913032532
0.9929166436195374
0.9989583492279053
0.9981250166893005
0.9975000023841858
0.9918749928474426
0.981458306312561
0.9922916889190674
0.9935416579246521
0.9943749904632568
0.9964583516120911
0.9962499737739563
0.9920833110809326
0.9895833134651184
0.9952083230018616
0.9947916865348816
0.987708330154419
0.9975000023841858
0.9985416531562805
0.9989583492279053
0.996874988079071
0.997083306312561
0.9954166412353516
0.9935416579246521
0.9931250214576721
0.9918749928474426
0.9972916841506958
0.9943749904632568
0.9952083230018616
0.9958333373069763
0.9891666769981384
0.9964583516120911
0.9981250166893005

training history val accuracy
0.5083333253860474
0.5083333253860474
0.5083333253860474
0.5083333253860474
0.5083333253860474
0.5083333253860474
0.5083333253860474
0.5083333253860474
0.5099999904632568
0.5116666555404663
0.6825000047683716
0.5083333253860474
0.49166667461395264
0.6233333349227905
0.70333331823349
0.5733333230018616
0.5133333206176758
0.8324999809265137
0.6066666841506958
0.550000011920929
0.5099999904632568
0.5191666483879089
0.5308333039283752
0.5683333277702332
0.49166667461395264
0.5575000047683716
0.5083333253860474
0.8349999785423279
0.6608333587646484
0.7574999928474426
0.5083333253860474
0.5083333253860474
0.7124999761581421
0.8416666388511658
0.5099999904632568
0.7983333468437195
0.5774999856948853
0.7524999976158142
0.5091666579246521
0.5483333468437195
0.5083333253860474
0.5133333206176758
0.5316666960716248
0.5083333253860474
0.5475000143051147
0.5208333134651184
0.5083333253860474
0.5699999928474426
0.5083333253860474
0.5824999809265137
0.5975000262260437
0.512499988079071
0.5083333253860474
0.5450000166893005
0.6641666889190674
0.809166669845581
0.6516666412353516
0.8566666841506958

training history loss
0.5936017632484436
0.3795841336250305
0.33923470973968506
0.31664296984672546
0.2745693325996399
0.24505971372127533
0.2004823237657547
0.1654593050479889
0.11977489292621613
0.08728666603565216
0.08110768347978592
0.04787036404013634
0.048688508570194244
0.06491567939519882
0.05090748891234398
0.03156467527151108
0.022441430017352104
0.02303268387913704
0.021870797500014305
0.029986238107085228
0.03396088629961014
0.02134280651807785
0.008439278230071068
0.04043581709265709
0.03677459806203842
0.025559712201356888
0.01844806969165802
0.004555475898087025
0.005733361467719078
0.008996641263365746
0.025099029764533043
0.05245942249894142
0.023636164143681526
0.018263867124915123
0.014725131914019585
0.011370045132935047
0.012440976686775684
0.02141447365283966
0.02590126171708107
0.013133147731423378
0.014290953055024147
0.03958174213767052
0.007686890661716461
0.00485804071649909
0.004159373696893454
0.007421606220304966
0.010340040549635887
0.01448090746998787
0.017265480011701584
0.02156877890229225
0.021513890475034714
0.008104776963591576
0.017056668177247047
0.012995133176445961
0.009687713347375393
0.029401080682873726
0.010756307281553745
0.007014118134975433

training history val loss
9.048293113708496
10.795823097229004
7.68947172164917
8.12866497039795
7.230694770812988
8.15769100189209
7.790914058685303
10.264083862304688
3.3548617362976074
3.449492931365967
0.6873734593391418
12.219243049621582
5.797211170196533
2.203815221786499
1.2251912355422974
2.879619836807251
3.4391117095947266
0.6811286211013794
2.1881582736968994
2.9790854454040527
7.187199115753174
3.516580104827881
3.7997896671295166
3.7232625484466553
6.359434604644775
3.0954058170318604
11.070363998413086
0.5667984485626221
2.0340402126312256
0.9827520847320557
12.680262565612793
8.632905006408691
1.2903238534927368
0.581570029258728
8.733119010925293
0.8397423028945923
2.830375909805298
1.407399296760559
9.86073112487793
3.7054200172424316
12.13155460357666
7.257802963256836
4.51544713973999
8.132472038269043
4.369263172149658
5.962824821472168
9.581367492675781
3.9190542697906494
13.34852409362793
3.9021658897399902
3.4549763202667236
9.307038307189941
14.161256790161133
4.527939319610596
2.962601900100708
0.793900728225708
2.283524513244629
0.7007638812065125