test data loss : 0.561625599861145
test data accyracy : 0.7990000247955322

training history accuracy
0.6956250071525574
0.831458330154419
0.8654166460037231
0.8810416460037231
0.9006249904632568
0.918958306312561
0.9222916960716248
0.9447916746139526
0.9516666531562805
0.9747916460037231
0.9745833277702332
0.9775000214576721
0.9777083396911621
0.9804166555404663
0.9889583587646484
0.9906250238418579
0.9839583039283752
0.9860416650772095
0.9856250286102295
0.9939583539962769
0.9956250190734863
0.9864583611488342
0.9808333516120911
0.9893749952316284
0.9962499737739563
0.9950000047683716
0.9889583587646484
0.996874988079071
0.9879166483879089
0.9931250214576721
0.9956250190734863
0.9935416579246521
0.9943749904632568
0.9925000071525574
0.9883333444595337
0.9962499737739563
0.9947916865348816
0.9931250214576721
0.9950000047683716
0.9931250214576721
0.9960416555404663
0.9979166388511658
0.9947916865348816
0.9914583563804626
0.9910416603088379
0.9939583539962769
0.9950000047683716
0.9945833086967468
0.9979166388511658
0.9931250214576721
0.996874988079071
0.9987499713897705
0.9931250214576721
0.9939583539962769
0.9950000047683716
0.9958333373069763
0.9956250190734863
0.996666669845581
0.9952083230018616
0.996666669845581
0.9972916841506958

training history val accuracy
0.5083333253860474
0.5083333253860474
0.5083333253860474
0.5083333253860474
0.5083333253860474
0.5083333253860474
0.5083333253860474
0.5083333253860474
0.5083333253860474
0.5083333253860474
0.49166667461395264
0.5083333253860474
0.5433333516120911
0.49166667461395264
0.5008333325386047
0.5224999785423279
0.5083333253860474
0.7475000023841858
0.5083333253860474
0.7200000286102295
0.6625000238418579
0.5083333253860474
0.5058333277702332
0.8324999809265137
0.5074999928474426
0.6650000214576721
0.5083333253860474
0.7049999833106995
0.8416666388511658
0.5083333253860474
0.7991666793823242
0.6066666841506958
0.70333331823349
0.5083333253860474
0.8316666483879089
0.7566666603088379
0.5091666579246521
0.5083333253860474
0.8033333420753479
0.5083333253860474
0.5516666769981384
0.5116666555404663
0.57833331823349
0.512499988079071
0.7566666603088379
0.6016666889190674
0.5083333253860474
0.6650000214576721
0.5383333563804626
0.49166667461395264
0.5083333253860474
0.5083333253860474
0.6941666603088379
0.637499988079071
0.5083333253860474
0.8100000023841858
0.5083333253860474
0.5091666579246521
0.5083333253860474
0.8274999856948853
0.7766666412353516

training history loss
0.6251920461654663
0.3878813087940216
0.3282155692577362
0.2934189438819885
0.25081756711006165
0.2138640284538269
0.19632482528686523
0.14067187905311584
0.118657685816288
0.07080046087503433
0.06232617795467377
0.05534486100077629
0.055699896067380905
0.05395011231303215
0.030602270737290382
0.02839135192334652
0.04364323988556862
0.034336335957050323
0.03873665630817413
0.016777098178863525
0.01568385399878025
0.03520740196108818
0.05320344865322113
0.02904691733419895
0.01335185393691063
0.015877459198236465
0.030453592538833618
0.010935313999652863
0.030473843216896057
0.023610489442944527
0.01413462683558464
0.017072923481464386
0.012707531452178955
0.020492514595389366
0.03190966695547104
0.01246784720569849
0.013684920966625214
0.01874646730720997
0.015497175976634026
0.01981116645038128
0.012976241298019886
0.006540678907185793
0.015015757642686367
0.024518564343452454
0.026004137471318245
0.016713418066501617
0.01297753769904375
0.015191901475191116
0.007662289310246706
0.01877032220363617
0.011434630490839481
0.005044104531407356
0.016136590391397476
0.017186596989631653
0.011723862960934639
0.012915706261992455
0.012439707294106483
0.009092049673199654
0.011929156258702278
0.01471327431499958
0.007208868861198425

training history val loss
5.258693218231201
7.2874908447265625
7.788660526275635
8.037118911743164
9.49964714050293
7.541160583496094
8.656089782714844
10.520346641540527
8.075270652770996
5.910177230834961
5.173569202423096
5.51271915435791
2.9286186695098877
11.438146591186523
3.7030398845672607
5.174874305725098
11.846116065979004
1.2228156328201294
8.588332176208496
0.9302346706390381
1.8242844343185425
12.36455249786377
4.012992858886719
0.6314928531646729
4.083848476409912
1.7693040370941162
17.990205764770508
1.4423277378082275
0.7138345241546631
11.466324806213379
0.5871015787124634
2.9054462909698486
1.2627164125442505
10.901350021362305
0.7731611132621765
0.9311814308166504
6.054098606109619
10.900954246520996
0.6244732737541199
9.923542022705078
4.508086681365967
6.634373188018799
2.509798526763916
6.214493274688721
1.3704097270965576
2.378662347793579
10.578598022460938
1.7884366512298584
4.647356033325195
10.652937889099121
12.946556091308594
7.796095371246338
1.7955788373947144
1.906806468963623
10.328169822692871
1.2291682958602905
15.659381866455078
10.341085433959961
21.553428649902344
0.8978793621063232
0.9719776511192322