test data loss : 0.4426059424877167
test data accyracy : 0.8629999756813049

training history accuracy
0.7364583611488342
0.84395831823349
0.8545833230018616
0.8733333349227905
0.8860416412353516
0.909375011920929
0.9160416722297668
0.9256250262260437
0.9370833039283752
0.9610416889190674
0.9579166769981384
0.9704166650772095
0.9800000190734863
0.9800000190734863
0.981249988079071
0.9918749928474426
0.9920833110809326
0.9816666841506958
0.9893749952316284
0.9916666746139526
0.9822916388511658
0.9891666769981384
0.9931250214576721
0.9937499761581421
0.9964583516120911
0.9918749928474426
0.9906250238418579
0.9885416626930237
0.9945833086967468
0.996666669845581
0.9954166412353516
0.9864583611488342
0.9870833158493042
0.9929166436195374
0.9977083206176758
0.9983333349227905
0.9954166412353516
0.9960416555404663
0.9904166460037231
0.9939583539962769
0.9983333349227905
0.9972916841506958
0.9939583539962769
0.9943749904632568
0.9939583539962769
0.9918749928474426
0.9954166412353516

training history val accuracy
0.5083333253860474
0.5083333253860474
0.5083333253860474
0.5083333253860474
0.5083333253860474
0.5083333253860474
0.5083333253860474
0.5083333253860474
0.5083333253860474
0.6458333134651184
0.5741666555404663
0.5408333539962769
0.5233333110809326
0.49166667461395264
0.5083333253860474
0.840833306312561
0.878333330154419
0.5899999737739563
0.6625000238418579
0.5083333253860474
0.5024999976158142
0.778333306312561
0.5083333253860474
0.512499988079071
0.6100000143051147
0.7574999928474426
0.5216666460037231
0.5133333206176758
0.7858333587646484
0.5083333253860474
0.6391666531562805
0.5083333253860474
0.7491666674613953
0.7325000166893005
0.8500000238418579
0.8475000262260437
0.5183333158493042
0.8383333086967468
0.8341666460037231
0.5366666913032532
0.5558333396911621
0.8008333444595337
0.5108333230018616
0.5391666889190674
0.5183333158493042
0.8725000023841858
0.871666669845581

training history loss
0.5606958866119385
0.36858904361724854
0.3339272439479828
0.30910801887512207
0.2673933207988739
0.24075976014137268
0.20795518159866333
0.18510720133781433
0.16160598397254944
0.10390497744083405
0.10824275761842728
0.0836806669831276
0.05532989650964737
0.056171517819166183
0.04776345565915108
0.024724135175347328
0.021920381113886833
0.04938255995512009
0.030425598844885826
0.024133440107107162
0.04693778231739998
0.03524355962872505
0.019525427371263504
0.019027361646294594
0.01203810703009367
0.019130952656269073
0.02863963507115841
0.03471876308321953
0.015829699113965034
0.01046652439981699
0.01281565148383379
0.03267146274447441
0.03248274698853493
0.02087966352701187
0.009087808430194855
0.007808438967913389
0.013769694603979588
0.011509456671774387
0.0267617329955101
0.017669113352894783
0.007260746322572231
0.008824151009321213
0.017592405900359154
0.014347214251756668
0.018400436267256737
0.021675175055861473
0.011110002174973488

training history val loss
10.858927726745605
10.57986831665039
9.970454216003418
11.737850189208984
9.904699325561523
9.214078903198242
10.861685752868652
10.08147144317627
3.987764596939087
1.1639254093170166
1.8092881441116333
3.5908894538879395
2.1881179809570312
6.616021156311035
6.681196212768555
0.5119479298591614
0.42162108421325684
2.3138058185577393
1.3735209703445435
6.601407527923584
5.504176139831543
0.4929773509502411
4.447302341461182
4.687528610229492
1.7808760404586792
0.8368552923202515
4.134926795959473
6.752209663391113
0.8526164293289185
7.134420394897461
2.0562522411346436
14.1522855758667
1.008354663848877
1.5137124061584473
0.4404691159725189
0.47165873646736145
4.991333484649658
0.5928218960762024
0.6519104242324829
4.5993757247924805
3.487717390060425
1.0049396753311157
6.4120049476623535
3.9034903049468994
9.856868743896484
0.7258878946304321
0.46544647216796875