test data loss : 0.5481086373329163
test data accyracy : 0.8399999737739563

training history accuracy
0.7483333349227905
0.8429166674613953
0.8633333444595337
0.8841666579246521
0.8987500071525574
0.9141666889190674
0.9354166388511658
0.9493749737739563
0.9683333039283752
0.9704166650772095
0.9725000262260437
0.9837499856948853
0.9862499833106995
0.98416668176651
0.9781249761581421
0.9889583587646484
0.9920833110809326
0.9897916913032532
0.9850000143051147
0.9881250262260437
0.9906250238418579
0.9939583539962769
0.9933333396911621
0.9864583611488342
0.9920833110809326
0.9912499785423279
0.9902083277702332
0.9856250286102295
0.9933333396911621
0.9977083206176758
0.9964583516120911
0.997083306312561
0.9914583563804626
0.9927083253860474
0.9931250214576721
0.9937499761581421
0.9945833086967468
0.9935416579246521
0.9856250286102295
0.997083306312561
0.9993749856948853
0.997083306312561
0.9868749976158142
0.9918749928474426
0.9954166412353516
0.9964583516120911
0.9952083230018616
0.9945833086967468
0.9962499737739563
0.9972916841506958
0.9987499713897705
0.9952083230018616
0.9929166436195374
0.9941666722297668
0.9933333396911621
0.9918749928474426
0.9962499737739563
0.9962499737739563
0.9991666674613953
0.9985416531562805
0.9975000023841858
0.9943749904632568
0.9933333396911621
0.9960416555404663
0.9941666722297668
0.9918749928474426
0.996666669845581
0.9962499737739563
0.9981250166893005
0.99979168176651

training history val accuracy
0.5083333253860474
0.5083333253860474
0.5083333253860474
0.5083333253860474
0.5083333253860474
0.5083333253860474
0.5083333253860474
0.5083333253860474
0.5083333253860474
0.5083333253860474
0.5441666841506958
0.5083333253860474
0.6383333206176758
0.5091666579246521
0.5141666531562805
0.6366666555404663
0.528333306312561
0.6708333492279053
0.7008333206176758
0.5091666579246521
0.5575000047683716
0.5199999809265137
0.7716666460037231
0.5083333253860474
0.67166668176651
0.5083333253860474
0.6324999928474426
0.5083333253860474
0.559166669845581
0.6958333253860474
0.57833331823349
0.5441666841506958
0.5916666388511658
0.5724999904632568
0.8508333563804626
0.5083333253860474
0.5083333253860474
0.51583331823349
0.5083333253860474
0.8475000262260437
0.8041666746139526
0.5083333253860474
0.5083333253860474
0.8508333563804626
0.5166666507720947
0.5450000166893005
0.5091666579246521
0.5099999904632568
0.5174999833106995
0.5508333444595337
0.5383333563804626
0.5116666555404663
0.5083333253860474
0.6974999904632568
0.5133333206176758
0.5091666579246521
0.6941666603088379
0.5416666865348816
0.6441666483879089
0.6491666436195374
0.5325000286102295
0.5091666579246521
0.7233333587646484
0.5425000190734863
0.7791666388511658
0.5174999833106995
0.7258333563804626
0.5416666865348816
0.82833331823349
0.8208333253860474

training history loss
0.5757741928100586
0.35819685459136963
0.3235218822956085
0.282896488904953
0.24782238900661469
0.2108008712530136
0.16689836978912354
0.1338098794221878
0.0911821573972702
0.07815840095281601
0.06987237930297852
0.04684698209166527
0.03891531378030777
0.04437980055809021
0.05611589550971985
0.031007636338472366
0.021946357563138008
0.02735266648232937
0.04383908212184906
0.03423260524868965
0.028800299391150475
0.01911495439708233
0.01892184466123581
0.0357552133500576
0.02251329831779003
0.023739492520689964
0.026503436267375946
0.040295157581567764
0.02180420607328415
0.008098012767732143
0.01010544877499342
0.009493833407759666
0.023865079507231712
0.019209586083889008
0.018337439745664597
0.01800784468650818
0.01705225557088852
0.017409350723028183
0.0428943932056427
0.008960860781371593
0.0035587188322097063
0.007468056865036488
0.035608842968940735
0.020826030522584915
0.013392900116741657
0.012259886600077152
0.01514480635523796
0.018343167379498482
0.013121690601110458
0.008143461309373379
0.0045560686849057674
0.011605910956859589
0.02182244136929512
0.017010191455483437
0.020294588059186935
0.019709112122654915
0.008849289268255234
0.009179962798953056
0.0033196406438946724
0.0038372615817934275
0.008007300086319447
0.01697647199034691
0.01650870032608509
0.010718440636992455
0.014952284283936024
0.02352161705493927
0.01023445650935173
0.010267950594425201
0.007170673925429583
0.001254725269973278

training history val loss
7.897197246551514
6.916558265686035
8.455291748046875
7.581607341766357
8.7582426071167
9.535431861877441
10.7708101272583
6.456789016723633
9.456104278564453
3.339108943939209
2.3296165466308594
8.449237823486328
1.648989200592041
6.439192771911621
4.251779079437256
1.9468849897384644
4.816165924072266
1.717896580696106
1.0553131103515625
5.944028377532959
2.9145071506500244
4.873215675354004
0.8821225762367249
10.343669891357422
1.6966655254364014
9.399886131286621
2.0776281356811523
5.97407865524292
2.0658071041107178
1.472453236579895
3.1880860328674316
3.9174964427948
2.4426443576812744
1.965851902961731
0.6998720169067383
10.691482543945312
8.645732879638672
6.803426265716553
8.554129600524902
0.5513816475868225
0.7236475348472595
7.205935001373291
5.9191508293151855
0.6488491892814636
7.029112815856934
3.5152885913848877
9.538348197937012
6.014050006866455
7.87119722366333
3.7394511699676514
3.6970911026000977
6.103338718414307
12.819138526916504
2.554943323135376
8.310934066772461
8.93078899383545
1.803680658340454
3.198284387588501
2.384484052658081
2.263146162033081
4.927815914154053
9.414108276367188
1.5355473756790161
4.120675563812256
0.7915325164794922
9.522613525390625
1.2582359313964844
4.0647358894348145
0.7188411951065063
0.932022213935852