test data loss : 0.44820916652679443
test data accyracy : 0.8640000224113464

training history accuracy
0.6966666579246521
0.824791669845581
0.8556249737739563
0.8741666674613953
0.8881250023841858
0.8927083611488342
0.9214583039283752
0.9331250190734863
0.93770831823349
0.9599999785423279
0.9681249856948853
0.9758333563804626
0.9881250262260437
0.9741666913032532
0.9760416746139526
0.9895833134651184
0.9925000071525574
0.9893749952316284
0.9870833158493042
0.984375
0.9900000095367432
0.9939583539962769
0.9952083230018616
0.9925000071525574
0.9916666746139526
0.9881250262260437
0.9864583611488342
0.9904166460037231
0.9910416603088379
0.9941666722297668
0.9950000047683716
0.997083306312561
0.997083306312561
0.9933333396911621
0.9893749952316284
0.9937499761581421
0.9937499761581421
0.9947916865348816
0.9954166412353516
0.9933333396911621
0.9956250190734863
0.9902083277702332
0.9929166436195374
0.9960416555404663
0.9950000047683716
0.9954166412353516
0.9972916841506958
0.996666669845581
0.9937499761581421
0.9916666746139526
0.9947916865348816
0.9945833086967468
0.9960416555404663
0.9972916841506958
0.9977083206176758

training history val accuracy
0.5083333253860474
0.5083333253860474
0.5083333253860474
0.5083333253860474
0.5083333253860474
0.5083333253860474
0.5083333253860474
0.5083333253860474
0.5083333253860474
0.5083333253860474
0.49166667461395264
0.6241666674613953
0.5108333230018616
0.5083333253860474
0.5083333253860474
0.5475000143051147
0.6025000214576721
0.5433333516120911
0.8333333134651184
0.5375000238418579
0.6916666626930237
0.6424999833106995
0.5266666412353516
0.512499988079071
0.8791666626930237
0.5108333230018616
0.5083333253860474
0.862500011920929
0.7116666436195374
0.574999988079071
0.5083333253860474
0.6816666722297668
0.5191666483879089
0.8349999785423279
0.7808333039283752
0.8266666531562805
0.5083333253860474
0.5824999809265137
0.8241666555404663
0.5133333206176758
0.7908333539962769
0.7825000286102295
0.5083333253860474
0.5099999904632568
0.5291666388511658
0.5183333158493042
0.5308333039283752
0.5350000262260437
0.7991666793823242
0.5083333253860474
0.4925000071525574
0.8216666579246521
0.8491666913032532
0.5366666913032532
0.5083333253860474

training history loss
0.6011415719985962
0.398171067237854
0.34530404210090637
0.30428552627563477
0.27400103211402893
0.2584041953086853
0.20497706532478333
0.1735864281654358
0.156596839427948
0.10998022556304932
0.08501176536083221
0.06764675676822662
0.03899095579981804
0.06657639890909195
0.06283263862133026
0.028110899031162262
0.020395873114466667
0.0289112851023674
0.034992512315511703
0.040364596992731094
0.027552468702197075
0.017989447340369225
0.01605173386633396
0.01705297827720642
0.02676481567323208
0.034108541905879974
0.03977426514029503
0.030519260093569756
0.022761620581150055
0.01919633336365223
0.016524333506822586
0.010280175134539604
0.010741817764937878
0.01685246080160141
0.025879565626382828
0.01621720753610134
0.01655390113592148
0.014569687657058239
0.012991359457373619
0.021714739501476288
0.010190846398472786
0.025857066735625267
0.019234418869018555
0.014153883792459965
0.014972934499382973
0.013765408657491207
0.009713021107017994
0.009212699718773365
0.015835270285606384
0.020813070237636566
0.015889551490545273
0.013089285232126713
0.010376847349107265
0.008929690346121788
0.005558391567319632

training history val loss
5.4634480476379395
9.539133071899414
7.944987773895264
9.076462745666504
9.729513168334961
12.35830307006836
11.837761878967285
12.395275115966797
5.140936851501465
10.298505783081055
5.112859725952148
1.3383827209472656
3.9934990406036377
5.170229911804199
9.885089874267578
2.451279401779175
1.883122205734253
2.964181661605835
0.46682626008987427
3.658836603164673
1.2329634428024292
1.738776683807373
4.236808776855469
2.490722894668579
0.4114338755607605
6.926945209503174
10.70359992980957
0.41973382234573364
1.2214741706848145
2.9781103134155273
9.175968170166016
2.035301685333252
4.09068489074707
0.6137853860855103
0.7922486662864685
0.5832970142364502
11.73971939086914
2.8110949993133545
0.7108343243598938
5.423924446105957
1.0369011163711548
0.8748671412467957
10.952856063842773
5.859715461730957
4.7906341552734375
6.027139663696289
3.765932559967041
3.8347408771514893
0.9788426756858826
11.24446964263916
11.5527925491333
1.0522128343582153
0.8294452428817749
4.598790645599365
12.208338737487793