test data loss : 0.4360722005367279
test data accyracy : 0.8489999771118164

training history accuracy
0.6714583039283752
0.8372916579246521
0.8610416650772095
0.877916693687439
0.8743749856948853
0.8966666460037231
0.9085416793823242
0.9231250286102295
0.940833330154419
0.949999988079071
0.9597916603088379
0.9754166603088379
0.9752083420753479
0.9783333539962769
0.987708330154419
0.981458306312561
0.987708330154419
0.9831249713897705
0.9833333492279053
0.987500011920929
0.996666669845581
0.997083306312561
0.9906250238418579
0.9825000166893005
0.987708330154419
0.9891666769981384
0.9893749952316284
0.9952083230018616
0.9981250166893005
0.9962499737739563
0.9956250190734863
0.9883333444595337
0.9908333420753479
0.9927083253860474
0.9962499737739563
0.9943749904632568
0.9939583539962769
0.9962499737739563
0.9954166412353516
0.9912499785423279
0.9927083253860474
0.9895833134651184
0.9962499737739563
0.9981250166893005

training history val accuracy
0.5083333253860474
0.5083333253860474
0.5083333253860474
0.5083333253860474
0.5083333253860474
0.5083333253860474
0.5083333253860474
0.5091666579246521
0.5083333253860474
0.5083333253860474
0.5083333253860474
0.49166667461395264
0.5566666722297668
0.8475000262260437
0.5199999809265137
0.7383333444595337
0.49666666984558105
0.49166667461395264
0.4950000047683716
0.5149999856948853
0.5083333253860474
0.8841666579246521
0.4925000071525574
0.5083333253860474
0.5491666793823242
0.5083333253860474
0.7400000095367432
0.5074999928474426
0.5199999809265137
0.5083333253860474
0.5375000238418579
0.5249999761581421
0.512499988079071
0.7116666436195374
0.5083333253860474
0.5416666865348816
0.5116666555404663
0.5108333230018616
0.7425000071525574
0.5316666960716248
0.8366666436195374
0.8050000071525574
0.6233333349227905
0.7083333134651184

training history loss
0.6276575922966003
0.38682958483695984
0.3330312967300415
0.3018284738063812
0.2956807017326355
0.2506541311740875
0.22677896916866302
0.19477997720241547
0.1503130942583084
0.12219159305095673
0.10612406581640244
0.06255800276994705
0.06603957712650299
0.057146843522787094
0.034509919583797455
0.046908970922231674
0.03484630584716797
0.04595576226711273
0.04426698386669159
0.0339205376803875
0.011947834864258766
0.011219259351491928
0.025632353499531746
0.04491040110588074
0.03419627249240875
0.028474105522036552
0.031340524554252625
0.01487795077264309
0.006560126785188913
0.012003056704998016
0.011857328936457634
0.031965307891368866
0.024846378713846207
0.022736407816410065
0.015359329991042614
0.017600785940885544
0.01575378328561783
0.010523575358092785
0.013814604841172695
0.023679524660110474
0.02001218870282173
0.029565392062067986
0.011165475472807884
0.0059888665564358234

training history val loss
5.234466075897217
8.872143745422363
10.268183708190918
10.131135940551758
12.732111930847168
12.264606475830078
9.207447052001953
1.6580721139907837
3.3745675086975098
7.1301751136779785
6.915616989135742
7.64642333984375
1.8395034074783325
0.4497770071029663
2.7554314136505127
0.9371752142906189
4.0875935554504395
5.724926948547363
4.7767205238342285
5.708032608032227
8.167194366455078
0.47073736786842346
5.333420753479004
12.819255828857422
3.500023603439331
6.165189743041992
0.6400495171546936
3.369173526763916
6.039202690124512
10.997918128967285
3.5664494037628174
5.006465435028076
6.184361934661865
1.8112674951553345
11.66969108581543
3.937025547027588
7.112425804138184
6.663441181182861
1.391798496246338
4.871161937713623
0.47712332010269165
0.7232624292373657
2.484862804412842
1.591476321220398