test data loss : 0.4050457179546356
test data accyracy : 0.8209999799728394

training history accuracy
0.7104166746139526
0.8268749713897705
0.8516666889190674
0.8700000047683716
0.8762500286102295
0.8949999809265137
0.90645831823349
0.9183333516120911
0.934166669845581
0.9527083039283752
0.9572916626930237
0.9722916483879089
0.96875
0.965624988079071
0.9868749976158142
0.9868749976158142
0.9866666793823242
0.9891666769981384
0.9862499833106995
0.9904166460037231
0.9839583039283752
0.9847916960716248
0.9927083253860474
0.9954166412353516
0.9954166412353516
0.9956250190734863
0.9912499785423279
0.9793750047683716
0.9918749928474426
0.9939583539962769
0.9947916865348816
0.9956250190734863
0.9922916889190674
0.9945833086967468
0.9962499737739563
0.9912499785423279
0.9893749952316284
0.9852083325386047
0.9945833086967468
0.9989583492279053
0.9989583492279053
0.9989583492279053
0.9962499737739563
0.9831249713897705
0.9916666746139526
0.996874988079071
0.9977083206176758
0.9962499737739563
0.9962499737739563
0.9958333373069763
0.9956250190734863
0.9879166483879089
0.9895833134651184
0.9979166388511658
0.9985416531562805
0.9939583539962769
0.9918749928474426
0.9925000071525574
0.996666669845581
0.9979166388511658
0.997083306312561
0.9941666722297668
0.9914583563804626
0.9995833039283752
0.9979166388511658
0.997083306312561
0.9977083206176758
0.9958333373069763
0.9922916889190674
0.9952083230018616
0.996874988079071
0.9983333349227905
0.9993749856948853
1.0
1.0
0.9952083230018616
0.9902083277702332
0.9939583539962769
0.9979166388511658
0.9977083206176758
0.9933333396911621
0.9931250214576721
0.9975000023841858
0.996666669845581
0.9947916865348816
0.996666669845581
0.9987499713897705

training history val accuracy
0.5083333253860474
0.5083333253860474
0.5083333253860474
0.5083333253860474
0.5083333253860474
0.5083333253860474
0.5083333253860474
0.5083333253860474
0.7108333110809326
0.49166667461395264
0.5416666865348816
0.49166667461395264
0.49166667461395264
0.5091666579246521
0.565833330154419
0.7991666793823242
0.49416667222976685
0.809166669845581
0.5083333253860474
0.4975000023841858
0.5325000286102295
0.5083333253860474
0.6075000166893005
0.746666669845581
0.5116666555404663
0.4933333396911621
0.534166693687439
0.8033333420753479
0.5058333277702332
0.4925000071525574
0.8258333206176758
0.5366666913032532
0.5608333349227905
0.7916666865348816
0.54666668176651
0.7433333396911621
0.5291666388511658
0.49166667461395264
0.5575000047683716
0.5099999904632568
0.5174999833106995
0.5608333349227905
0.5791666507720947
0.5083333253860474
0.51583331823349
0.8366666436195374
0.5716666579246521
0.5233333110809326
0.6783333420753479
0.5216666460037231
0.8141666650772095
0.5083333253860474
0.5091666579246521
0.4925000071525574
0.528333306312561
0.528333306312561
0.8141666650772095
0.5091666579246521
0.8575000166893005
0.7066666483879089
0.8458333611488342
0.5083333253860474
0.5083333253860474
0.8691666722297668
0.7133333086967468
0.5441666841506958
0.5799999833106995
0.5475000143051147
0.5199999809265137
0.5083333253860474
0.5641666650772095
0.5291666388511658
0.7749999761581421
0.8666666746139526
0.6866666674613953
0.6349999904632568
0.5083333253860474
0.6783333420753479
0.5083333253860474
0.5083333253860474
0.5083333253860474
0.8183333277702332
0.60916668176651
0.5083333253860474
0.7066666483879089
0.7799999713897705
0.5083333253860474

training history loss
0.6005890369415283
0.3944740891456604
0.34642332792282104
0.31611454486846924
0.2908931076526642
0.25495970249176025
0.23427757620811462
0.21166443824768066
0.1709398329257965
0.12798793613910675
0.11532052606344223
0.07464088499546051
0.07863767445087433
0.08358118683099747
0.03956243023276329
0.03682425245642662
0.0318724699318409
0.028642253950238228
0.04124554619193077
0.025215379893779755
0.045122675597667694
0.039855051785707474
0.018760764971375465
0.012068339623510838
0.01343907043337822
0.013390407897531986
0.02610916644334793
0.05961229279637337
0.025448482483625412
0.014867004938423634
0.011569546535611153
0.01316506415605545
0.022660590708255768
0.015089419670403004
0.01191656943410635
0.023134171962738037
0.02446543425321579
0.03749127686023712
0.01708879880607128
0.006131165195256472
0.0035441573709249496
0.0049288771115243435
0.01026160642504692
0.04427424073219299
0.023793069645762444
0.011632018722593784
0.006406889762729406
0.011613328009843826
0.009684751741588116
0.009641310200095177
0.0107782743871212
0.03385094925761223
0.02805248275399208
0.007796181831508875
0.005124263931065798
0.015483339317142963
0.02449563518166542
0.018934011459350586
0.008785591460764408
0.005739785265177488
0.007762698922306299
0.017252041026949883
0.02208094485104084
0.0038106231950223446
0.007483700290322304
0.006746664177626371
0.00744882645085454
0.012192724272608757
0.021523162722587585
0.012928293086588383
0.00909175630658865
0.004778860602527857
0.003463560715317726
0.0008169235079549253
0.0005590471555478871
0.013710646890103817
0.024742145091295242
0.01353768352419138
0.005896138027310371
0.006805489771068096
0.020839646458625793
0.020117472857236862
0.0065574306063354015
0.009685272350907326
0.013937491923570633
0.009980806149542332
0.005459102336317301

training history val loss
7.5743560791015625
9.846890449523926
11.686387062072754
12.806238174438477
16.73004150390625
11.108511924743652
11.527486801147461
15.535135269165039
0.8053932189941406
3.466116428375244
3.9010584354400635
6.478390216827393
6.501701354980469
7.6305832862854
2.6810951232910156
0.8141704797744751
6.471751689910889
0.5695340633392334
7.3161749839782715
6.255022048950195
4.4494171142578125
13.2568998336792
2.1084320545196533
1.1315343379974365
6.917581558227539
5.327211856842041
6.325685024261475
0.6123799085617065
3.889930486679077
6.543108940124512
0.5404456257820129
3.9725987911224365
2.932141065597534
0.8940229415893555
3.119710922241211
1.4695831537246704
2.2883620262145996
10.164154052734375
3.8849291801452637
7.046682357788086
4.101248741149902
2.9904890060424805
1.8221588134765625
13.17519474029541
6.478118896484375
0.7157099843025208
3.8753902912139893
4.303732395172119
1.4037590026855469
7.336252212524414
0.7958489656448364
4.886300563812256
9.769131660461426
5.53566312789917
3.8753230571746826
3.442753553390503
0.46369385719299316
10.58944320678711
0.506645917892456
1.418324589729309
0.5872535109519958
14.969924926757812
10.161612510681152
0.5298280119895935
1.8182930946350098
4.35811185836792
3.719803810119629
4.147259712219238
6.467323303222656
12.786686897277832
3.863271474838257
5.133547306060791
1.0818103551864624
0.7459560632705688
2.8366000652313232
3.7898616790771484
19.814725875854492
2.9012579917907715
17.454341888427734
19.609434127807617
15.858658790588379
0.6738824844360352
3.093611478805542
19.73941993713379
1.9060677289962769
1.2500176429748535
17.942941665649414