test data loss : 0.4912877380847931
test data accyracy : 0.8479999899864197

training history accuracy
0.7308333516120911
0.840416669845581
0.8616666793823242
0.8822916746139526
0.8843749761581421
0.9083333611488342
0.9183333516120911
0.9456250071525574
0.9549999833106995
0.9616666436195374
0.9733333587646484
0.9743750095367432
0.9831249713897705
0.9891666769981384
0.9879166483879089
0.9822916388511658
0.9937499761581421
0.9914583563804626
0.9860416650772095
0.9825000166893005
0.9889583587646484
0.9925000071525574
0.9945833086967468
0.9897916913032532
0.9935416579246521
0.9893749952316284
0.9887499809265137
0.9906250238418579
0.9945833086967468
0.9962499737739563
0.9937499761581421
0.997083306312561
0.9960416555404663
0.9914583563804626
0.9929166436195374
0.9916666746139526
0.9916666746139526
0.9954166412353516
0.9960416555404663
0.9985416531562805
0.9975000023841858
0.9906250238418579
0.9862499833106995
0.997083306312561
0.9981250166893005
0.997083306312561
0.9977083206176758
0.9912499785423279
0.9856250286102295
0.9952083230018616
0.9972916841506958
0.9977083206176758
0.9981250166893005
0.9939583539962769
0.9956250190734863
0.9933333396911621
0.9964583516120911
0.9945833086967468
0.9972916841506958
0.997083306312561
0.9960416555404663
0.9964583516120911
0.9931250214576721
0.9922916889190674
0.9956250190734863
0.9979166388511658
0.9952083230018616
0.9881250262260437
0.9952083230018616

training history val accuracy
0.5083333253860474
0.5083333253860474
0.5083333253860474
0.5083333253860474
0.5083333253860474
0.5083333253860474
0.5083333253860474
0.5083333253860474
0.5083333253860474
0.5083333253860474
0.5083333253860474
0.5083333253860474
0.79666668176651
0.7491666674613953
0.49166667461395264
0.5874999761581421
0.7250000238418579
0.5083333253860474
0.49166667461395264
0.6308333277702332
0.628333330154419
0.6358333230018616
0.5516666769981384
0.5091666579246521
0.5133333206176758
0.8008333444595337
0.5116666555404663
0.7950000166893005
0.5083333253860474
0.6891666650772095
0.8208333253860474
0.8199999928474426
0.5083333253860474
0.6291666626930237
0.5083333253860474
0.6358333230018616
0.5383333563804626
0.7300000190734863
0.8308333158493042
0.503333330154419
0.5691666603088379
0.5133333206176758
0.5083333253860474
0.5533333420753479
0.7408333420753479
0.7991666793823242
0.8216666579246521
0.5600000023841858
0.7950000166893005
0.8658333420753479
0.5099999904632568
0.5533333420753479
0.5083333253860474
0.7191666960716248
0.6791666746139526
0.7991666793823242
0.8491666913032532
0.800000011920929
0.653333306312561
0.5774999856948853
0.51583331823349
0.5441666841506958
0.5141666531562805
0.6966666579246521
0.5316666960716248
0.6208333373069763
0.5208333134651184
0.6033333539962769
0.5108333230018616

training history loss
0.5721397995948792
0.36938294768333435
0.3234824240207672
0.2865797281265259
0.2712124288082123
0.2310280054807663
0.19979578256607056
0.14147420227527618
0.1196264773607254
0.09614061564207077
0.06964705139398575
0.07057937979698181
0.0451151542365551
0.031731218099594116
0.03157581016421318
0.04893125966191292
0.021060973405838013
0.026894381269812584
0.041036125272512436
0.045722637325525284
0.03396931290626526
0.02255113236606121
0.015041898004710674
0.026940584182739258
0.020818976685404778
0.028562571853399277
0.030387140810489655
0.02308114431798458
0.015458525158464909
0.012209204956889153
0.018306812271475792
0.01068669743835926
0.010708210058510303
0.022707780823111534
0.02231336385011673
0.02040799707174301
0.02148028090596199
0.014687266200780869
0.01206322479993105
0.004212129395455122
0.009699768386781216
0.023279784247279167
0.034514181315898895
0.009425757452845573
0.005925570148974657
0.007525264285504818
0.00600323174148798
0.023040203377604485
0.03939886763691902
0.014490856789052486
0.0068005966022610664
0.007321402430534363
0.004673979710787535
0.01741422712802887
0.013674153946340084
0.017204074189066887
0.009434929117560387
0.017742760479450226
0.010816281661391258
0.007353479973971844
0.011954206973314285
0.0086588803678751
0.019103657454252243
0.022364744916558266
0.01230873353779316
0.004841617774218321
0.012287614867091179
0.02943168394267559
0.01233718916773796

training history val loss
9.279502868652344
7.540120601654053
9.804277420043945
8.39338207244873
6.151690483093262
8.575948715209961
8.817625999450684
6.462962627410889
7.310861110687256
5.230610370635986
12.445865631103516
4.1037516593933105
0.5913496017456055
1.0673896074295044
2.836544990539551
2.773200035095215
0.9910516142845154
7.423363208770752
6.857394218444824
1.5446590185165405
2.284505844116211
2.151698589324951
2.3129687309265137
5.031479358673096
6.538405895233154
0.8297866582870483
6.047475814819336
0.8299671411514282
8.780163764953613
1.6305993795394897
0.7720345854759216
0.8084937334060669
12.872130393981934
2.098320722579956
12.138514518737793
3.000278949737549
6.2049713134765625
1.263107180595398
0.5467075109481812
4.716646671295166
2.937647819519043
3.0731568336486816
11.156310081481934
2.7710068225860596
1.6532392501831055
0.8179481029510498
0.6285328269004822
3.3726863861083984
1.093581199645996
0.557148814201355
8.500924110412598
3.1295738220214844
7.890259742736816
1.1180062294006348
2.286890983581543
0.7249265313148499
0.6418315172195435
0.7148571014404297
1.9807096719741821
4.276706218719482
4.6916632652282715
2.5654942989349365
10.075298309326172
1.9453098773956299
5.38178825378418
3.0522620677948
7.026902675628662
4.060672760009766
6.585211277008057