test data loss : 0.40194112062454224
test data accyracy : 0.843999981880188

training history accuracy
0.7395833134651184
0.8374999761581421
0.859375
0.872083306312561
0.8831250071525574
0.903124988079071
0.909166693687439
0.9245833158493042
0.940416693687439
0.9539583325386047
0.9683333039283752
0.9664583206176758
0.9722916483879089
0.9797916412353516
0.98416668176651
0.9835416674613953
0.987708330154419
0.9854166507720947
0.9916666746139526
0.9906250238418579
0.9893749952316284
0.9941666722297668
0.9820833206176758
0.9850000143051147
0.9933333396911621
0.9910416603088379
0.9941666722297668
0.9954166412353516
0.9958333373069763
0.9958333373069763
0.9929166436195374
0.9891666769981384
0.9935416579246521
0.9972916841506958
0.9962499737739563
0.9939583539962769
0.9916666746139526
0.9916666746139526
0.9941666722297668
0.9943749904632568
0.9937499761581421
0.9937499761581421
0.9960416555404663
0.9950000047683716

training history val accuracy
0.5083333253860474
0.5083333253860474
0.5083333253860474
0.5083333253860474
0.5083333253860474
0.5083333253860474
0.5083333253860474
0.5083333253860474
0.5083333253860474
0.6850000023841858
0.5691666603088379
0.5824999809265137
0.49916666746139526
0.8441666960716248
0.5425000190734863
0.5083333253860474
0.5108333230018616
0.8558333516120911
0.5108333230018616
0.6633333563804626
0.5083333253860474
0.6474999785423279
0.8083333373069763
0.5083333253860474
0.5083333253860474
0.6225000023841858
0.5224999785423279
0.5083333253860474
0.746666669845581
0.8299999833106995
0.6499999761581421
0.5083333253860474
0.5083333253860474
0.8516666889190674
0.5083333253860474
0.5774999856948853
0.8391666412353516
0.6491666436195374
0.7616666555404663
0.5400000214576721
0.51583331823349
0.5199999809265137
0.512499988079071
0.7833333611488342

training history loss
0.5543271899223328
0.3806416988372803
0.3399471938610077
0.3086465895175934
0.28336331248283386
0.2468547821044922
0.22652111947536469
0.1902560442686081
0.1586858332157135
0.12325380742549896
0.08293048292398453
0.08601819723844528
0.07483559846878052
0.051534149795770645
0.046118710190057755
0.04482097923755646
0.03237214311957359
0.03867262229323387
0.026049962267279625
0.024808194488286972
0.027461178600788116
0.0186332855373621
0.04755747690796852
0.03989065811038017
0.021180279552936554
0.027079474180936813
0.016637902706861496
0.015134363435208797
0.010794372297823429
0.011493939906358719
0.018755413591861725
0.03467639163136482
0.023325301706790924
0.008706518448889256
0.010958823375403881
0.017773838713765144
0.020002031698822975
0.021645160391926765
0.01643780805170536
0.015475223772227764
0.019091276451945305
0.017160875722765923
0.012219423428177834
0.013493523932993412

training history val loss
10.66159439086914
9.232430458068848
8.030296325683594
6.4858078956604
7.074568748474121
7.974189281463623
7.401461601257324
5.0460100173950195
11.40750789642334
0.7017344236373901
2.374465227127075
1.119675874710083
2.649404525756836
0.3920173645019531
3.1369991302490234
12.972474098205566
5.175432205200195
0.5004554986953735
5.333357334136963
1.5844306945800781
7.017058849334717
1.5468379259109497
0.5864762663841248
5.388447284698486
11.321453094482422
2.469602108001709
3.560295343399048
8.924711227416992
1.4499871730804443
0.700266420841217
1.8764424324035645
14.313655853271484
9.421165466308594
0.6525143980979919
7.968607425689697
3.1537349224090576
0.6948125958442688
1.8732775449752808
1.240562081336975
3.8677685260772705
5.433987140655518
5.149400234222412
7.329390525817871
1.2859342098236084