test data loss : 0.3689199388027191
test data accyracy : 0.8410000205039978

training history accuracy
0.7325000166893005
0.8510416746139526
0.8706250190734863
0.8827083110809326
0.8879166841506958
0.909166693687439
0.918958306312561
0.9237499833106995
0.9487500190734863
0.9537500143051147
0.9700000286102295
0.9777083396911621
0.9787499904632568
0.984375
0.9870833158493042
0.9772916436195374
0.9883333444595337
0.9952083230018616
0.9881250262260437
0.9827083349227905
0.9925000071525574
0.9918749928474426
0.9933333396911621
0.9906250238418579
0.9941666722297668
0.996874988079071
0.9935416579246521
0.9870833158493042
0.9897916913032532
0.9904166460037231
0.9895833134651184
0.9952083230018616
0.996874988079071
0.9983333349227905
0.9945833086967468
0.9925000071525574
0.9906250238418579
0.9914583563804626
0.9952083230018616
0.9941666722297668

training history val accuracy
0.5083333253860474
0.5083333253860474
0.5083333253860474
0.5083333253860474
0.5083333253860474
0.5083333253860474
0.5083333253860474
0.5083333253860474
0.7408333420753479
0.8324999809265137
0.49916666746139526
0.7983333468437195
0.628333330154419
0.7608333230018616
0.49166667461395264
0.49166667461395264
0.5083333253860474
0.6991666555404663
0.5066666603088379
0.512499988079071
0.49166667461395264
0.5683333277702332
0.6100000143051147
0.4925000071525574
0.5091666579246521
0.8291666507720947
0.8100000023841858
0.5083333253860474
0.8616666793823242
0.5108333230018616
0.8258333206176758
0.8424999713897705
0.840833306312561
0.4925000071525574
0.73416668176651
0.4933333396911621
0.5091666579246521
0.5133333206176758
0.6158333420753479
0.4933333396911621

training history loss
0.54659104347229
0.364005982875824
0.3210699260234833
0.29097896814346313
0.276433527469635
0.22991861402988434
0.20128262042999268
0.19061444699764252
0.13613824546337128
0.1155964806675911
0.08056578040122986
0.05925630033016205
0.0560942068696022
0.045916736125946045
0.03883175551891327
0.06191938370466232
0.033566635102033615
0.016404815018177032
0.031619276851415634
0.04726603254675865
0.023759564384818077
0.023425854742527008
0.018843071535229683
0.028476571664214134
0.019861944019794464
0.009987895376980305
0.01857888326048851
0.0350823700428009
0.0296009611338377
0.023583775386214256
0.025930333882570267
0.01500817108899355
0.009925986640155315
0.006038503721356392
0.015107411891222
0.020603174343705177
0.027033118531107903
0.022397328168153763
0.014207261614501476
0.015861954540014267

training history val loss
6.249095916748047
7.261253356933594
8.2738618850708
8.730448722839355
10.278668403625488
12.93298625946045
10.478341102600098
12.67109203338623
0.6251079440116882
0.4058186709880829
3.5777087211608887
0.6179106831550598
1.6224291324615479
0.7216097712516785
5.658041954040527
9.251969337463379
9.869367599487305
1.3421037197113037
3.89924693107605
3.9636478424072266
9.844290733337402
3.164693832397461
2.054348945617676
6.170323848724365
6.001077651977539
0.7048941850662231
0.6087055206298828
7.766117572784424
0.4227854013442993
6.4976725578308105
0.5633387565612793
0.5890988707542419
0.5451754331588745
6.859277248382568
1.2863516807556152
4.728245258331299
6.400540351867676
6.213705062866211
2.3327503204345703
6.225210666656494