test data loss : 0.42629551887512207
test data accyracy : 0.8220000267028809

training history accuracy
0.6616666913032532
0.8354166746139526
0.8581249713897705
0.8708333373069763
0.8870833516120911
0.8993750214576721
0.9133333563804626
0.9312499761581421
0.9516666531562805
0.9460416436195374
0.965833306312561
0.9833333492279053
0.9827083349227905
0.9758333563804626
0.984375
0.987291693687439
0.9895833134651184
0.9858333468437195
0.9820833206176758
0.9906250238418579
0.9879166483879089
0.9935416579246521
0.9904166460037231
0.9900000095367432
0.9831249713897705
0.9883333444595337
0.9943749904632568
0.9939583539962769
0.9941666722297668
0.9950000047683716
0.9902083277702332
0.9895833134651184
0.9918749928474426
0.9950000047683716
0.9954166412353516
0.9956250190734863
0.9947916865348816
0.9927083253860474
0.9922916889190674
0.9916666746139526
0.9958333373069763
0.9931250214576721
0.9962499737739563

training history val accuracy
0.5083333253860474
0.5083333253860474
0.5083333253860474
0.5083333253860474
0.5083333253860474
0.5083333253860474
0.5083333253860474
0.5083333253860474
0.5083333253860474
0.5083333253860474
0.5083333253860474
0.5149999856948853
0.8399999737739563
0.7450000047683716
0.49166667461395264
0.5649999976158142
0.6033333539962769
0.4933333396911621
0.7674999833106995
0.528333306312561
0.49166667461395264
0.5183333158493042
0.49166667461395264
0.6208333373069763
0.49166667461395264
0.5083333253860474
0.6358333230018616
0.8258333206176758
0.7891666889190674
0.6050000190734863
0.5683333277702332
0.7258333563804626
0.5008333325386047
0.5116666555404663
0.5083333253860474
0.5083333253860474
0.5083333253860474
0.49166667461395264
0.49916666746139526
0.6433333158493042
0.7683333158493042
0.5083333253860474
0.5149999856948853

training history loss
0.6719570755958557
0.3843768835067749
0.34288763999938965
0.306459903717041
0.28467339277267456
0.25479066371917725
0.21386553347110748
0.1773681342601776
0.12289300560951233
0.1383000612258911
0.0941074788570404
0.048584260046482086
0.049044232815504074
0.058620527386665344
0.04358528554439545
0.03950385004281998
0.031143086031079292
0.03808266669511795
0.04467548429965973
0.027032705023884773
0.03243860974907875
0.01924467273056507
0.02534412406384945
0.022835897281765938
0.04123804345726967
0.03348361700773239
0.01868518814444542
0.014933050610125065
0.017272047698497772
0.01551624946296215
0.027113046497106552
0.02781292237341404
0.0182753037661314
0.015377366915345192
0.01380555983632803
0.012781861238181591
0.013874191790819168
0.021207140758633614
0.018793463706970215
0.01857011765241623
0.01312165055423975
0.016382204368710518
0.010994589887559414

training history val loss
9.097526550292969
10.51046085357666
10.291851997375488
10.192435264587402
11.494919776916504
12.295191764831543
17.368478775024414
13.471848487854004
3.7585551738739014
5.594001293182373
4.93747091293335
3.948129177093506
0.4081366956233978
0.7497555017471313
4.878536701202393
2.5336649417877197
1.4956294298171997
4.914768695831299
1.0040631294250488
3.6877169609069824
5.5972442626953125
5.603799819946289
7.172999858856201
2.4713072776794434
12.29477596282959
7.565345287322998
1.4602978229522705
0.6839566230773926
0.8257364630699158
3.2860279083251953
3.4909379482269287
1.266018271446228
3.262169361114502
6.567868709564209
11.694994926452637
13.19843578338623
9.821677207946777
9.88417911529541
4.657922267913818
1.9573317766189575
1.0643926858901978
20.98828125
5.0583176612854