test data loss : 0.45309528708457947
test data accyracy : 0.8610000014305115

training history accuracy
0.71895831823349
0.8368750214576721
0.859375
0.8764583468437195
0.8947916626930237
0.9012500047683716
0.9152083396911621
0.940833330154419
0.9447916746139526
0.9581249952316284
0.9714583158493042
0.9760416746139526
0.9797916412353516
0.9787499904632568
0.9825000166893005
0.9912499785423279
0.9904166460037231
0.9789583086967468
0.9868749976158142
0.9933333396911621
0.9943749904632568
0.9883333444595337
0.9850000143051147
0.9916666746139526
0.9906250238418579
0.9910416603088379
0.9945833086967468
0.9939583539962769
0.9927083253860474
0.9927083253860474
0.9952083230018616
0.9929166436195374
0.9941666722297668
0.9922916889190674
0.9935416579246521
0.9956250190734863
0.9962499737739563
0.9950000047683716
0.9962499737739563
0.9947916865348816
0.9868749976158142
0.9935416579246521
0.9989583492279053
0.9981250166893005
0.996666669845581
0.9912499785423279
0.9937499761581421
0.9950000047683716
0.996874988079071
0.9918749928474426
0.9929166436195374
0.9977083206176758
0.9979166388511658
0.9972916841506958
0.9922916889190674
0.996874988079071
0.997083306312561
0.9933333396911621

training history val accuracy
0.5083333253860474
0.5083333253860474
0.5083333253860474
0.5083333253860474
0.5083333253860474
0.5083333253860474
0.5083333253860474
0.5083333253860474
0.5083333253860474
0.5083333253860474
0.49166667461395264
0.5083333253860474
0.5649999976158142
0.7250000238418579
0.49166667461395264
0.49166667461395264
0.7241666913032532
0.5758333206176758
0.5600000023841858
0.49166667461395264
0.4983333349227905
0.5083333253860474
0.574999988079071
0.5633333325386047
0.6108333468437195
0.6033333539962769
0.5133333206176758
0.862500011920929
0.7200000286102295
0.8033333420753479
0.8433333039283752
0.8141666650772095
0.6524999737739563
0.5083333253860474
0.6041666865348816
0.8450000286102295
0.8508333563804626
0.8349999785423279
0.6358333230018616
0.79666668176651
0.8475000262260437
0.5899999737739563
0.8700000047683716
0.8641666769981384
0.5083333253860474
0.5083333253860474
0.5600000023841858
0.8683333396911621
0.8374999761581421
0.5983333587646484
0.5083333253860474
0.574999988079071
0.5083333253860474
0.7958333492279053
0.7749999761581421
0.6633333563804626
0.5224999785423279
0.7925000190734863

training history loss
0.5928961634635925
0.3730699419975281
0.33937695622444153
0.30363091826438904
0.2614457607269287
0.24787946045398712
0.21130366623401642
0.15129323303699493
0.13932904601097107
0.1082286685705185
0.07905244082212448
0.06376008689403534
0.05515417829155922
0.05523059144616127
0.0470290407538414
0.023133661597967148
0.030572058632969856
0.05622672289609909
0.035334374755620956
0.020521607249975204
0.015858609229326248
0.030841156840324402
0.03815062344074249
0.025119872763752937
0.026023540645837784
0.0222371444106102
0.01672249659895897
0.017855320125818253
0.018354631960392
0.020053258165717125
0.015567172318696976
0.018598496913909912
0.015336356125772
0.02021293342113495
0.018314555287361145
0.011260241270065308
0.010968734510242939
0.011460301466286182
0.011379900388419628
0.01610865443944931
0.0322440005838871
0.021223487332463264
0.004880108404904604
0.007053788285702467
0.009844674728810787
0.02266891486942768
0.01851612888276577
0.012764443643391132
0.008294476196169853
0.02510613203048706
0.01720709167420864
0.009084281511604786
0.005755489692091942
0.007917282171547413
0.02567041479051113
0.010313794948160648
0.006250276695936918
0.020798848941922188

training history val loss
5.9022345542907715
10.187475204467773
9.221393585205078
9.299241065979004
8.018921852111816
8.593655586242676
9.1220121383667
7.904773712158203
9.748478889465332
2.7228636741638184
6.580348491668701
5.254494667053223
1.6892715692520142
0.8875038623809814
6.044867992401123
6.500022888183594
0.8113664984703064
2.1622512340545654
3.1700427532196045
4.605437755584717
4.059315204620361
9.985807418823242
3.3388631343841553
3.371713399887085
1.9178578853607178
2.0503087043762207
5.321470260620117
0.44219523668289185
0.8587878346443176
1.1309497356414795
0.6863292455673218
0.8711302876472473
2.1308090686798096
8.894709587097168
3.1968960762023926
0.6672461032867432
0.6626853942871094
0.4942665100097656
2.2009565830230713
0.7268380522727966
0.6506927609443665
3.654891014099121
0.5730568766593933
0.4675171971321106
10.34197998046875
11.26555061340332
2.4849202632904053
0.6385822892189026
0.8741092681884766
3.27958607673645
11.970236778259277
3.50239634513855
18.085586547851562
0.702879011631012
0.8017541766166687
1.8392075300216675
6.553808689117432
0.6983339190483093