test data loss : 0.43953314423561096
test data accyracy : 0.8149999976158142

training history accuracy
0.721875011920929
0.8374999761581421
0.856249988079071
0.8804166913032532
0.8829166889190674
0.8983333110809326
0.9024999737739563
0.9337499737739563
0.9268749952316284
0.9541666507720947
0.9633333086967468
0.9754166603088379
0.9808333516120911
0.9768750071525574
0.9816666841506958
0.9856250286102295
0.9900000095367432
0.9904166460037231
0.981458306312561
0.98458331823349
0.9925000071525574
0.9943749904632568
0.9952083230018616
0.9918749928474426
0.9891666769981384
0.9902083277702332
0.9925000071525574
0.9906250238418579
0.9891666769981384
0.9945833086967468
0.9900000095367432
0.9918749928474426
0.9941666722297668
0.9956250190734863
0.9958333373069763
0.9920833110809326
0.9900000095367432
0.9925000071525574
0.9985416531562805
0.9983333349227905
0.9975000023841858
0.9933333396911621

training history val accuracy
0.5083333253860474
0.5083333253860474
0.5083333253860474
0.5083333253860474
0.5083333253860474
0.5083333253860474
0.5083333253860474
0.5083333253860474
0.5083333253860474
0.5824999809265137
0.8033333420753479
0.8116666674613953
0.7875000238418579
0.8558333516120911
0.4950000047683716
0.7925000190734863
0.512499988079071
0.6508333086967468
0.596666693687439
0.503333330154419
0.5141666531562805
0.49666666984558105
0.5083333253860474
0.5083333253860474
0.8008333444595337
0.512499988079071
0.5575000047683716
0.5083333253860474
0.8050000071525574
0.7858333587646484
0.7458333373069763
0.5083333253860474
0.5149999856948853
0.8575000166893005
0.6225000023841858
0.7649999856948853
0.7266666889190674
0.5958333611488342
0.6916666626930237
0.4975000023841858
0.5083333253860474
0.49166667461395264

training history loss
0.5629003643989563
0.37753596901893616
0.34485459327697754
0.2946045398712158
0.2821965515613556
0.25128042697906494
0.23860719799995422
0.17009958624839783
0.17169666290283203
0.11803972721099854
0.09289418905973434
0.07198645174503326
0.05270512402057648
0.058748189359903336
0.04850516468286514
0.03899795189499855
0.02785751409828663
0.025648484006524086
0.0531359426677227
0.04440014064311981
0.02322869375348091
0.017320621758699417
0.01564127206802368
0.02516746148467064
0.029737023636698723
0.02360745705664158
0.01967889629304409
0.02324422262609005
0.027789849787950516
0.014874694868922234
0.0287531316280365
0.02154729887843132
0.015503296628594398
0.014065049588680267
0.00960951205343008
0.021524887531995773
0.02822297438979149
0.020873989909887314
0.006177956238389015
0.004538809880614281
0.007783801760524511
0.019338350743055344

training history val loss
9.172369003295898
12.569951057434082
10.120929718017578
12.065412521362305
12.954054832458496
14.341404914855957
13.04560661315918
8.129339218139648
3.117349147796631
1.1289892196655273
0.5125994086265564
0.44654959440231323
0.4760444164276123
0.5473381876945496
3.7177371978759766
0.7784123420715332
3.9711711406707764
1.2228026390075684
2.676129102706909
3.484172821044922
3.0388309955596924
3.750593662261963
10.701639175415039
6.7523674964904785
0.6280831098556519
3.6146562099456787
2.915351390838623
6.598425388336182
0.8551092743873596
0.843396008014679
0.875618577003479
8.889223098754883
6.568911075592041
0.4598677158355713
2.1778223514556885
0.9857269525527954
0.8088790774345398
2.4009406566619873
1.128347635269165
5.760264873504639
6.747470855712891
13.072385787963867