test data loss : 0.8193836808204651
test data accyracy : 0.8360000252723694

training history accuracy
0.6964583396911621
0.831250011920929
0.8610416650772095
0.8710416555404663
0.8808333277702332
0.9016666412353516
0.9070833325386047
0.9262499809265137
0.9354166388511658
0.965833306312561
0.9662500023841858
0.9710416793823242
0.9768750071525574
0.9806249737739563
0.9893749952316284
0.9860416650772095
0.9852083325386047
0.9900000095367432
0.9887499809265137
0.9925000071525574
0.9891666769981384
0.9910416603088379
0.9931250214576721
0.9837499856948853
0.9895833134651184
0.9975000023841858
0.996666669845581
0.9868749976158142
0.9881250262260437
0.9931250214576721
0.9954166412353516
0.9987499713897705
0.9985416531562805
0.9908333420753479
0.9927083253860474
0.9960416555404663
0.9956250190734863
0.9931250214576721
0.9852083325386047
0.9910416603088379
0.9960416555404663
0.996874988079071
0.9975000023841858
0.9962499737739563
0.9925000071525574
0.9983333349227905
0.9943749904632568
0.9933333396911621
0.9939583539962769
0.9975000023841858
0.9972916841506958
0.9952083230018616
0.9925000071525574
0.9939583539962769
0.996666669845581
0.9964583516120911
0.9956250190734863
0.9956250190734863
0.9975000023841858
0.9958333373069763
0.9952083230018616
0.9956250190734863
0.9962499737739563
0.9962499737739563

training history val accuracy
0.5083333253860474
0.5083333253860474
0.5083333253860474
0.5083333253860474
0.5083333253860474
0.5083333253860474
0.5083333253860474
0.5083333253860474
0.5083333253860474
0.5241666436195374
0.49166667461395264
0.4983333349227905
0.5083333253860474
0.4925000071525574
0.49166667461395264
0.5108333230018616
0.6600000262260437
0.5083333253860474
0.5091666579246521
0.5091666579246521
0.5083333253860474
0.6083333492279053
0.6399999856948853
0.5083333253860474
0.6258333325386047
0.8058333396911621
0.49166667461395264
0.5099999904632568
0.5366666913032532
0.5066666603088379
0.5083333253860474
0.8066666722297668
0.5258333086967468
0.8391666412353516
0.5724999904632568
0.5458333492279053
0.5291666388511658
0.7266666889190674
0.5083333253860474
0.5083333253860474
0.6241666674613953
0.4933333396911621
0.6791666746139526
0.5191666483879089
0.5083333253860474
0.5083333253860474
0.7766666412353516
0.8491666913032532
0.70333331823349
0.51583331823349
0.5491666793823242
0.5083333253860474
0.5083333253860474
0.5083333253860474
0.6416666507720947
0.5083333253860474
0.7950000166893005
0.4983333349227905
0.6233333349227905
0.5083333253860474
0.49166667461395264
0.7141666412353516
0.5483333468437195
0.7233333587646484

training history loss
0.5998638272285461
0.393020361661911
0.33136117458343506
0.30962327122688293
0.28351926803588867
0.252219021320343
0.2348480224609375
0.18934521079063416
0.15607529878616333
0.0927744135260582
0.0907340720295906
0.07659688591957092
0.059417974203825
0.04919702187180519
0.02949330024421215
0.036531876772642136
0.042683251202106476
0.0320928655564785
0.029799044132232666
0.021716365590691566
0.03040884993970394
0.022828899323940277
0.018165497109293938
0.04221923276782036
0.029578393325209618
0.0099784629419446
0.008970610797405243
0.03733900189399719
0.0327681303024292
0.020161207765340805
0.013093371875584126
0.006532407831400633
0.004520011600106955
0.023370498791337013
0.025697115808725357
0.012164209969341755
0.015367082320153713
0.01837414689362049
0.03799532726407051
0.024685803800821304
0.013908788561820984
0.008571653626859188
0.007711528800427914
0.01179707981646061
0.02035568840801716
0.0067742052488029
0.013164945878088474
0.01893657259643078
0.016747187823057175
0.007379851303994656
0.00739522697404027
0.009476511739194393
0.02435637079179287
0.01712843030691147
0.007297666743397713
0.011558560654520988
0.012259540148079395
0.012655924074351788
0.006316391751170158
0.01264134794473648
0.012731513939797878
0.014311617240309715
0.010383203625679016
0.014588071964681149

training history val loss
5.070562362670898
6.129702091217041
8.653168678283691
11.96149730682373
10.85607624053955
11.780817985534668
10.108675956726074
8.370570182800293
7.522390365600586
3.3733396530151367
12.252745628356934
4.495361328125
9.850044250488281
4.4991865158081055
5.46107816696167
4.11578893661499
1.5854194164276123
5.501570701599121
6.553278923034668
4.972679615020752
7.776673793792725
2.487851619720459
2.001507043838501
12.987638473510742
2.878220319747925
0.845465898513794
7.800586700439453
8.997136116027832
3.7764627933502197
5.7018914222717285
9.921038627624512
0.8324421644210815
5.673097133636475
0.7440813183784485
3.4496161937713623
3.2643938064575195
4.238630294799805
1.2363793849945068
14.811274528503418
17.67998695373535
1.7992366552352905
5.954648494720459
1.5714607238769531
4.256579399108887
10.250574111938477
8.808330535888672
1.0905696153640747
0.9187007546424866
1.9081166982650757
4.983874320983887
2.853564739227295
14.27291202545166
11.783618927001953
11.137679100036621
2.0996618270874023
10.802857398986816
0.8852583765983582
6.29984712600708
2.934385061264038
10.640057563781738
5.138551235198975
1.3023899793624878
4.7545390129089355
2.0245323181152344