test data loss : 0.5420387983322144
test data accyracy : 0.7639999985694885

training history accuracy
0.7020833492279053
0.8287500143051147
0.8579166531562805
0.8731250166893005
0.8902083039283752
0.90645831823349
0.9160416722297668
0.934583306312561
0.9493749737739563
0.9541666507720947
0.9702083468437195
0.9764583110809326
0.9816666841506958
0.9806249737739563
0.9789583086967468
0.9881250262260437
0.9904166460037231
0.9956250190734863
0.9931250214576721
0.9827083349227905
0.9893749952316284
0.9916666746139526
0.9870833158493042
0.9900000095367432
0.9939583539962769
0.9912499785423279
0.98458331823349
0.9885416626930237
0.9922916889190674
0.9947916865348816
0.996874988079071
0.996666669845581
0.9960416555404663
0.9864583611488342
0.9931250214576721
0.9929166436195374
0.9950000047683716
0.9945833086967468
0.9941666722297668
0.9945833086967468
0.9914583563804626

training history val accuracy
0.5083333253860474
0.5083333253860474
0.5083333253860474
0.5083333253860474
0.5083333253860474
0.5083333253860474
0.5083333253860474
0.5083333253860474
0.5083333253860474
0.6966666579246521
0.7574999928474426
0.7599999904632568
0.49166667461395264
0.6241666674613953
0.49166667461395264
0.5091666579246521
0.5083333253860474
0.4950000047683716
0.5108333230018616
0.5091666579246521
0.6175000071525574
0.5024999976158142
0.5083333253860474
0.5083333253860474
0.5241666436195374
0.512499988079071
0.5083333253860474
0.5608333349227905
0.5991666913032532
0.7016666531562805
0.5083333253860474
0.5083333253860474
0.7749999761581421
0.5083333253860474
0.5083333253860474
0.5166666507720947
0.5350000262260437
0.5975000262260437
0.5858333110809326
0.6166666746139526
0.4933333396911621

training history loss
0.6074841618537903
0.3925773501396179
0.33464595675468445
0.3109976351261139
0.26759210228919983
0.24154910445213318
0.20725053548812866
0.16910704970359802
0.12645843625068665
0.12080910801887512
0.07962050288915634
0.06372812390327454
0.05246695503592491
0.04728257656097412
0.05803573131561279
0.036829326301813126
0.026033179834485054
0.014720487408339977
0.02242082543671131
0.04947223514318466
0.02706761658191681
0.02811102569103241
0.03228659927845001
0.028237266466021538
0.015644267201423645
0.02421320043504238
0.04235455393791199
0.02807038649916649
0.0233449786901474
0.0149668725207448
0.009557369165122509
0.010266645811498165
0.011559038423001766
0.038053322583436966
0.023999912664294243
0.019473178312182426
0.017888516187667847
0.01752997748553753
0.018194099888205528
0.016355691477656364
0.02069842256605625

training history val loss
5.0289626121521
8.687522888183594
10.597722053527832
11.257424354553223
14.231121063232422
14.982856750488281
11.115767478942871
8.304755210876465
11.082097053527832
0.9736577272415161
0.5823341608047485
0.6679592132568359
7.686756134033203
1.5375428199768066
8.134567260742188
7.730569839477539
13.089140892028809
4.381392002105713
4.069752216339111
8.2383451461792
2.603928327560425
4.060708999633789
14.929122924804688
9.581681251525879
5.406027793884277
3.974307060241699
16.582712173461914
3.236862897872925
2.07370662689209
1.101436972618103
4.61517333984375
11.654184341430664
1.1208314895629883
21.302907943725586
14.03678035736084
4.05531644821167
4.760990619659424
1.68595552444458
3.284670352935791
2.5692715644836426
6.05490779876709