test data loss : 0.47219109535217285
test data accyracy : 0.8510000109672546

training history accuracy
0.7162500023841858
0.8368750214576721
0.8600000143051147
0.8810416460037231
0.8902083039283752
0.9035416841506958
0.9270833134651184
0.940625011920929
0.9487500190734863
0.9750000238418579
0.9754166603088379
0.971666693687439
0.9816666841506958
0.9887499809265137
0.9829166531562805
0.9770833253860474
0.9910416603088379
0.9939583539962769
0.9831249713897705
0.987708330154419
0.9925000071525574
0.9952083230018616
0.9900000095367432
0.9912499785423279
0.9912499785423279
0.9922916889190674
0.9935416579246521
0.9918749928474426
0.9906250238418579
0.9958333373069763
0.996666669845581
0.9964583516120911
0.9945833086967468
0.9910416603088379
0.9929166436195374
0.9918749928474426
0.9943749904632568
0.9918749928474426
0.9979166388511658
0.9941666722297668
0.9964583516120911
0.9929166436195374
0.9935416579246521
0.9943749904632568
0.9945833086967468
0.9935416579246521
0.9985416531562805
0.9975000023841858
0.9931250214576721
0.9941666722297668
0.9972916841506958
0.9985416531562805
0.9995833039283752
0.9989583492279053

training history val accuracy
0.5083333253860474
0.5083333253860474
0.5083333253860474
0.5083333253860474
0.5083333253860474
0.5083333253860474
0.5083333253860474
0.5083333253860474
0.49166667461395264
0.5083333253860474
0.6000000238418579
0.5083333253860474
0.5099999904632568
0.49666666984558105
0.5191666483879089
0.5083333253860474
0.7749999761581421
0.5391666889190674
0.7741666436195374
0.7116666436195374
0.7208333611488342
0.5091666579246521
0.5408333539962769
0.8366666436195374
0.49166667461395264
0.5674999952316284
0.5858333110809326
0.5108333230018616
0.8450000286102295
0.7574999928474426
0.6708333492279053
0.6775000095367432
0.5391666889190674
0.7549999952316284
0.5083333253860474
0.5108333230018616
0.8308333158493042
0.5083333253860474
0.7350000143051147
0.715833306312561
0.7766666412353516
0.6016666889190674
0.5083333253860474
0.5899999737739563
0.5091666579246521
0.6808333396911621
0.7325000166893005
0.7133333086967468
0.5083333253860474
0.5333333611488342
0.5566666722297668
0.75
0.5883333086967468
0.49166667461395264

training history loss
0.5868199467658997
0.3745282292366028
0.32834333181381226
0.2922605574131012
0.26608434319496155
0.23862841725349426
0.18928533792495728
0.15133650600910187
0.13155005872249603
0.0680711567401886
0.06570802628993988
0.07900599390268326
0.04937953129410744
0.03282003477215767
0.04278762638568878
0.06416193395853043
0.025132112205028534
0.020998060703277588
0.04109944775700569
0.03583116829395294
0.022652335464954376
0.013240584172308445
0.030336961150169373
0.021466661244630814
0.025196384638547897
0.024142403155565262
0.020405106246471405
0.025604046881198883
0.026987917721271515
0.01437437068670988
0.010346456430852413
0.01031999196857214
0.01566612347960472
0.027220487594604492
0.0208558589220047
0.01959437131881714
0.017189117148518562
0.021869122982025146
0.007638304959982634
0.016217511147260666
0.013250123709440231
0.019432567059993744
0.01586320623755455
0.017211876809597015
0.015199138782918453
0.018913891166448593
0.005092817358672619
0.008103507570922375
0.01984020508825779
0.019054938107728958
0.008574984036386013
0.00434233108535409
0.002715415321290493
0.003107755444943905

training history val loss
6.0215349197387695
9.551546096801758
10.664036750793457
8.280567169189453
6.754725933074951
13.527135848999023
7.588993549346924
6.9711198806762695
4.186177730560303
5.586771011352539
1.8039453029632568
7.766386032104492
6.4297943115234375
2.7881672382354736
3.806269884109497
10.28604507446289
0.7069316506385803
2.210395574569702
0.9361898899078369
1.2795556783676147
1.0060547590255737
7.407613277435303
2.754169225692749
0.4776204526424408
8.069805145263672
3.8649964332580566
2.6424403190612793
5.86411714553833
0.6007436513900757
0.6999949812889099
1.5455925464630127
1.5629239082336426
3.557386875152588
0.962746798992157
6.793619155883789
5.199926853179932
0.7589989304542542
7.659393787384033
1.2672227621078491
1.621943712234497
1.553215503692627
3.061681032180786
4.969913959503174
1.7850289344787598
8.980805397033691
2.400059223175049
1.3548580408096313
1.1869347095489502
15.572340965270996
3.6676692962646484
3.927464246749878
1.3050782680511475
2.761781930923462
6.608902454376221