test data loss : 0.5868316888809204
test data accyracy : 0.8410000205039978

training history accuracy
0.7089583277702332
0.8374999761581421
0.8543750047683716
0.875
0.887291669845581
0.9070833325386047
0.9097916483879089
0.9335416555404663
0.9556249976158142
0.9556249976158142
0.9697916507720947
0.9714583158493042
0.9887499809265137
0.9895833134651184
0.981041669845581
0.9797916412353516
0.9839583039283752
0.9918749928474426
0.9827083349227905
0.987500011920929
0.9929166436195374
0.9897916913032532
0.9885416626930237
0.9958333373069763
0.9920833110809326
0.9854166507720947
0.9941666722297668
0.9925000071525574
0.9914583563804626
0.9956250190734863
0.9972916841506958
0.9985416531562805
0.9908333420753479
0.9885416626930237
0.9927083253860474
0.9962499737739563
0.9960416555404663
0.9947916865348816
0.9920833110809326
0.9904166460037231
0.9964583516120911
0.9977083206176758
0.9962499737739563
0.9918749928474426
0.9933333396911621
0.9972916841506958
0.9972916841506958
0.9939583539962769
0.9891666769981384
0.9964583516120911
0.9977083206176758
0.9950000047683716
0.9975000023841858
0.9954166412353516
0.9943749904632568
0.9983333349227905
0.9906250238418579
0.9933333396911621
0.9975000023841858
0.9983333349227905
0.9981250166893005
0.9979166388511658
0.9958333373069763
0.9912499785423279
0.9935416579246521
0.996874988079071
0.9985416531562805
0.9985416531562805
0.9960416555404663
0.9952083230018616
0.9975000023841858
0.996666669845581
0.9977083206176758
0.9895833134651184
0.9954166412353516
0.9972916841506958
0.9991666674613953
0.9987499713897705
0.9977083206176758
0.997083306312561

training history val accuracy
0.5083333253860474
0.5083333253860474
0.5083333253860474
0.5083333253860474
0.5083333253860474
0.5083333253860474
0.5083333253860474
0.5083333253860474
0.5083333253860474
0.6033333539962769
0.5008333325386047
0.5083333253860474
0.49166667461395264
0.596666693687439
0.5099999904632568
0.7825000286102295
0.5083333253860474
0.5108333230018616
0.49166667461395264
0.5133333206176758
0.5083333253860474
0.512499988079071
0.5558333396911621
0.7141666412353516
0.5083333253860474
0.5083333253860474
0.5450000166893005
0.5024999976158142
0.5224999785423279
0.7350000143051147
0.8600000143051147
0.800000011920929
0.5133333206176758
0.6008333563804626
0.5216666460037231
0.5091666579246521
0.5083333253860474
0.5083333253860474
0.6933333277702332
0.5083333253860474
0.809166669845581
0.512499988079071
0.5458333492279053
0.5774999856948853
0.5083333253860474
0.5683333277702332
0.7733333110809326
0.5083333253860474
0.5083333253860474
0.8416666388511658
0.7091666460037231
0.6108333468437195
0.5108333230018616
0.6433333158493042
0.512499988079071
0.6208333373069763
0.5083333253860474
0.5133333206176758
0.5258333086967468
0.5266666412353516
0.5641666650772095
0.6033333539962769
0.5408333539962769
0.5083333253860474
0.6933333277702332
0.7483333349227905
0.5933333039283752
0.8183333277702332
0.5091666579246521
0.6033333539962769
0.7649999856948853
0.5216666460037231
0.5308333039283752
0.5174999833106995
0.5083333253860474
0.5699999928474426
0.7099999785423279
0.7649999856948853
0.5416666865348816
0.5391666889190674

training history loss
0.5918896198272705
0.3798637092113495
0.33714041113853455
0.3013046681880951
0.2753576934337616
0.2358880341053009
0.21422556042671204
0.1623539924621582
0.1161346435546875
0.10669033229351044
0.08292989432811737
0.076341412961483
0.035308316349983215
0.03196047246456146
0.05010277032852173
0.05652739107608795
0.041188016533851624
0.026323290541768074
0.042752254754304886
0.03378826379776001
0.021392013877630234
0.025289172306656837
0.03445092961192131
0.014037113636732101
0.021059047430753708
0.038322046399116516
0.0190786961466074
0.021327132359147072
0.021311189979314804
0.013799467124044895
0.00840035080909729
0.005404448136687279
0.02608022466301918
0.03576305881142616
0.01900116354227066
0.012930457480251789
0.009963109157979488
0.01563475839793682
0.024036088958382607
0.027014076709747314
0.010555120185017586
0.005762322805821896
0.011242388747632504
0.022122355177998543
0.020184295251965523
0.007052501197904348
0.008348272182047367
0.01756201684474945
0.03492311015725136
0.009805149398744106
0.007949397899210453
0.013601548038423061
0.008545435033738613
0.01330181397497654
0.017717909067869186
0.005942694377154112
0.031963594257831573
0.019244644790887833
0.009036845527589321
0.0049818954430520535
0.0043062129989266396
0.005513095762580633
0.01018500979989767
0.02641560509800911
0.018892232328653336
0.00893387570977211
0.004109361208975315
0.003965132869780064
0.010646759532392025
0.01626456342637539
0.009509747847914696
0.010035931132733822
0.006748335435986519
0.02793719619512558
0.014141827821731567
0.007354539353400469
0.0027144779451191425
0.0043016416020691395
0.006457348819822073
0.005581580568104982

training history val loss
7.719141483306885
8.097562789916992
8.43447208404541
9.365097045898438
8.243467330932617
9.026501655578613
8.790779113769531
3.6866183280944824
11.897379875183105
2.139777660369873
3.5697009563446045
8.361639976501465
6.090501308441162
1.548322319984436
4.053028583526611
0.7217027544975281
8.048210144042969
4.74732780456543
7.00022554397583
4.193991661071777
10.72374439239502
5.219711780548096
2.4726226329803467
1.2481845617294312
7.255136489868164
9.665830612182617
4.159479141235352
3.9545490741729736
4.034806251525879
1.1742300987243652
0.604841947555542
0.608364999294281
5.2761054039001465
1.261638879776001
4.644500255584717
7.235701560974121
8.532727241516113
11.095613479614258
1.7126609086990356
12.158244132995605
0.5766918659210205
6.092167377471924
2.9470596313476562
2.799753427505493
11.394830703735352
4.254858493804932
0.7389812469482422
10.404234886169434
10.872081756591797
0.5333528518676758
1.8118839263916016
2.3984973430633545
5.680310249328613
1.4497698545455933
7.30812406539917
2.6868584156036377
8.553533554077148
6.381641864776611
4.31720495223999
4.067018032073975
4.0786542892456055
2.8972396850585938
4.548562526702881
9.76528549194336
1.7124236822128296
1.2370260953903198
3.112544059753418
0.7542992830276489
10.98046875
2.2736778259277344
1.3724154233932495
6.894169807434082
4.746156692504883
6.050600528717041
13.102450370788574
3.8856234550476074
1.9179253578186035
1.1006989479064941
4.750354290008545
3.5419116020202637