test data loss : 0.6934337019920349
test data accyracy : 0.5

training history accuracy
0.4829166531562805
0.49125000834465027
0.49166667461395264
0.5020833611488342
0.5020833611488342
0.4925000071525574
0.5020833611488342
0.4970833361148834
0.5020833611488342
0.5020833611488342
0.5020833611488342
0.5020833611488342
0.5020833611488342
0.5020833611488342
0.5020833611488342
0.5020833611488342
0.5020833611488342
0.5020833611488342
0.5020833611488342
0.5020833611488342
0.5020833611488342
0.492083340883255
0.5020833611488342
0.4908333420753479
0.5020833611488342
0.4891666769981384
0.5020833611488342
0.492083340883255
0.5020833611488342
0.5020833611488342
0.5020833611488342

training history val accuracy
0.5083333253860474
0.49166667461395264
0.49166667461395264
0.49166667461395264
0.49166667461395264
0.49166667461395264
0.49166667461395264
0.49166667461395264
0.49166667461395264
0.49166667461395264
0.49166667461395264
0.49166667461395264
0.49166667461395264
0.49166667461395264
0.49166667461395264
0.49166667461395264
0.49166667461395264
0.49166667461395264
0.49166667461395264
0.49166667461395264
0.49166667461395264
0.49166667461395264
0.49166667461395264
0.49166667461395264
0.49166667461395264
0.49166667461395264
0.49166667461395264
0.49166667461395264
0.49166667461395264
0.49166667461395264
0.49166667461395264

training history loss
0.6944929957389832
0.6932867169380188
0.6932415962219238
0.6932045221328735
0.6931905150413513
0.6931909918785095
0.6931642293930054
0.6931952834129333
0.6932066679000854
0.6932038068771362
0.6931688189506531
0.6931664347648621
0.6931703090667725
0.6931774616241455
0.6932028532028198
0.6931614279747009
0.6931614279747009
0.693207323551178
0.6932183504104614
0.6931830048561096
0.693205714225769
0.693227231502533
0.6931616067886353
0.6931915879249573
0.6932299137115479
0.693220853805542
0.6932105422019958
0.6931686401367188
0.6932083368301392
0.6931621432304382
0.6931722164154053

training history val loss
0.6931213140487671
0.6932130455970764
0.6931939721107483
0.6932593584060669
0.6932280659675598
0.693190336227417
0.6932192444801331
0.6932017207145691
0.6932517290115356
0.6932820081710815
0.6932096481323242
0.6932121515274048
0.6932153105735779
0.6932640075683594
0.6931933164596558
0.6932761669158936
0.693213701248169
0.6932157278060913
0.6932505965232849
0.693187415599823
0.6932148337364197
0.6932319402694702
0.6932034492492676
0.6931861042976379
0.6932784914970398
0.6931958794593811
0.6931847929954529
0.6932443976402283
0.6932003498077393
0.6932791471481323
0.6932346820831299