test data loss : 0.6931554675102234
test data accyracy : 0.5

training history accuracy
0.492083340883255
0.49791666865348816
0.49041667580604553
0.4958333373069763
0.5020833611488342
0.48500001430511475
0.5020833611488342
0.5020833611488342
0.5020833611488342
0.5020833611488342
0.5020833611488342
0.4891666769981384
0.5020833611488342
0.5020833611488342
0.5020833611488342
0.49416667222976685
0.5020833611488342
0.4937500059604645
0.5020833611488342
0.5020833611488342
0.5020833611488342
0.49000000953674316
0.5020833611488342
0.4933333396911621
0.5020833611488342
0.5020833611488342
0.5020833611488342
0.5020833611488342
0.5020833611488342
0.5020833611488342
0.5020833611488342

training history val accuracy
0.5083333253860474
0.5083333253860474
0.49166667461395264
0.49166667461395264
0.49166667461395264
0.49166667461395264
0.49166667461395264
0.49166667461395264
0.49166667461395264
0.49166667461395264
0.49166667461395264
0.49166667461395264
0.49166667461395264
0.49166667461395264
0.49166667461395264
0.49166667461395264
0.49166667461395264
0.49166667461395264
0.49166667461395264
0.49166667461395264
0.49166667461395264
0.49166667461395264
0.49166667461395264
0.49166667461395264
0.49166667461395264
0.49166667461395264
0.49166667461395264
0.49166667461395264
0.49166667461395264
0.49166667461395264
0.49166667461395264

training history loss
0.7118762731552124
0.6931705474853516
0.693198561668396
0.6931809186935425
0.69318687915802
0.6932308673858643
0.693207323551178
0.6932032704353333
0.693204402923584
0.6931663155555725
0.6931679248809814
0.6932138800621033
0.6932176947593689
0.6932047605514526
0.6931804418563843
0.6931858062744141
0.6931690573692322
0.6931780576705933
0.6931662559509277
0.6931959986686707
0.6931676864624023
0.6931798458099365
0.6931646466255188
0.6932240724563599
0.6931639909744263
0.6931767463684082
0.6931684613227844
0.6931783556938171
0.6931878328323364
0.6931902170181274
0.6931537985801697

training history val loss
0.6930875182151794
0.6931230425834656
0.6931855082511902
0.6932408809661865
0.6931973695755005
0.6932302117347717
0.6931777596473694
0.6931909918785095
0.6931830644607544
0.6931957006454468
0.6932376623153687
0.6932488679885864
0.6931959986686707
0.6932346820831299
0.6932170391082764
0.6932181715965271
0.6931864023208618
0.6932545900344849
0.6932623982429504
0.6932694315910339
0.693220853805542
0.6931933760643005
0.6932908892631531
0.6931877732276917
0.6932858228683472
0.6932302117347717
0.6932278871536255
0.6932326555252075
0.6932302117347717
0.6932467222213745
0.6932167410850525