test data loss : 0.6931472420692444
test data accyracy : 0.5

training history accuracy
0.4983333349227905
0.5020833611488342
0.4958333373069763
0.4879166781902313
0.5020833611488342
0.5020833611488342
0.5020833611488342
0.4970833361148834
0.4870833456516266
0.5020833611488342
0.5020833611488342
0.5020833611488342
0.5020833611488342
0.5020833611488342
0.5020833611488342
0.5020833611488342
0.5020833611488342
0.5020833611488342
0.4958333373069763
0.5020833611488342
0.5020833611488342
0.5020833611488342
0.5020833611488342
0.5020833611488342
0.5020833611488342
0.5020833611488342
0.4983333349227905
0.5020833611488342
0.49000000953674316
0.5020833611488342
0.5020833611488342
0.5020833611488342
0.49666666984558105
0.4983333349227905
0.4937500059604645
0.5020833611488342
0.5020833611488342
0.49125000834465027
0.5020833611488342
0.49291667342185974
0.5020833611488342
0.5020833611488342
0.4945833384990692
0.5020833611488342
0.5020833611488342
0.5020833611488342
0.5020833611488342
0.4891666769981384
0.5020833611488342
0.5020833611488342
0.4945833384990692
0.5020833611488342
0.5020833611488342
0.4962500035762787
0.5020833611488342
0.5020833611488342
0.5020833611488342
0.5020833611488342
0.4933333396911621
0.5020833611488342
0.5020833611488342
0.5020833611488342
0.5020833611488342

training history val accuracy
0.49166667461395264
0.49166667461395264
0.49166667461395264
0.49166667461395264
0.49166667461395264
0.49166667461395264
0.49166667461395264
0.49166667461395264
0.49166667461395264
0.49166667461395264
0.49166667461395264
0.49166667461395264
0.49166667461395264
0.49166667461395264
0.49166667461395264
0.49166667461395264
0.49166667461395264
0.49166667461395264
0.49166667461395264
0.49166667461395264
0.49166667461395264
0.49166667461395264
0.49166667461395264
0.49166667461395264
0.49166667461395264
0.49166667461395264
0.49166667461395264
0.49166667461395264
0.49166667461395264
0.49166667461395264
0.49166667461395264
0.49166667461395264
0.49166667461395264
0.49166667461395264
0.49166667461395264
0.49166667461395264
0.49166667461395264
0.49166667461395264
0.49166667461395264
0.49166667461395264
0.49166667461395264
0.49166667461395264
0.49166667461395264
0.49166667461395264
0.49166667461395264
0.49166667461395264
0.49166667461395264
0.49166667461395264
0.49166667461395264
0.49166667461395264
0.49166667461395264
0.49166667461395264
0.49166667461395264
0.49166667461395264
0.49166667461395264
0.49166667461395264
0.49166667461395264
0.49166667461395264
0.49166667461395264
0.49166667461395264
0.49166667461395264
0.49166667461395264
0.49166667461395264

training history loss
0.6997923254966736
0.6931677460670471
0.6932255625724792
0.6931989789009094
0.6931791305541992
0.6931811571121216
0.6931688785552979
0.6932054758071899
0.6932345032691956
0.6932072043418884
0.6931812763214111
0.693158745765686
0.6931871771812439
0.6931802034378052
0.6931775212287903
0.6931827068328857
0.6931950449943542
0.6931586265563965
0.6931865215301514
0.6932079195976257
0.6931930780410767
0.6931730508804321
0.6931594610214233
0.6932058930397034
0.6931855082511902
0.6931750774383545
0.6931840181350708
0.6931895613670349
0.6931974291801453
0.6931691765785217
0.6931735873222351
0.693193793296814
0.6932109594345093
0.6931644678115845
0.693193793296814
0.6931458711624146
0.6931978464126587
0.6932032704353333
0.6931602954864502
0.6932193040847778
0.6931688785552979
0.6931950449943542
0.6931883692741394
0.693199872970581
0.6932233572006226
0.6931619048118591
0.693161129951477
0.6931838989257812
0.6931727528572083
0.6931720972061157
0.6931678652763367
0.6931698322296143
0.6931692957878113
0.6931862831115723
0.6931785345077515
0.6931745409965515
0.6931643486022949
0.6931881308555603
0.6932145953178406
0.6931933164596558
0.6931689381599426
0.6931989789009094
0.6931629180908203

training history val loss
0.6932421922683716
0.6932048201560974
0.6931679248809814
0.693183958530426
0.6932194232940674
0.6931661367416382
0.6932290196418762
0.6932534575462341
0.6932114362716675
0.6933338642120361
0.6931931972503662
0.693228542804718
0.6932287812232971
0.6932359337806702
0.6932270526885986
0.6932159662246704
0.6932218670845032
0.6932129263877869
0.693158745765686
0.6931913495063782
0.6932277679443359
0.6931887269020081
0.6932070255279541
0.693225085735321
0.6931970715522766
0.6931651830673218
0.693206250667572
0.6932732462882996
0.6931858062744141
0.6932331919670105
0.6932401061058044
0.6932055950164795
0.6931515336036682
0.6931972503662109
0.6931769847869873
0.6932461261749268
0.6932369470596313
0.6932305097579956
0.6932404637336731
0.6931971311569214
0.6932564973831177
0.6932361125946045
0.6931748390197754
0.693276047706604
0.6932067275047302
0.6932159066200256
0.6932199597358704
0.6932092308998108
0.6932849884033203
0.6932253241539001
0.6931930780410767
0.6932125687599182
0.6932297945022583
0.6932603716850281
0.693207323551178
0.6931806802749634
0.6932526230812073
0.6932286620140076
0.6931926012039185
0.6932287812232971
0.6932028532028198
0.6932765245437622
0.6932119727134705