test data loss : 0.6931653618812561
test data accyracy : 0.5

training history accuracy
0.5037500262260437
0.49791666865348816
0.48249998688697815
0.4958333373069763
0.5020833611488342
0.49416667222976685
0.5020833611488342
0.49541667103767395
0.5020833611488342
0.49041667580604553
0.5020833611488342
0.5020833611488342
0.4883333444595337
0.5020833611488342
0.5020833611488342
0.5020833611488342
0.5020833611488342
0.5020833611488342
0.5020833611488342
0.4950000047683716
0.5020833611488342
0.5020833611488342
0.49666666984558105
0.5020833611488342
0.5020833611488342
0.5020833611488342
0.5020833611488342
0.5020833611488342
0.49958333373069763
0.5020833611488342
0.5020833611488342

training history val accuracy
0.5083333253860474
0.5083333253860474
0.5083333253860474
0.49166667461395264
0.49166667461395264
0.49166667461395264
0.49166667461395264
0.49166667461395264
0.49166667461395264
0.49166667461395264
0.49166667461395264
0.49166667461395264
0.49166667461395264
0.49166667461395264
0.49166667461395264
0.49166667461395264
0.49166667461395264
0.49166667461395264
0.49166667461395264
0.49166667461395264
0.49166667461395264
0.49166667461395264
0.49166667461395264
0.49166667461395264
0.49166667461395264
0.49166667461395264
0.49166667461395264
0.49166667461395264
0.49166667461395264
0.49166667461395264
0.49166667461395264

training history loss
0.7008761763572693
0.6932056546211243
0.6931976675987244
0.6931670904159546
0.6932172179222107
0.6931873559951782
0.6931833028793335
0.6931802034378052
0.6931502223014832
0.6932122111320496
0.6931659579277039
0.6931837201118469
0.6932130455970764
0.6932278871536255
0.6931978464126587
0.6931861639022827
0.6931702494621277
0.6931672692298889
0.6932008862495422
0.6931743621826172
0.6931696534156799
0.6931660175323486
0.6932031512260437
0.6931690573692322
0.6931962370872498
0.6931589245796204
0.6931678652763367
0.6931674480438232
0.6931785345077515
0.6931805610656738
0.693179726600647

training history val loss
0.6930705904960632
0.6930845975875854
0.6931242346763611
0.6931904554367065
0.6931551694869995
0.6931512951850891
0.6932727098464966
0.6931711435317993
0.6932433247566223
0.6932756304740906
0.6932164430618286
0.6932825446128845
0.6931876540184021
0.6932293772697449
0.6932038068771362
0.693271815776825
0.6931942701339722
0.6932023763656616
0.6932393312454224
0.6931942701339722
0.6932530999183655
0.6932101845741272
0.6932069659233093
0.6932229995727539
0.6932290196418762
0.69320148229599
0.6931965351104736
0.693236231803894
0.693211555480957
0.6932744979858398
0.6931836009025574