test data loss : 0.693149983882904
test data accyracy : 0.5

training history accuracy
0.5114583373069763
0.5020833611488342
0.5020833611488342
0.4945833384990692
0.49541667103767395
0.5012500286102295
0.49291667342185974
0.5008333325386047
0.4879166781902313
0.5020833611488342
0.5020833611488342
0.5020833611488342
0.5020833611488342
0.49791666865348816
0.5020833611488342
0.5020833611488342
0.49166667461395264
0.4950000047683716
0.5020833611488342
0.5020833611488342
0.5020833611488342
0.49666666984558105
0.5020833611488342
0.5020833611488342
0.5020833611488342
0.5020833611488342
0.5020833611488342
0.4891666769981384
0.5020833611488342
0.5020833611488342
0.5020833611488342
0.4937500059604645
0.5020833611488342
0.4958333373069763
0.5020833611488342
0.5020833611488342
0.5020833611488342

training history val accuracy
0.49166667461395264
0.49166667461395264
0.49166667461395264
0.49166667461395264
0.5083333253860474
0.49166667461395264
0.5083333253860474
0.49166667461395264
0.49166667461395264
0.49166667461395264
0.49166667461395264
0.49166667461395264
0.49166667461395264
0.49166667461395264
0.49166667461395264
0.49166667461395264
0.49166667461395264
0.49166667461395264
0.49166667461395264
0.49166667461395264
0.49166667461395264
0.49166667461395264
0.49166667461395264
0.49166667461395264
0.49166667461395264
0.49166667461395264
0.49166667461395264
0.49166667461395264
0.49166667461395264
0.49166667461395264
0.49166667461395264
0.49166667461395264
0.49166667461395264
0.49166667461395264
0.49166667461395264
0.49166667461395264
0.49166667461395264

training history loss
0.7027130722999573
0.6932315826416016
0.6931914687156677
0.6931959986686707
0.6932253837585449
0.6932158470153809
0.693261981010437
0.6931868195533752
0.6932219862937927
0.6931555271148682
0.6932040452957153
0.6931560039520264
0.6932068467140198
0.6931788921356201
0.6931888461112976
0.6931972503662109
0.6931913495063782
0.6931684017181396
0.6931652426719666
0.6932225227355957
0.6931930780410767
0.6931968331336975
0.6931667327880859
0.6931723356246948
0.6931618452072144
0.6931620836257935
0.6931841969490051
0.6932130455970764
0.6932229399681091
0.693206250667572
0.6932037472724915
0.6931724548339844
0.6931735277175903
0.693192720413208
0.6932461261749268
0.6931595802307129
0.6931631565093994

training history val loss
0.6935856938362122
0.6932432651519775
0.6931654810905457
0.6931495070457458
0.6931138038635254
0.6932180523872375
0.6931106448173523
0.6932528614997864
0.6932404041290283
0.6932500004768372
0.6932848691940308
0.6932048201560974
0.6932469606399536
0.6931682825088501
0.6931860446929932
0.6931717991828918
0.6931682825088501
0.6932300329208374
0.6932410597801208
0.6932418346405029
0.6932082772254944
0.693251371383667
0.6932467222213745
0.6932218670845032
0.693213701248169
0.693239152431488
0.6932191252708435
0.6931552886962891
0.6932355165481567
0.693229079246521
0.6932496428489685
0.6932215094566345
0.6932101249694824
0.6932876110076904
0.6932449340820312
0.6932239532470703
0.693219006061554