test data loss : 0.6931729912757874
test data accyracy : 0.5

training history accuracy
0.5037500262260437
0.49416667222976685
0.4754166603088379
0.502916693687439
0.5020833611488342
0.4987500011920929
0.48750001192092896
0.5020833611488342
0.5020833611488342
0.5020833611488342
0.5020833611488342
0.5020833611488342
0.49291667342185974
0.5020833611488342
0.5020833611488342
0.5020833611488342
0.5020833611488342
0.5020833611488342
0.5020833611488342
0.5020833611488342
0.5020833611488342
0.5020833611488342
0.4987500011920929
0.5020833611488342
0.5020833611488342
0.48875001072883606
0.5020833611488342
0.5020833611488342
0.5020833611488342
0.5020833611488342
0.5020833611488342

training history val accuracy
0.5083333253860474
0.49166667461395264
0.5083333253860474
0.49166667461395264
0.49166667461395264
0.49166667461395264
0.49166667461395264
0.49166667461395264
0.49166667461395264
0.49166667461395264
0.49166667461395264
0.49166667461395264
0.49166667461395264
0.49166667461395264
0.49166667461395264
0.49166667461395264
0.49166667461395264
0.49166667461395264
0.49166667461395264
0.49166667461395264
0.49166667461395264
0.49166667461395264
0.49166667461395264
0.49166667461395264
0.49166667461395264
0.49166667461395264
0.49166667461395264
0.49166667461395264
0.49166667461395264
0.49166667461395264
0.49166667461395264

training history loss
0.7227809429168701
0.6931858062744141
0.6931748390197754
0.6931579113006592
0.6931815147399902
0.6931928992271423
0.6932141780853271
0.6931622624397278
0.6931789517402649
0.6931771636009216
0.6931865215301514
0.6931881904602051
0.6931880712509155
0.6931777000427246
0.6931909918785095
0.6932086944580078
0.6931828260421753
0.6931824684143066
0.6931738257408142
0.6931853890419006
0.6931732892990112
0.6931648254394531
0.6931709051132202
0.6931729912757874
0.693171501159668
0.6932407021522522
0.6931695342063904
0.6931665539741516
0.6931660175323486
0.6931744813919067
0.6931555867195129

training history val loss
0.6930533647537231
0.6931581497192383
0.6931338310241699
0.6931902170181274
0.6932294964790344
0.6932030916213989
0.6931948065757751
0.6932975649833679
0.6932094097137451
0.693263828754425
0.6932775378227234
0.6932687163352966
0.6931609511375427
0.6932390928268433
0.6932552456855774
0.693301260471344
0.6932117938995361
0.6932495832443237
0.6932247281074524
0.6932657957077026
0.6932395696640015
0.6932056546211243
0.6931958794593811
0.6932525634765625
0.6932448744773865
0.693214476108551
0.6932451128959656
0.6932601928710938
0.6932774782180786
0.6932141184806824
0.6932163238525391