test data loss : 0.6931541562080383
test data accyracy : 0.5

training history accuracy
0.5
0.4908333420753479
0.4987500011920929
0.49041667580604553
0.5020833611488342
0.5020833611488342
0.5020833611488342
0.49666666984558105
0.5020833611488342
0.5020833611488342
0.5020833611488342
0.5020833611488342
0.5020833611488342
0.492083340883255
0.5020833611488342
0.48875001072883606
0.5020833611488342
0.5020833611488342
0.5020833611488342
0.4987500011920929
0.5020833611488342
0.5020833611488342
0.5020833611488342
0.5020833611488342
0.5020833611488342
0.5020833611488342
0.5020833611488342
0.4883333444595337
0.5020833611488342
0.4958333373069763
0.5020833611488342

training history val accuracy
0.5083333253860474
0.5083333253860474
0.49166667461395264
0.49166667461395264
0.49166667461395264
0.49166667461395264
0.49166667461395264
0.49166667461395264
0.49166667461395264
0.49166667461395264
0.49166667461395264
0.49166667461395264
0.49166667461395264
0.49166667461395264
0.49166667461395264
0.49166667461395264
0.49166667461395264
0.49166667461395264
0.49166667461395264
0.49166667461395264
0.49166667461395264
0.49166667461395264
0.49166667461395264
0.49166667461395264
0.49166667461395264
0.49166667461395264
0.49166667461395264
0.49166667461395264
0.49166667461395264
0.49166667461395264
0.49166667461395264

training history loss
0.7209680080413818
0.6931798458099365
0.693173348903656
0.6931934952735901
0.6931755542755127
0.6931635737419128
0.6931979060173035
0.6931778788566589
0.6931814551353455
0.6931709051132202
0.6931699514389038
0.6931924223899841
0.6931658983230591
0.6932176947593689
0.6932730078697205
0.6932276487350464
0.6931746602058411
0.6931794285774231
0.6931562423706055
0.6932032108306885
0.6931975483894348
0.6931560039520264
0.6931635737419128
0.6931614875793457
0.693189263343811
0.6932142376899719
0.6931746006011963
0.693208634853363
0.6931608319282532
0.6932119131088257
0.6931866407394409

training history val loss
0.6930918097496033
0.6931403875350952
0.6931610107421875
0.6932238936424255
0.693250298500061
0.6932499408721924
0.6932530999183655
0.6931904554367065
0.6932359337806702
0.6932119727134705
0.6932029128074646
0.6932607293128967
0.6932395696640015
0.6931979656219482
0.6931818127632141
0.6932403445243835
0.69321209192276
0.6932260990142822
0.6932241320610046
0.693172812461853
0.6931889653205872
0.6931835412979126
0.6932656168937683
0.6932321786880493
0.6932079792022705
0.6932173371315002
0.6931850910186768
0.6932321786880493
0.6932287812232971
0.6932748556137085
0.6932370662689209