test data loss : 0.6931476593017578
test data accyracy : 0.5

training history accuracy
0.4958333373069763
0.4841666519641876
0.4908333420753479
0.5020833611488342
0.5020833611488342
0.5020833611488342
0.4950000047683716
0.5020833611488342
0.5020833611488342
0.5020833611488342
0.5020833611488342
0.4854166805744171
0.5020833611488342
0.5020833611488342
0.5020833611488342
0.49041667580604553
0.5020833611488342
0.5020833611488342
0.5020833611488342
0.5020833611488342
0.5020833611488342
0.5020833611488342
0.5020833611488342
0.5020833611488342
0.49416667222976685
0.5020833611488342
0.5020833611488342
0.4866666793823242
0.5020833611488342
0.5020833611488342
0.5020833611488342
0.5020833611488342

training history val accuracy
0.5550000071525574
0.5083333253860474
0.49166667461395264
0.49166667461395264
0.49166667461395264
0.49166667461395264
0.49166667461395264
0.49166667461395264
0.49166667461395264
0.49166667461395264
0.49166667461395264
0.49166667461395264
0.49166667461395264
0.49166667461395264
0.49166667461395264
0.49166667461395264
0.49166667461395264
0.49166667461395264
0.49166667461395264
0.49166667461395264
0.49166667461395264
0.49166667461395264
0.49166667461395264
0.49166667461395264
0.49166667461395264
0.49166667461395264
0.49166667461395264
0.49166667461395264
0.49166667461395264
0.49166667461395264
0.49166667461395264
0.49166667461395264

training history loss
0.6994766592979431
0.6932498812675476
0.6932249665260315
0.6931648850440979
0.6932492256164551
0.6932005286216736
0.6932005286216736
0.693170428276062
0.693169891834259
0.6931676268577576
0.693159818649292
0.6932528614997864
0.6931674480438232
0.6932387948036194
0.6931910514831543
0.6932039260864258
0.6931566596031189
0.6931778788566589
0.6931636929512024
0.6931954026222229
0.6932024955749512
0.6931590437889099
0.6931885480880737
0.6931559443473816
0.6931871771812439
0.6931617259979248
0.6931646466255188
0.693181574344635
0.6931650042533875
0.6931671500205994
0.6931729316711426
0.6931753754615784

training history val loss
0.6931396722793579
0.6931310296058655
0.6931816935539246
0.6931872367858887
0.6932332515716553
0.6931942701339722
0.6931549310684204
0.693208634853363
0.6931825876235962
0.6931875944137573
0.6932382583618164
0.6932755708694458
0.6933026909828186
0.6933281421661377
0.6932411789894104
0.6932786703109741
0.6932222247123718
0.6932393312454224
0.6932052373886108
0.6931772828102112
0.6932344436645508
0.6931700706481934
0.6931824684143066
0.6932163238525391
0.6931785941123962
0.6932615637779236
0.6932185292243958
0.6931856870651245
0.6932380795478821
0.6932877898216248
0.693239152431488
0.6932160258293152