test data loss : 0.6931473016738892
test data accyracy : 0.5

training history accuracy
0.49916666746139526
0.4962500035762787
0.49166667461395264
0.4945833384990692
0.5020833611488342
0.4962500035762787
0.5020833611488342
0.49000000953674316
0.49125000834465027
0.5020833611488342
0.5020833611488342
0.5020833611488342
0.5020833611488342
0.5020833611488342
0.5020833611488342
0.5020833611488342
0.49416667222976685
0.4933333396911621
0.5020833611488342
0.5020833611488342
0.4962500035762787
0.5020833611488342
0.5020833611488342
0.5020833611488342
0.4937500059604645
0.5020833611488342
0.5020833611488342
0.4891666769981384
0.5020833611488342
0.5020833611488342
0.49791666865348816
0.4908333420753479

training history val accuracy
0.49166667461395264
0.5083333253860474
0.49166667461395264
0.49166667461395264
0.49166667461395264
0.49166667461395264
0.49166667461395264
0.49166667461395264
0.49166667461395264
0.49166667461395264
0.49166667461395264
0.49166667461395264
0.49166667461395264
0.49166667461395264
0.49166667461395264
0.49166667461395264
0.49166667461395264
0.49166667461395264
0.49166667461395264
0.49166667461395264
0.49166667461395264
0.49166667461395264
0.49166667461395264
0.49166667461395264
0.49166667461395264
0.49166667461395264
0.49166667461395264
0.49166667461395264
0.49166667461395264
0.49166667461395264
0.49166667461395264
0.49166667461395264

training history loss
0.7076448202133179
0.6935742497444153
0.6932156085968018
0.6931940317153931
0.6931633353233337
0.6931619048118591
0.6931785941123962
0.6932230591773987
0.6932016015052795
0.6931468844413757
0.6931738257408142
0.6931629180908203
0.6931649446487427
0.6931648850440979
0.6932628154754639
0.6931756734848022
0.6931918263435364
0.6931952834129333
0.6931601762771606
0.6931800842285156
0.6931730508804321
0.6931712031364441
0.693181574344635
0.6933056712150574
0.6931893229484558
0.6931758522987366
0.6931778192520142
0.6931723356246948
0.6931776404380798
0.693171501159668
0.6931677460670471
0.6932114958763123

training history val loss
0.6935564279556274
0.693139374256134
0.6931716799736023
0.6932151913642883
0.6932104229927063
0.693193793296814
0.6932244300842285
0.6931823492050171
0.6931790709495544
0.6932668685913086
0.6932495832443237
0.6932340860366821
0.6932390332221985
0.693191647529602
0.6932392120361328
0.6931948065757751
0.6932559013366699
0.6931520104408264
0.693224310874939
0.6932113766670227
0.6932364106178284
0.6932352185249329
0.6931865215301514
0.6931847929954529
0.6931952238082886
0.6932069063186646
0.6932014226913452
0.6932222843170166
0.6932117938995361
0.6932264566421509
0.6932140588760376
0.6931871771812439