test data loss : 0.6932216286659241
test data accyracy : 0.5

training history accuracy
0.5054166913032532
0.48875001072883606
0.4987500011920929
0.48750001192092896
0.49916666746139526
0.5020833611488342
0.49416667222976685
0.5020833611488342
0.4908333420753479
0.5020833611488342
0.5020833611488342
0.5020833611488342
0.5020833611488342
0.5020833611488342
0.5020833611488342
0.5020833611488342
0.5020833611488342
0.4962500035762787
0.5020833611488342
0.5020833611488342
0.49416667222976685
0.5020833611488342
0.5020833611488342
0.49166667461395264
0.48124998807907104
0.5020833611488342
0.5020833611488342
0.5020833611488342
0.5020833611488342
0.5020833611488342
0.5020833611488342

training history val accuracy
0.5083333253860474
0.49166667461395264
0.49166667461395264
0.5083333253860474
0.49166667461395264
0.49166667461395264
0.49166667461395264
0.49166667461395264
0.49166667461395264
0.49166667461395264
0.49166667461395264
0.49166667461395264
0.49166667461395264
0.49166667461395264
0.49166667461395264
0.49166667461395264
0.49166667461395264
0.49166667461395264
0.49166667461395264
0.49166667461395264
0.49166667461395264
0.49166667461395264
0.49166667461395264
0.49166667461395264
0.49166667461395264
0.49166667461395264
0.49166667461395264
0.49166667461395264
0.49166667461395264
0.49166667461395264
0.49166667461395264

training history loss
0.6980203986167908
0.6932145953178406
0.6932242512702942
0.6931893229484558
0.6931891441345215
0.6931852102279663
0.6932033896446228
0.6931892037391663
0.6932003498077393
0.6931644678115845
0.6931807398796082
0.6931942105293274
0.6931748390197754
0.6931726336479187
0.6931788921356201
0.6931862235069275
0.6932094097137451
0.6932134032249451
0.6931940913200378
0.6931596994400024
0.6931769251823425
0.6931954622268677
0.6931654810905457
0.693194568157196
0.6932496428489685
0.6931790709495544
0.6931639313697815
0.6931960582733154
0.6932042241096497
0.6932019591331482
0.6931703090667725

training history val loss
0.6930425763130188
0.6931644082069397
0.693147599697113
0.6931273341178894
0.6932399868965149
0.6932376027107239
0.6932097673416138
0.6932060718536377
0.6931904554367065
0.6932134628295898
0.6932531595230103
0.6932519674301147
0.6932274103164673
0.6932024955749512
0.693215548992157
0.6931859254837036
0.6932123303413391
0.6932669281959534
0.6932206749916077
0.6931887865066528
0.6931965947151184
0.6932328343391418
0.6932364106178284
0.6932258009910583
0.6933378577232361
0.6932665109634399
0.6932216286659241
0.693260908126831
0.6932202577590942
0.6932558417320251
0.6932211518287659