test data loss : 0.6931514739990234
test data accyracy : 0.5

training history accuracy
0.49791666865348816
0.49958333373069763
0.5020833611488342
0.5020833611488342
0.5020833611488342
0.4933333396911621
0.4987500011920929
0.5020833611488342
0.5020833611488342
0.5020833611488342
0.4933333396911621
0.4933333396911621
0.5020833611488342
0.5020833611488342
0.5020833611488342
0.5020833611488342
0.5020833611488342
0.5020833611488342
0.5020833611488342
0.5020833611488342
0.4945833384990692
0.5020833611488342
0.5020833611488342
0.5020833611488342
0.5020833611488342
0.5020833611488342
0.5020833611488342
0.5020833611488342
0.4883333444595337
0.5020833611488342
0.5020833611488342

training history val accuracy
0.5083333253860474
0.49166667461395264
0.49166667461395264
0.49166667461395264
0.49166667461395264
0.49166667461395264
0.49166667461395264
0.49166667461395264
0.49166667461395264
0.49166667461395264
0.49166667461395264
0.49166667461395264
0.49166667461395264
0.49166667461395264
0.49166667461395264
0.49166667461395264
0.49166667461395264
0.49166667461395264
0.49166667461395264
0.49166667461395264
0.49166667461395264
0.49166667461395264
0.49166667461395264
0.49166667461395264
0.49166667461395264
0.49166667461395264
0.49166667461395264
0.49166667461395264
0.49166667461395264
0.49166667461395264
0.49166667461395264

training history loss
0.6973305344581604
0.6931796073913574
0.6931713223457336
0.6931865215301514
0.6932113766670227
0.6931729316711426
0.6931625604629517
0.6931872367858887
0.6932066082954407
0.6931867599487305
0.6931928396224976
0.6932173371315002
0.693198561668396
0.6931957602500916
0.6932061314582825
0.6931707859039307
0.6931570172309875
0.6931691765785217
0.6931962370872498
0.6931633949279785
0.6932148933410645
0.6931602358818054
0.6931723952293396
0.6931706666946411
0.6931624412536621
0.6931648850440979
0.6931796669960022
0.6932126879692078
0.6931936740875244
0.6931900978088379
0.6931906342506409

training history val loss
0.6931023597717285
0.6931986808776855
0.6932520270347595
0.693191409111023
0.6932501792907715
0.6931670308113098
0.6931942105293274
0.6932794451713562
0.6932147741317749
0.6932251453399658
0.6931982636451721
0.6932510733604431
0.6932235360145569
0.6932564377784729
0.6932367086410522
0.6931986808776855
0.6932198405265808
0.6932505965232849
0.6931674480438232
0.6932194828987122
0.6932598352432251
0.6932116150856018
0.6931964159011841
0.6931989789009094
0.6932201385498047
0.6932018995285034
0.6931961178779602
0.6932023763656616
0.6931629180908203
0.6932686567306519
0.6931895613670349