test data loss : 0.6931638121604919
test data accyracy : 0.5

training history accuracy
0.5074999928474426
0.49791666865348816
0.48374998569488525
0.4987500011920929
0.5020833611488342
0.5020833611488342
0.49916666746139526
0.5020833611488342
0.49166667461395264
0.4908333420753479
0.49666666984558105
0.5020833611488342
0.5020833611488342
0.48625001311302185
0.5020833611488342
0.4925000071525574
0.4908333420753479
0.5020833611488342
0.5
0.5020833611488342
0.49125000834465027
0.5020833611488342
0.5020833611488342
0.5020833611488342
0.5020833611488342
0.48875001072883606
0.5020833611488342
0.5020833611488342
0.4933333396911621
0.5020833611488342
0.5020833611488342
0.48875001072883606

training history val accuracy
0.5083333253860474
0.5083333253860474
0.49166667461395264
0.49166667461395264
0.49166667461395264
0.49166667461395264
0.49166667461395264
0.49166667461395264
0.49166667461395264
0.49166667461395264
0.49166667461395264
0.49166667461395264
0.49166667461395264
0.49166667461395264
0.49166667461395264
0.49166667461395264
0.49166667461395264
0.49166667461395264
0.49166667461395264
0.49166667461395264
0.49166667461395264
0.49166667461395264
0.49166667461395264
0.49166667461395264
0.49166667461395264
0.49166667461395264
0.49166667461395264
0.49166667461395264
0.49166667461395264
0.49166667461395264
0.49166667461395264
0.49166667461395264

training history loss
0.6956679224967957
0.6933852434158325
0.6932055950164795
0.6931999921798706
0.6931806206703186
0.6931736469268799
0.6932309865951538
0.6932068467140198
0.6932114958763123
0.6932319402694702
0.6932969689369202
0.6931881904602051
0.6931901574134827
0.693238377571106
0.693236231803894
0.6932331919670105
0.6932390928268433
0.6931907534599304
0.6931942105293274
0.6932141780853271
0.6931972503662109
0.6932160258293152
0.6931746602058411
0.6932136416435242
0.6931885480880737
0.6932352781295776
0.6931681632995605
0.6932235360145569
0.6932408809661865
0.6931552290916443
0.6932508945465088
0.6932260394096375

training history val loss
0.6930960416793823
0.6930676698684692
0.6931613087654114
0.6932126879692078
0.6932167410850525
0.6932039856910706
0.6931570768356323
0.6932843923568726
0.693213701248169
0.6933351755142212
0.6933285593986511
0.6933272480964661
0.6932939291000366
0.6932610869407654
0.6932306885719299
0.6932621002197266
0.6931889653205872
0.6932111382484436
0.6932711005210876
0.6932095885276794
0.6932125091552734
0.6932688355445862
0.6932544708251953
0.6932865977287292
0.6932293176651001
0.6933271288871765
0.6932163238525391
0.6932239532470703
0.693207323551178
0.6932194232940674
0.6932858228683472
0.6931630969047546