test data loss : 0.6931624412536621
test data accyracy : 0.5

training history accuracy
0.49562498927116394
0.49541667103767395
0.49687498807907104
0.4987500011920929
0.502916693687439
0.5070833563804626
0.49291667342185974
0.5020833611488342
0.4866666793823242
0.5020833611488342
0.5020833611488342
0.5020833611488342
0.5020833611488342
0.4891666769981384
0.5020833611488342
0.5020833611488342
0.5020833611488342
0.492083340883255
0.5020833611488342
0.5020833611488342
0.5020833611488342
0.4950000047683716
0.4937500059604645
0.5020833611488342
0.5020833611488342
0.5020833611488342
0.49291667342185974
0.5020833611488342
0.48625001311302185
0.5020833611488342
0.5020833611488342
0.49666666984558105
0.492083340883255
0.4891666769981384
0.49166667461395264

training history val accuracy
0.5083333253860474
0.49166667461395264
0.49166667461395264
0.49166667461395264
0.5083333253860474
0.49166667461395264
0.49166667461395264
0.49166667461395264
0.49166667461395264
0.49166667461395264
0.49166667461395264
0.49166667461395264
0.49166667461395264
0.49166667461395264
0.49166667461395264
0.49166667461395264
0.49166667461395264
0.49166667461395264
0.49166667461395264
0.49166667461395264
0.49166667461395264
0.49166667461395264
0.49166667461395264
0.49166667461395264
0.49166667461395264
0.49166667461395264
0.49166667461395264
0.49166667461395264
0.49166667461395264
0.49166667461395264
0.49166667461395264
0.49166667461395264
0.49166667461395264
0.49166667461395264
0.49166667461395264

training history loss
0.6947848796844482
0.6931904554367065
0.6932008266448975
0.6931570172309875
0.6935104727745056
0.6933433413505554
0.6933473944664001
0.6933563351631165
0.693240225315094
0.6931506991386414
0.6932186484336853
0.6931639909744263
0.6931970715522766
0.693203866481781
0.6932048797607422
0.6931729912757874
0.6931784152984619
0.6932381987571716
0.6931796073913574
0.69319087266922
0.6932547688484192
0.6931654810905457
0.6932003498077393
0.693148672580719
0.6931791305541992
0.6932177543640137
0.6931861639022827
0.6931910514831543
0.6932128667831421
0.6932467222213745
0.6931877732276917
0.6931954622268677
0.6931717991828918
0.6932083368301392
0.6931902766227722

training history val loss
0.6931129693984985
0.6931886672973633
0.6931592226028442
0.6931970119476318
0.6930890083312988
0.6934531927108765
0.6942344903945923
0.6932180523872375
0.6931850910186768
0.6932395696640015
0.6932434439659119
0.6932485103607178
0.6932594180107117
0.6932119131088257
0.6933094263076782
0.6932420134544373
0.6931824684143066
0.6931511163711548
0.6932182908058167
0.6932187080383301
0.6932308673858643
0.6931878924369812
0.6931878328323364
0.6932341456413269
0.6932398080825806
0.6932526230812073
0.6932206749916077
0.6932774782180786
0.6931760311126709
0.6932628750801086
0.6931887269020081
0.6931545734405518
0.6932191848754883
0.6932449340820312
0.6932426691055298