test data loss : 0.6931472420692444
test data accyracy : 0.5

training history accuracy
0.49041667580604553
0.49291667342185974
0.492083340883255
0.4970833361148834
0.5020833611488342
0.5020833611488342
0.5020833611488342
0.5020833611488342
0.4937500059604645
0.5020833611488342
0.4975000023841858
0.5020833611488342
0.5020833611488342
0.5020833611488342
0.5020833611488342
0.5020833611488342
0.5020833611488342
0.5020833611488342
0.5020833611488342
0.49041667580604553
0.4845833480358124
0.5020833611488342
0.5020833611488342
0.49291667342185974
0.5020833611488342
0.5020833611488342
0.5020833611488342
0.4987500011920929
0.5020833611488342
0.5020833611488342
0.49416667222976685
0.5020833611488342
0.5020833611488342
0.4854166805744171
0.49541667103767395
0.5020833611488342
0.4858333468437195
0.5020833611488342
0.5020833611488342
0.5020833611488342
0.5020833611488342
0.5020833611488342
0.5020833611488342
0.5020833611488342
0.49666666984558105
0.48625001311302185
0.5020833611488342
0.5020833611488342
0.5020833611488342
0.5020833611488342
0.49958333373069763
0.5020833611488342
0.5020833611488342
0.5020833611488342
0.4970833361148834
0.5020833611488342
0.5020833611488342
0.4937500059604645
0.5020833611488342
0.5020833611488342
0.5020833611488342
0.5020833611488342
0.5020833611488342
0.5020833611488342
0.4870833456516266
0.5020833611488342
0.5020833611488342
0.5020833611488342
0.5020833611488342
0.49291667342185974
0.4937500059604645
0.5020833611488342
0.5020833611488342
0.48750001192092896
0.5020833611488342
0.5020833611488342

training history val accuracy
0.49166667461395264
0.49166667461395264
0.49166667461395264
0.49166667461395264
0.49166667461395264
0.49166667461395264
0.49166667461395264
0.49166667461395264
0.49166667461395264
0.49166667461395264
0.49166667461395264
0.49166667461395264
0.49166667461395264
0.49166667461395264
0.49166667461395264
0.49166667461395264
0.49166667461395264
0.49166667461395264
0.49166667461395264
0.49166667461395264
0.49166667461395264
0.49166667461395264
0.49166667461395264
0.49166667461395264
0.49166667461395264
0.49166667461395264
0.49166667461395264
0.49166667461395264
0.49166667461395264
0.49166667461395264
0.49166667461395264
0.49166667461395264
0.49166667461395264
0.49166667461395264
0.49166667461395264
0.49166667461395264
0.49166667461395264
0.49166667461395264
0.49166667461395264
0.49166667461395264
0.49166667461395264
0.49166667461395264
0.49166667461395264
0.49166667461395264
0.49166667461395264
0.49166667461395264
0.49166667461395264
0.49166667461395264
0.49166667461395264
0.49166667461395264
0.49166667461395264
0.49166667461395264
0.49166667461395264
0.49166667461395264
0.49166667461395264
0.49166667461395264
0.49166667461395264
0.49166667461395264
0.49166667461395264
0.49166667461395264
0.49166667461395264
0.49166667461395264
0.49166667461395264
0.49166667461395264
0.49166667461395264
0.49166667461395264
0.49166667461395264
0.49166667461395264
0.49166667461395264
0.49166667461395264
0.49166667461395264
0.49166667461395264
0.49166667461395264
0.49166667461395264
0.49166667461395264
0.49166667461395264

training history loss
0.7020580768585205
0.6932297348976135
0.6932089328765869
0.6931831240653992
0.693184494972229
0.6932043433189392
0.6931635141372681
0.6931598782539368
0.6931715607643127
0.6931803822517395
0.693182110786438
0.6931858062744141
0.6931774616241455
0.693173348903656
0.6931735277175903
0.6931741237640381
0.6931563019752502
0.6932099461555481
0.6932160258293152
0.6932618021965027
0.6931716799736023
0.693249523639679
0.6931692957878113
0.693185031414032
0.6932002902030945
0.693150520324707
0.6931682229042053
0.693179726600647
0.693192720413208
0.6931744813919067
0.6932020783424377
0.6932145953178406
0.6931726932525635
0.6931933164596558
0.6931709051132202
0.6931630969047546
0.6932875514030457
0.6931929588317871
0.6932063698768616
0.6931923627853394
0.693168044090271
0.6931981444358826
0.6932117342948914
0.6931850910186768
0.6931784152984619
0.6932588219642639
0.6931664347648621
0.6931987404823303
0.6932144165039062
0.6931595206260681
0.6932184100151062
0.6931717991828918
0.6931638717651367
0.693181574344635
0.6931556463241577
0.6931881904602051
0.6931644082069397
0.693229615688324
0.6931803226470947
0.6931634545326233
0.6931644678115845
0.693190336227417
0.6931900382041931
0.6931849122047424
0.6932468414306641
0.6931740045547485
0.6932007074356079
0.6931741237640381
0.6931583285331726
0.6931951642036438
0.6932020783424377
0.6931615471839905
0.693206250667572
0.6932008266448975
0.6931709051132202
0.693166196346283

training history val loss
0.6931872963905334
0.6931825280189514
0.6931759119033813
0.6932675242424011
0.6932358741760254
0.6932058334350586
0.6932191252708435
0.6931909918785095
0.6932031512260437
0.6932343244552612
0.6932069659233093
0.6932594776153564
0.693244993686676
0.6932450532913208
0.693272590637207
0.6932490468025208
0.6932191252708435
0.6932253241539001
0.693179190158844
0.6931560039520264
0.6931940317153931
0.6932299137115479
0.6931965947151184
0.6931827068328857
0.6932685375213623
0.6932274103164673
0.6931928396224976
0.6931749582290649
0.6932410001754761
0.6932265162467957
0.6932413578033447
0.6932820677757263
0.6931852698326111
0.6931824088096619
0.6931935548782349
0.6932331323623657
0.6932001709938049
0.6932840943336487
0.6932132244110107
0.693220853805542
0.6932058334350586
0.6932169795036316
0.6932230591773987
0.6931737661361694
0.6932443976402283
0.6931524872779846
0.6932340264320374
0.6932029128074646
0.6932336091995239
0.6932311058044434
0.6932346820831299
0.693271279335022
0.6932742595672607
0.6932179927825928
0.6931934952735901
0.6932041645050049
0.6931850910186768
0.6931806802749634
0.6932194232940674
0.6932246685028076
0.6932266354560852
0.6931986808776855
0.6932272911071777
0.6932073831558228
0.6932390332221985
0.6932485103607178
0.6931895017623901
0.6932370662689209
0.6931808590888977
0.6932202577590942
0.69318687915802
0.6932225227355957
0.6932408809661865
0.6931971907615662
0.6932275891304016
0.6931928992271423