test data loss : 0.6931559443473816
test data accyracy : 0.5

training history accuracy
0.5004166960716248
0.49791666865348816
0.49791666865348816
0.49000000953674316
0.5020833611488342
0.5020833611488342
0.4950000047683716
0.5020833611488342
0.4958333373069763
0.5020833611488342
0.4895833432674408
0.5020833611488342
0.5020833611488342
0.5020833611488342
0.5020833611488342
0.4970833361148834
0.5020833611488342
0.4933333396911621
0.5020833611488342
0.49125000834465027
0.49291667342185974
0.5020833611488342
0.5020833611488342
0.5020833611488342
0.5020833611488342
0.5020833611488342
0.4908333420753479
0.5020833611488342
0.5020833611488342
0.5020833611488342
0.4925000071525574

training history val accuracy
0.5083333253860474
0.5083333253860474
0.49166667461395264
0.49166667461395264
0.49166667461395264
0.49166667461395264
0.49166667461395264
0.49166667461395264
0.49166667461395264
0.49166667461395264
0.49166667461395264
0.49166667461395264
0.49166667461395264
0.49166667461395264
0.49166667461395264
0.49166667461395264
0.49166667461395264
0.49166667461395264
0.49166667461395264
0.49166667461395264
0.49166667461395264
0.49166667461395264
0.49166667461395264
0.49166667461395264
0.49166667461395264
0.49166667461395264
0.49166667461395264
0.49166667461395264
0.49166667461395264
0.49166667461395264
0.49166667461395264

training history loss
0.6935731768608093
0.6932127475738525
0.69317626953125
0.693183958530426
0.693163275718689
0.6931908130645752
0.6931715607643127
0.6931781768798828
0.6931726336479187
0.6931606531143188
0.6932284832000732
0.6932395696640015
0.6931838989257812
0.6931949257850647
0.6931763291358948
0.6931686997413635
0.6931859254837036
0.693188488483429
0.6931793093681335
0.6932215094566345
0.6931729912757874
0.6931894421577454
0.6931766271591187
0.693166971206665
0.693149745464325
0.6931726932525635
0.6932090520858765
0.6932277679443359
0.6931578516960144
0.6932160258293152
0.6931945085525513

training history val loss
0.6930863857269287
0.6931029558181763
0.6931650042533875
0.6931565403938293
0.693263590335846
0.6932052373886108
0.6931760907173157
0.6931907534599304
0.6932582855224609
0.6932501196861267
0.6932651400566101
0.6932239532470703
0.6932014226913452
0.6932361125946045
0.6932482123374939
0.6931834816932678
0.6932157278060913
0.6932427883148193
0.6932235956192017
0.6932241916656494
0.6932802200317383
0.6932849884033203
0.6932451128959656
0.6932041645050049
0.693251371383667
0.6932653784751892
0.6932390332221985
0.693316638469696
0.6932119727134705
0.6931871175765991
0.6932528018951416