test data loss : 0.6932436227798462
test data accyracy : 0.5

training history accuracy
0.5083333253860474
0.4908333420753479
0.5020833611488342
0.5020833611488342
0.5020833611488342
0.5020833611488342
0.5020833611488342
0.4962500035762787
0.49291667342185974
0.492083340883255
0.5020833611488342
0.49166667461395264
0.5020833611488342
0.5020833611488342
0.5020833611488342
0.5020833611488342
0.4895833432674408
0.5020833611488342
0.492083340883255
0.5020833611488342
0.5020833611488342
0.5020833611488342
0.5020833611488342
0.5020833611488342
0.5020833611488342
0.4937500059604645
0.5020833611488342
0.5020833611488342
0.5020833611488342
0.5020833611488342
0.5020833611488342

training history val accuracy
0.5083333253860474
0.49166667461395264
0.49166667461395264
0.49166667461395264
0.49166667461395264
0.49166667461395264
0.49166667461395264
0.5083333253860474
0.49166667461395264
0.49166667461395264
0.49166667461395264
0.49166667461395264
0.49166667461395264
0.49166667461395264
0.49166667461395264
0.49166667461395264
0.49166667461395264
0.49166667461395264
0.49166667461395264
0.49166667461395264
0.49166667461395264
0.49166667461395264
0.49166667461395264
0.49166667461395264
0.49166667461395264
0.49166667461395264
0.49166667461395264
0.49166667461395264
0.49166667461395264
0.49166667461395264
0.49166667461395264

training history loss
0.6963495016098022
0.6935762763023376
0.6932668089866638
0.6931777596473694
0.6931864023208618
0.6931909322738647
0.6932302713394165
0.6932048797607422
0.6931771636009216
0.6931940913200378
0.6931870579719543
0.6932478547096252
0.6932045817375183
0.6931604146957397
0.6932070255279541
0.6931712627410889
0.6932116150856018
0.693196177482605
0.6932125091552734
0.6931750774383545
0.6931667923927307
0.6931670904159546
0.693168044090271
0.6932395696640015
0.6931505799293518
0.6932036876678467
0.6931560635566711
0.6931851506233215
0.6932007074356079
0.6931611895561218
0.6931709051132202

training history val loss
0.6930758357048035
0.6933783888816833
0.6934539079666138
0.6932169795036316
0.6931942701339722
0.6932705640792847
0.6931804418563843
0.693126916885376
0.6932063102722168
0.6931666731834412
0.6932791471481323
0.6932622790336609
0.6932543516159058
0.6932211518287659
0.6932198405265808
0.6932337284088135
0.6932016015052795
0.6932904124259949
0.6932175159454346
0.6932369470596313
0.6932260394096375
0.6931920051574707
0.6932362914085388
0.6932188868522644
0.6931542754173279
0.6931655406951904
0.6932795643806458
0.6932473182678223
0.6932774782180786
0.6932178735733032
0.6932164430618286