test data loss : 0.6931468844413757
test data accyracy : 0.5

training history accuracy
0.48374998569488525
0.4908333420753479
0.4962500035762787
0.5020833611488342
0.4962500035762787
0.5020833611488342
0.4895833432674408
0.4791666567325592
0.5020833611488342
0.5020833611488342
0.49416667222976685
0.5020833611488342
0.48374998569488525
0.5020833611488342
0.5020833611488342
0.5020833611488342
0.5020833611488342
0.5020833611488342
0.4925000071525574
0.5020833611488342
0.5020833611488342
0.5020833611488342
0.5020833611488342
0.5020833611488342
0.48124998807907104
0.5020833611488342
0.4895833432674408
0.5020833611488342
0.5020833611488342
0.5020833611488342
0.5020833611488342

training history val accuracy
0.5083333253860474
0.49166667461395264
0.49166667461395264
0.49166667461395264
0.49166667461395264
0.49166667461395264
0.49166667461395264
0.49166667461395264
0.49166667461395264
0.49166667461395264
0.49166667461395264
0.49166667461395264
0.49166667461395264
0.49166667461395264
0.49166667461395264
0.49166667461395264
0.49166667461395264
0.49166667461395264
0.49166667461395264
0.49166667461395264
0.49166667461395264
0.49166667461395264
0.49166667461395264
0.49166667461395264
0.49166667461395264
0.49166667461395264
0.49166667461395264
0.49166667461395264
0.49166667461395264
0.49166667461395264
0.49166667461395264

training history loss
0.6937958002090454
0.693219780921936
0.6931818127632141
0.6932235956192017
0.6931868195533752
0.6931828856468201
0.6931929588317871
0.6932247877120972
0.6931730508804321
0.6931759715080261
0.6931820511817932
0.6932132244110107
0.6932731866836548
0.6931966543197632
0.6931583285331726
0.6931734085083008
0.6932178735733032
0.693176805973053
0.6931877732276917
0.6932239532470703
0.6931502223014832
0.693206250667572
0.6931783556938171
0.6931596994400024
0.6931982040405273
0.6931648254394531
0.6931871771812439
0.6932278871536255
0.6931643486022949
0.6931870579719543
0.6931713819503784

training history val loss
0.6931292414665222
0.6931501626968384
0.6932101249694824
0.6932433247566223
0.6932482123374939
0.693260133266449
0.6931991577148438
0.6932029724121094
0.6932638883590698
0.6932517290115356
0.6932458281517029
0.6932507753372192
0.6931578516960144
0.6932035684585571
0.6932731866836548
0.6932175159454346
0.6932104229927063
0.6931952834129333
0.6931554675102234
0.6933192014694214
0.6932092905044556
0.6932389140129089
0.6932094097137451
0.6931951642036438
0.6932011246681213
0.6932684779167175
0.693254828453064
0.6932885050773621
0.6932114362716675
0.693191647529602
0.6932407021522522