test data loss : 0.6931474804878235
test data accyracy : 0.5

training history accuracy
0.49937498569488525
0.5012500286102295
0.5020833611488342
0.4958333373069763
0.49541667103767395
0.5020833611488342
0.5020833611488342
0.49812498688697815
0.5020833611488342
0.4895833432674408
0.5020833611488342
0.5020833611488342
0.5020833611488342
0.5020833611488342
0.49000000953674316
0.4895833432674408
0.5024999976158142
0.5020833611488342
0.49000000953674316
0.5020833611488342
0.4962500035762787
0.5020833611488342
0.5020833611488342
0.49041667580604553
0.5020833611488342
0.5020833611488342
0.5020833611488342
0.5020833611488342
0.5020833611488342
0.5020833611488342
0.4883333444595337
0.5020833611488342
0.5020833611488342
0.5020833611488342
0.5020833611488342
0.5020833611488342
0.4895833432674408
0.5016666650772095
0.49041667580604553
0.5020833611488342
0.5020833611488342
0.5020833611488342
0.48875001072883606
0.5020833611488342
0.5020833611488342
0.48875001072883606

training history val accuracy
0.49166667461395264
0.49166667461395264
0.49166667461395264
0.49166667461395264
0.49166667461395264
0.49166667461395264
0.49166667461395264
0.49166667461395264
0.49166667461395264
0.49166667461395264
0.49166667461395264
0.49166667461395264
0.49166667461395264
0.49166667461395264
0.49166667461395264
0.5083333253860474
0.49166667461395264
0.49166667461395264
0.49166667461395264
0.49166667461395264
0.49166667461395264
0.49166667461395264
0.49166667461395264
0.49166667461395264
0.49166667461395264
0.49166667461395264
0.49166667461395264
0.49166667461395264
0.49166667461395264
0.49166667461395264
0.49166667461395264
0.49166667461395264
0.49166667461395264
0.49166667461395264
0.49166667461395264
0.49166667461395264
0.5083333253860474
0.49166667461395264
0.49166667461395264
0.49166667461395264
0.49166667461395264
0.49166667461395264
0.49166667461395264
0.49166667461395264
0.49166667461395264
0.49166667461395264

training history loss
0.6954734325408936
0.693256139755249
0.6931613087654114
0.6931812167167664
0.6931588649749756
0.6931795477867126
0.6931692957878113
0.693279504776001
0.6931689977645874
0.6932147741317749
0.6932006478309631
0.6931663155555725
0.6931784749031067
0.6931896805763245
0.6931813955307007
0.6933053135871887
0.6931778192520142
0.6931802034378052
0.6932000517845154
0.6932241916656494
0.69317227602005
0.6931668519973755
0.6931784749031067
0.6931979060173035
0.6931859850883484
0.693182110786438
0.6931642889976501
0.6932249665260315
0.6931930184364319
0.6931665539741516
0.6932557821273804
0.6932324171066284
0.6931757926940918
0.6931611895561218
0.6931644082069397
0.6932567358016968
0.6931729912757874
0.693169116973877
0.693203866481781
0.6931843757629395
0.6932050585746765
0.6931743025779724
0.6931951642036438
0.693189799785614
0.69317227602005
0.693195104598999

training history val loss
0.6931698322296143
0.6932510137557983
0.6931909918785095
0.6931648254394531
0.6932373046875
0.6932840943336487
0.6931986808776855
0.6932857036590576
0.6931968927383423
0.693219006061554
0.6932558417320251
0.6932031512260437
0.6932255625724792
0.6932641863822937
0.6931906342506409
0.6931352019309998
0.6932361125946045
0.6932163834571838
0.6931735873222351
0.6932342648506165
0.6932161450386047
0.6932502388954163
0.6932324171066284
0.693219006061554
0.6933118104934692
0.6932563781738281
0.6932265758514404
0.6931756734848022
0.6932358145713806
0.6932241916656494
0.6931847333908081
0.6932122707366943
0.6932270526885986
0.6932332515716553
0.6932509541511536
0.6932705640792847
0.693146824836731
0.6932224631309509
0.6931850910186768
0.6932448744773865
0.6932491660118103
0.6932341456413269
0.6932180523872375
0.6932342648506165
0.6931997537612915
0.6932159662246704