test data loss : 0.6931496262550354
test data accyracy : 0.5

training history accuracy
0.48625001311302185
0.49958333373069763
0.5020833611488342
0.4937500059604645
0.4987500011920929
0.4937500059604645
0.5020833611488342
0.48124998807907104
0.5020833611488342
0.49916666746139526
0.5020833611488342
0.5020833611488342
0.49000000953674316
0.5016666650772095
0.5020833611488342
0.5020833611488342
0.4937500059604645
0.5020833611488342
0.5020833611488342
0.492083340883255
0.5020833611488342
0.5020833611488342
0.5020833611488342
0.49125000834465027
0.5020833611488342
0.49291667342185974
0.5020833611488342
0.5020833611488342
0.49541667103767395
0.5020833611488342
0.5020833611488342
0.5020833611488342
0.5020833611488342
0.5020833611488342
0.5020833611488342
0.5020833611488342
0.48500001430511475
0.5020833611488342
0.4908333420753479
0.49125000834465027
0.5020833611488342
0.5020833611488342
0.49041667580604553

training history val accuracy
0.5083333253860474
0.49166667461395264
0.49166667461395264
0.49166667461395264
0.49166667461395264
0.49166667461395264
0.49166667461395264
0.49166667461395264
0.49166667461395264
0.49166667461395264
0.49166667461395264
0.5083333253860474
0.5083333253860474
0.49166667461395264
0.49166667461395264
0.49166667461395264
0.49166667461395264
0.49166667461395264
0.49166667461395264
0.49166667461395264
0.49166667461395264
0.49166667461395264
0.49166667461395264
0.49166667461395264
0.49166667461395264
0.49166667461395264
0.49166667461395264
0.49166667461395264
0.49166667461395264
0.49166667461395264
0.49166667461395264
0.49166667461395264
0.49166667461395264
0.49166667461395264
0.49166667461395264
0.49166667461395264
0.49166667461395264
0.49166667461395264
0.49166667461395264
0.49166667461395264
0.49166667461395264
0.49166667461395264
0.49166667461395264

training history loss
0.6944111585617065
0.6931948065757751
0.6931906938552856
0.6932141184806824
0.693178117275238
0.6932234764099121
0.693168580532074
0.6931920647621155
0.6931689381599426
0.6932123899459839
0.6931679844856262
0.6932657957077026
0.693236768245697
0.6931659579277039
0.6931864023208618
0.6932047605514526
0.6931774616241455
0.6931836605072021
0.6931659579277039
0.6932132244110107
0.6931777596473694
0.6931670904159546
0.6931909918785095
0.6931977272033691
0.6931850910186768
0.6931774616241455
0.6931746006011963
0.6931694746017456
0.6932275891304016
0.6931790113449097
0.6931670904159546
0.6931644678115845
0.6931774616241455
0.6931637525558472
0.6931963562965393
0.6931875944137573
0.693271815776825
0.6932110786437988
0.6932002305984497
0.693189263343811
0.6931909918785095
0.6931619048118591
0.6931827068328857

training history val loss
0.6931353807449341
0.6932655572891235
0.6931804418563843
0.6932287216186523
0.6931963562965393
0.6932086944580078
0.6932041645050049
0.6931861042976379
0.6932229995727539
0.6932944059371948
0.6931951642036438
0.6931465864181519
0.6931127905845642
0.693210780620575
0.6931882500648499
0.6932279467582703
0.6931862235069275
0.6931849122047424
0.6932388544082642
0.6932152509689331
0.693238377571106
0.6932260394096375
0.6932428479194641
0.6932000517845154
0.6932823657989502
0.6932144165039062
0.6932217478752136
0.693247377872467
0.6931669116020203
0.693260133266449
0.6932420134544373
0.6931982636451721
0.6932259798049927
0.693254292011261
0.6932352185249329
0.6932271122932434
0.6931504607200623
0.6932845115661621
0.6932114958763123
0.6932161450386047
0.6932290196418762
0.6932034492492676
0.693221926689148