test data loss : 0.693147599697113
test data accyracy : 0.5

training history accuracy
0.5016666650772095
0.5020833611488342
0.4975000023841858
0.5020833611488342
0.5020833611488342
0.4908333420753479
0.5020833611488342
0.4908333420753479
0.5020833611488342
0.5020833611488342
0.5020833611488342
0.5020833611488342
0.5020833611488342
0.5020833611488342
0.5020833611488342
0.5020833611488342
0.5020833611488342
0.5020833611488342
0.5020833611488342
0.5020833611488342
0.5020833611488342
0.5020833611488342
0.5020833611488342
0.4958333373069763
0.5020833611488342
0.5020833611488342
0.5020833611488342
0.4879166781902313
0.5020833611488342
0.5020833611488342
0.5020833611488342
0.5020833611488342
0.49666666984558105
0.5020833611488342

training history val accuracy
0.49166667461395264
0.49166667461395264
0.49166667461395264
0.49166667461395264
0.49166667461395264
0.49166667461395264
0.49166667461395264
0.49166667461395264
0.49166667461395264
0.49166667461395264
0.49166667461395264
0.49166667461395264
0.49166667461395264
0.49166667461395264
0.49166667461395264
0.49166667461395264
0.49166667461395264
0.49166667461395264
0.49166667461395264
0.49166667461395264
0.49166667461395264
0.49166667461395264
0.49166667461395264
0.49166667461395264
0.49166667461395264
0.49166667461395264
0.49166667461395264
0.49166667461395264
0.49166667461395264
0.49166667461395264
0.49166667461395264
0.49166667461395264
0.49166667461395264
0.49166667461395264

training history loss
0.696799635887146
0.6931666731834412
0.6932244300842285
0.6931780576705933
0.6932231187820435
0.6931765079498291
0.6931729316711426
0.6931975483894348
0.6931556463241577
0.6931692957878113
0.6931694149971008
0.6931588053703308
0.6931731104850769
0.6931976675987244
0.693178117275238
0.6931741833686829
0.6931688189506531
0.6931750774383545
0.6931641697883606
0.6932023167610168
0.6931719183921814
0.6931894421577454
0.6931860446929932
0.6931684017181396
0.693200945854187
0.6931772232055664
0.6931618452072144
0.693230152130127
0.6931726932525635
0.6931965351104736
0.6931736469268799
0.693219006061554
0.6931743025779724
0.6931741237640381

training history val loss
0.6932147145271301
0.6932643055915833
0.693183958530426
0.6931601166725159
0.6932075023651123
0.693189263343811
0.693180501461029
0.6932114362716675
0.6932547688484192
0.6931784749031067
0.6932366490364075
0.693211555480957
0.6931986808776855
0.6932952404022217
0.6932189464569092
0.6932141780853271
0.6932331919670105
0.6932235360145569
0.6931779384613037
0.693210780620575
0.6931933164596558
0.6932225227355957
0.6931852698326111
0.6931847929954529
0.6932428479194641
0.6932170391082764
0.6931834816932678
0.6932086944580078
0.6932899355888367
0.6932721734046936
0.6932061910629272
0.6932559609413147
0.6931818127632141
0.6932218074798584