test data loss : 0.6932473182678223
test data accyracy : 0.5

training history accuracy
0.49125000834465027
0.5112500190734863
0.49166667461395264
0.47833332419395447
0.4908333420753479
0.49791666865348816
0.5020833611488342
0.5020833611488342
0.5020833611488342
0.4854166805744171
0.5020833611488342
0.5020833611488342
0.49791666865348816
0.5020833611488342
0.5020833611488342
0.4937500059604645
0.5020833611488342
0.5020833611488342
0.4937500059604645
0.4925000071525574
0.5020833611488342
0.5020833611488342
0.5020833611488342
0.49541667103767395
0.5020833611488342
0.5020833611488342
0.492083340883255
0.5020833611488342
0.4891666769981384
0.4858333468437195
0.5020833611488342
0.5020833611488342

training history val accuracy
0.5083333253860474
0.5083333253860474
0.5083333253860474
0.49166667461395264
0.5083333253860474
0.49166667461395264
0.49166667461395264
0.49166667461395264
0.49166667461395264
0.49166667461395264
0.49166667461395264
0.49166667461395264
0.49166667461395264
0.49166667461395264
0.49166667461395264
0.49166667461395264
0.49166667461395264
0.49166667461395264
0.49166667461395264
0.49166667461395264
0.49166667461395264
0.49166667461395264
0.49166667461395264
0.49166667461395264
0.49166667461395264
0.49166667461395264
0.49166667461395264
0.49166667461395264
0.49166667461395264
0.49166667461395264
0.49166667461395264
0.49166667461395264

training history loss
0.6992783546447754
0.6932687163352966
0.693335235118866
0.6932370066642761
0.6932474374771118
0.6931762099266052
0.6931553483009338
0.6931645274162292
0.6931784749031067
0.6932253837585449
0.6931981444358826
0.6931740045547485
0.6931818127632141
0.6931706666946411
0.6932073831558228
0.6932137608528137
0.693198025226593
0.6931615471839905
0.6931946277618408
0.6932704448699951
0.6931588053703308
0.6932048797607422
0.6931760907173157
0.6931861042976379
0.6931777000427246
0.6931847929954529
0.693192183971405
0.693192183971405
0.6932563185691833
0.693263828754425
0.6932090520858765
0.6931678652763367

training history val loss
0.6930534839630127
0.6930095553398132
0.6930925250053406
0.6931517720222473
0.6931073069572449
0.6931846737861633
0.693230152130127
0.6932339072227478
0.6932815313339233
0.6931828856468201
0.6932617425918579
0.6932225227355957
0.6932101249694824
0.6932653784751892
0.6932750344276428
0.6932187676429749
0.6932529807090759
0.6932230591773987
0.6932041049003601
0.6932288408279419
0.6933064460754395
0.6932083964347839
0.6932414174079895
0.6932946443557739
0.6932638883590698
0.6932645440101624
0.693207323551178
0.6932560801506042
0.6932511925697327
0.6933373808860779
0.6932008266448975
0.6932225227355957