test data loss : 0.6931666135787964
test data accyracy : 0.5

training history accuracy
0.5077083110809326
0.49791666865348816
0.4933333396911621
0.4983333349227905
0.4879166781902313
0.4908333420753479
0.5020833611488342
0.5020833611488342
0.4970833361148834
0.5020833611488342
0.5020833611488342
0.5020833611488342
0.5020833611488342
0.5020833611488342
0.49291667342185974
0.5020833611488342
0.5020833611488342
0.5020833611488342
0.5020833611488342
0.49041667580604553
0.5020833611488342
0.5020833611488342
0.5020833611488342
0.5020833611488342
0.4895833432674408
0.49125000834465027
0.5020833611488342
0.5020833611488342
0.5020833611488342
0.5020833611488342
0.5020833611488342

training history val accuracy
0.5083333253860474
0.5083333253860474
0.49166667461395264
0.49166667461395264
0.49166667461395264
0.49166667461395264
0.49166667461395264
0.49166667461395264
0.49166667461395264
0.49166667461395264
0.49166667461395264
0.49166667461395264
0.49166667461395264
0.49166667461395264
0.49166667461395264
0.49166667461395264
0.49166667461395264
0.49166667461395264
0.49166667461395264
0.49166667461395264
0.49166667461395264
0.49166667461395264
0.49166667461395264
0.49166667461395264
0.49166667461395264
0.49166667461395264
0.49166667461395264
0.49166667461395264
0.49166667461395264
0.49166667461395264
0.49166667461395264

training history loss
0.6984891295433044
0.6932096481323242
0.6931959390640259
0.6931697130203247
0.6932158470153809
0.6932457089424133
0.6932086944580078
0.693200945854187
0.6931806206703186
0.6931604743003845
0.6931601166725159
0.6931732892990112
0.6932028532028198
0.6931552886962891
0.6931995749473572
0.693190336227417
0.6931788921356201
0.6931598782539368
0.6931694746017456
0.6931930780410767
0.6931949257850647
0.6931906342506409
0.6931756734848022
0.6931684613227844
0.6931972503662109
0.6932628154754639
0.6932214498519897
0.6931958198547363
0.6931558847427368
0.6932149529457092
0.6931838393211365

training history val loss
0.6930627226829529
0.6930894255638123
0.693169355392456
0.6931701898574829
0.6931743025779724
0.6933088302612305
0.6932539343833923
0.6933035850524902
0.6932065486907959
0.6932353973388672
0.6932390928268433
0.6932371258735657
0.6933174133300781
0.6932242512702942
0.6932026743888855
0.6932165026664734
0.6932381987571716
0.693195641040802
0.6932424902915955
0.693190336227417
0.6932748556137085
0.6932265758514404
0.6932007074356079
0.693203866481781
0.6931779384613037
0.6932569146156311
0.693242073059082
0.6932340264320374
0.6932013034820557
0.6932383179664612
0.6931840777397156