test data loss : 0.6932543516159058
test data accyracy : 0.5

training history accuracy
0.4950000047683716
0.49791666865348816
0.49541667103767395
0.4891666769981384
0.5020833611488342
0.5020833611488342
0.5020833611488342
0.5020833611488342
0.5020833611488342
0.49416667222976685
0.5020833611488342
0.5020833611488342
0.5020833611488342
0.5020833611488342
0.5020833611488342
0.5020833611488342
0.5020833611488342
0.5020833611488342
0.5020833611488342
0.5020833611488342
0.5020833611488342
0.4962500035762787
0.5020833611488342
0.5020833611488342
0.5020833611488342
0.49125000834465027
0.49041667580604553
0.5020833611488342
0.5020833611488342
0.5020833611488342
0.5020833611488342

training history val accuracy
0.5083333253860474
0.5083333253860474
0.49166667461395264
0.49166667461395264
0.49166667461395264
0.49166667461395264
0.49166667461395264
0.49166667461395264
0.49166667461395264
0.49166667461395264
0.49166667461395264
0.49166667461395264
0.49166667461395264
0.49166667461395264
0.49166667461395264
0.49166667461395264
0.49166667461395264
0.49166667461395264
0.49166667461395264
0.49166667461395264
0.49166667461395264
0.49166667461395264
0.49166667461395264
0.49166667461395264
0.49166667461395264
0.49166667461395264
0.49166667461395264
0.49166667461395264
0.49166667461395264
0.49166667461395264
0.49166667461395264

training history loss
0.699749231338501
0.6932089328765869
0.6932079792022705
0.6932011246681213
0.6931574940681458
0.6931845545768738
0.6931602954864502
0.6931765079498291
0.6931700706481934
0.6931646466255188
0.6931725740432739
0.6931949853897095
0.6931720972061157
0.6931726336479187
0.6931607723236084
0.6931601762771606
0.6931694746017456
0.6931626200675964
0.6931654810905457
0.6931740045547485
0.6931913495063782
0.6931952238082886
0.6931841969490051
0.6932186484336853
0.6931607127189636
0.6931853294372559
0.6931949853897095
0.6931633949279785
0.6931706070899963
0.6931769251823425
0.6932148337364197

training history val loss
0.6930103302001953
0.6930976510047913
0.6931836605072021
0.693193793296814
0.6932241320610046
0.693230152130127
0.6932277083396912
0.6932432651519775
0.6932509541511536
0.6932028532028198
0.6931884288787842
0.69318687915802
0.6932206749916077
0.6932299137115479
0.6931744813919067
0.6932381391525269
0.6931709051132202
0.6932298541069031
0.6932001709938049
0.6932624578475952
0.6932242512702942
0.6931930780410767
0.693200409412384
0.6932750344276428
0.6932305693626404
0.6932083964347839
0.6932544112205505
0.6932423710823059
0.6932548880577087
0.6932628750801086
0.6932888031005859