test data loss : 0.6931471824645996
test data accyracy : 0.5

training history accuracy
0.4937500059604645
0.5020833611488342
0.5020833611488342
0.5020833611488342
0.5020833611488342
0.5020833611488342
0.5020833611488342
0.5020833611488342
0.5020833611488342
0.5020833611488342
0.4895833432674408
0.5020833611488342
0.5020833611488342
0.5020833611488342
0.49666666984558105
0.5020833611488342
0.4891666769981384
0.5020833611488342
0.5020833611488342
0.5020833611488342
0.4937500059604645
0.5020833611488342
0.48500001430511475
0.5020833611488342
0.5020833611488342
0.5020833611488342
0.5020833611488342
0.5020833611488342
0.5020833611488342
0.4958333373069763
0.4962500035762787
0.5020833611488342
0.5020833611488342
0.5020833611488342
0.49166667461395264
0.5020833611488342
0.4879166781902313
0.5020833611488342
0.5020833611488342
0.5020833611488342
0.5020833611488342

training history val accuracy
0.49166667461395264
0.49166667461395264
0.49166667461395264
0.49166667461395264
0.49166667461395264
0.49166667461395264
0.49166667461395264
0.49166667461395264
0.49166667461395264
0.49166667461395264
0.49166667461395264
0.49166667461395264
0.49166667461395264
0.49166667461395264
0.49166667461395264
0.49166667461395264
0.49166667461395264
0.49166667461395264
0.49166667461395264
0.49166667461395264
0.49166667461395264
0.49166667461395264
0.49166667461395264
0.49166667461395264
0.49166667461395264
0.49166667461395264
0.49166667461395264
0.49166667461395264
0.49166667461395264
0.49166667461395264
0.49166667461395264
0.49166667461395264
0.49166667461395264
0.49166667461395264
0.49166667461395264
0.49166667461395264
0.49166667461395264
0.49166667461395264
0.49166667461395264
0.49166667461395264
0.49166667461395264

training history loss
0.6951606273651123
0.6931882500648499
0.6931843161582947
0.693185031414032
0.6931843757629395
0.6931685209274292
0.69321209192276
0.6931798458099365
0.6931920647621155
0.6931970119476318
0.6931949853897095
0.6931982040405273
0.693200409412384
0.6932119727134705
0.6931661367416382
0.6931782364845276
0.6931854486465454
0.6931822896003723
0.6931660175323486
0.6931691765785217
0.6931698322296143
0.6931604743003845
0.6932340860366821
0.6931639313697815
0.6931653022766113
0.6931674480438232
0.693162202835083
0.6931847929954529
0.6931936144828796
0.6931928992271423
0.6931720972061157
0.6931865811347961
0.6931962370872498
0.6931718587875366
0.6931882500648499
0.6931960582733154
0.6932030320167542
0.6931729316711426
0.6931760311126709
0.6931912899017334
0.6931754946708679

training history val loss
0.6932054162025452
0.6932340264320374
0.6932516098022461
0.6931893825531006
0.693185031414032
0.693208634853363
0.693284273147583
0.6932149529457092
0.6932416558265686
0.6932156682014465
0.6931499242782593
0.6932033896446228
0.6931772232055664
0.693218469619751
0.6931659579277039
0.6932457089424133
0.6932246685028076
0.6932114958763123
0.6932113766670227
0.6932326555252075
0.6932018995285034
0.6932450532913208
0.6931787133216858
0.6932665705680847
0.6932665109634399
0.6932743191719055
0.6932094693183899
0.6931952834129333
0.6932439804077148
0.6931853890419006
0.6932063102722168
0.693254828453064
0.6931948065757751
0.6932187676429749
0.6931924819946289
0.6932242512702942
0.693253755569458
0.6932467222213745
0.6932443380355835
0.6932007670402527
0.6932831406593323