test data loss : 0.6932131052017212
test data accyracy : 0.5

training history accuracy
0.5058333277702332
0.49125000834465027
0.48750001192092896
0.5004166960716248
0.492083340883255
0.4975000023841858
0.5020833611488342
0.49541667103767395
0.49791666865348816
0.4933333396911621
0.5020833611488342
0.4933333396911621
0.5020833611488342
0.5020833611488342
0.5020833611488342
0.5020833611488342
0.5020833611488342
0.5020833611488342
0.5020833611488342
0.48625001311302185
0.5020833611488342
0.49125000834465027
0.5020833611488342
0.5020833611488342
0.5020833611488342
0.5020833611488342
0.5020833611488342
0.5020833611488342
0.49000000953674316
0.5020833611488342
0.49291667342185974

training history val accuracy
0.5083333253860474
0.5083333253860474
0.49166667461395264
0.5083333253860474
0.49166667461395264
0.49166667461395264
0.49166667461395264
0.49166667461395264
0.49166667461395264
0.49166667461395264
0.49166667461395264
0.49166667461395264
0.49166667461395264
0.49166667461395264
0.49166667461395264
0.49166667461395264
0.49166667461395264
0.49166667461395264
0.49166667461395264
0.49166667461395264
0.49166667461395264
0.49166667461395264
0.49166667461395264
0.49166667461395264
0.49166667461395264
0.49166667461395264
0.49166667461395264
0.49166667461395264
0.49166667461395264
0.49166667461395264
0.49166667461395264

training history loss
0.6939380764961243
0.6932693123817444
0.6933355927467346
0.6932688355445862
0.6932109594345093
0.6932312250137329
0.6932763457298279
0.6932252049446106
0.6932651400566101
0.6932287812232971
0.6931654810905457
0.6932569742202759
0.6931599378585815
0.6931594610214233
0.6931781768798828
0.6931656002998352
0.693163275718689
0.693170428276062
0.6931607723236084
0.693194568157196
0.693177342414856
0.6932041049003601
0.6931760907173157
0.6931701898574829
0.6931658983230591
0.6931645274162292
0.6931774020195007
0.6932090520858765
0.6931756138801575
0.69322270154953
0.693187415599823

training history val loss
0.6930463910102844
0.6931096315383911
0.6932541131973267
0.6931324601173401
0.6931656002998352
0.6932559013366699
0.6932699680328369
0.6932448148727417
0.6931495070457458
0.6933255791664124
0.6931796669960022
0.6931946277618408
0.693235456943512
0.6932501792907715
0.69325190782547
0.6932191848754883
0.6932008266448975
0.6932031512260437
0.6932063102722168
0.6931682229042053
0.6932150721549988
0.6932492256164551
0.6932684779167175
0.6932621598243713
0.6932554244995117
0.6932458877563477
0.6931920647621155
0.6931991577148438
0.6931940317153931
0.6932472586631775
0.6932106614112854