test data loss : 0.693162739276886
test data accyracy : 0.5

training history accuracy
0.4937500059604645
0.49562498927116394
0.4895833432674408
0.5020833611488342
0.5020833611488342
0.49541667103767395
0.5020833611488342
0.5020833611488342
0.5020833611488342
0.5020833611488342
0.5020833611488342
0.5020833611488342
0.5020833611488342
0.5020833611488342
0.5020833611488342
0.5020833611488342
0.5020833611488342
0.5020833611488342
0.5020833611488342
0.49166667461395264
0.49166667461395264
0.5020833611488342
0.5020833611488342
0.5020833611488342
0.5020833611488342
0.49791666865348816
0.5020833611488342
0.5020833611488342
0.5020833611488342
0.4950000047683716
0.5020833611488342

training history val accuracy
0.5083333253860474
0.49166667461395264
0.49166667461395264
0.49166667461395264
0.49166667461395264
0.49166667461395264
0.49166667461395264
0.49166667461395264
0.49166667461395264
0.49166667461395264
0.49166667461395264
0.49166667461395264
0.49166667461395264
0.49166667461395264
0.49166667461395264
0.49166667461395264
0.49166667461395264
0.49166667461395264
0.49166667461395264
0.49166667461395264
0.49166667461395264
0.49166667461395264
0.49166667461395264
0.49166667461395264
0.49166667461395264
0.49166667461395264
0.49166667461395264
0.49166667461395264
0.49166667461395264
0.49166667461395264
0.49166667461395264

training history loss
0.6948546767234802
0.6932523250579834
0.6931777596473694
0.6932017207145691
0.693198025226593
0.6932188868522644
0.693190336227417
0.6931633949279785
0.6931483745574951
0.6931715607643127
0.6931793093681335
0.6931762099266052
0.6931655406951904
0.6931704878807068
0.6931790113449097
0.6932482719421387
0.6931683421134949
0.6931705474853516
0.6932196021080017
0.6931806206703186
0.693158745765686
0.6931983828544617
0.6931719183921814
0.693193256855011
0.6931523084640503
0.6931838989257812
0.6931716203689575
0.6932191252708435
0.6932147145271301
0.6931815147399902
0.693209171295166

training history val loss
0.6930915713310242
0.6932064294815063
0.6931695342063904
0.6932468414306641
0.6932308673858643
0.6932293772697449
0.6932259798049927
0.6932291984558105
0.6932324767112732
0.693198025226593
0.6931951642036438
0.6932673454284668
0.6932227611541748
0.6932553648948669
0.6932240128517151
0.6932117938995361
0.6932050585746765
0.6932709813117981
0.6932003498077393
0.693169355392456
0.6931977272033691
0.6932969689369202
0.6932704448699951
0.6931785941123962
0.693214476108551
0.6932563781738281
0.6932830214500427
0.6932422518730164
0.6932794451713562
0.6931867599487305
0.6932348012924194