test data loss : 0.6931486129760742
test data accyracy : 0.5

training history accuracy
0.4925000071525574
0.5020833611488342
0.5020833611488342
0.5020833611488342
0.5020833611488342
0.5020833611488342
0.5020833611488342
0.5020833611488342
0.4983333349227905
0.5020833611488342
0.5020833611488342
0.5020833611488342
0.49416667222976685
0.5020833611488342
0.5020833611488342
0.5020833611488342
0.5020833611488342
0.49166667461395264
0.5020833611488342
0.4879166781902313
0.5020833611488342
0.5020833611488342
0.5020833611488342
0.5020833611488342
0.49791666865348816
0.4933333396911621
0.5020833611488342
0.5020833611488342
0.5020833611488342
0.5020833611488342
0.47999998927116394
0.5020833611488342
0.4945833384990692
0.5020833611488342
0.49125000834465027
0.5020833611488342
0.5020833611488342
0.5020833611488342
0.5020833611488342
0.5020833611488342
0.49416667222976685

training history val accuracy
0.49166667461395264
0.49166667461395264
0.49166667461395264
0.49166667461395264
0.49166667461395264
0.49166667461395264
0.49166667461395264
0.49166667461395264
0.49166667461395264
0.49166667461395264
0.49166667461395264
0.49166667461395264
0.49166667461395264
0.49166667461395264
0.49166667461395264
0.49166667461395264
0.49166667461395264
0.49166667461395264
0.49166667461395264
0.49166667461395264
0.49166667461395264
0.49166667461395264
0.49166667461395264
0.49166667461395264
0.49166667461395264
0.49166667461395264
0.49166667461395264
0.49166667461395264
0.49166667461395264
0.49166667461395264
0.49166667461395264
0.49166667461395264
0.49166667461395264
0.49166667461395264
0.49166667461395264
0.49166667461395264
0.49166667461395264
0.49166667461395264
0.49166667461395264
0.49166667461395264
0.49166667461395264

training history loss
0.6932246685028076
0.693170964717865
0.6931834816932678
0.693209171295166
0.6931711435317993
0.6931787133216858
0.6931923031806946
0.6931699514389038
0.6931825876235962
0.6931555867195129
0.6931650042533875
0.6931639313697815
0.6931833624839783
0.6931869387626648
0.6931962966918945
0.6931719183921814
0.6931772828102112
0.6932091116905212
0.6932386159896851
0.6932249069213867
0.6931978464126587
0.6931955218315125
0.6931556463241577
0.6931811571121216
0.6931934356689453
0.6931806802749634
0.6931917071342468
0.6931731700897217
0.6931911706924438
0.6931809186935425
0.6932384967803955
0.6932489275932312
0.6932297945022583
0.6931701898574829
0.6931897401809692
0.6931667327880859
0.6931823492050171
0.693155825138092
0.6931791305541992
0.6931695342063904
0.6932339072227478

training history val loss
0.6931840777397156
0.6931871175765991
0.6932194232940674
0.6932814717292786
0.6932101249694824
0.693193256855011
0.693269670009613
0.6932178139686584
0.6931928396224976
0.6932361125946045
0.6931769847869873
0.6932138800621033
0.6932125091552734
0.6933035850524902
0.6932635307312012
0.6932164430618286
0.6932314038276672
0.6931840777397156
0.6932891011238098
0.6932278275489807
0.6932217478752136
0.6932598352432251
0.6931867003440857
0.6932393312454224
0.6932377219200134
0.693234920501709
0.6932272911071777
0.6932437419891357
0.6932920217514038
0.6932926774024963
0.6932233572006226
0.6933118104934692
0.6932412981987
0.6932383179664612
0.693225622177124
0.6932430267333984
0.6932276487350464
0.6932308673858643
0.6932265162467957
0.6932434439659119
0.6932113170623779