test data loss : 0.6931471824645996
test data accyracy : 0.5

training history accuracy
0.4970833361148834
0.49666666984558105
0.5020833611488342
0.5020833611488342
0.5020833611488342
0.5020833611488342
0.5020833611488342
0.5020833611488342
0.49166667461395264
0.5020833611488342
0.5020833611488342
0.4950000047683716
0.49416667222976685
0.5020833611488342
0.5020833611488342
0.4925000071525574
0.5020833611488342
0.4841666519641876
0.5020833611488342
0.5020833611488342
0.5020833611488342
0.4866666793823242
0.5020833611488342
0.49291667342185974
0.5020833611488342
0.5020833611488342
0.5020833611488342
0.5020833611488342
0.5020833611488342
0.5020833611488342
0.5020833611488342
0.49291667342185974
0.4945833384990692
0.5020833611488342
0.5020833611488342
0.5020833611488342
0.5020833611488342
0.49041667580604553
0.5020833611488342
0.5020833611488342
0.5020833611488342
0.5020833611488342

training history val accuracy
0.49166667461395264
0.49166667461395264
0.49166667461395264
0.49166667461395264
0.49166667461395264
0.49166667461395264
0.49166667461395264
0.49166667461395264
0.49166667461395264
0.49166667461395264
0.49166667461395264
0.49166667461395264
0.49166667461395264
0.49166667461395264
0.49166667461395264
0.49166667461395264
0.49166667461395264
0.49166667461395264
0.49166667461395264
0.49166667461395264
0.49166667461395264
0.49166667461395264
0.49166667461395264
0.49166667461395264
0.49166667461395264
0.49166667461395264
0.49166667461395264
0.49166667461395264
0.49166667461395264
0.49166667461395264
0.49166667461395264
0.49166667461395264
0.49166667461395264
0.49166667461395264
0.49166667461395264
0.49166667461395264
0.49166667461395264
0.49166667461395264
0.49166667461395264
0.49166667461395264
0.49166667461395264
0.49166667461395264

training history loss
0.6933077573776245
0.6931736469268799
0.6931669116020203
0.6931739449501038
0.6931713223457336
0.6932096481323242
0.6931883096694946
0.6931970119476318
0.693226158618927
0.6931769251823425
0.6932105422019958
0.6932187676429749
0.6931844353675842
0.693164587020874
0.6932528614997864
0.6931666135787964
0.6931650042533875
0.6932319402694702
0.6931820511817932
0.6932010650634766
0.6931869387626648
0.6932461261749268
0.6931920647621155
0.6931915879249573
0.6932010650634766
0.6931592226028442
0.6931712627410889
0.6931923627853394
0.6931858062744141
0.6931739449501038
0.6931683421134949
0.6931852102279663
0.6931806802749634
0.6932003498077393
0.6931906342506409
0.6931766867637634
0.6931985020637512
0.6932090520858765
0.6931648850440979
0.693175196647644
0.6932045221328735
0.6931530237197876

training history val loss
0.6931648850440979
0.6931979656219482
0.6931890249252319
0.6931992173194885
0.6931754946708679
0.6931986808776855
0.6932371854782104
0.6932521462440491
0.6932000517845154
0.6931642889976501
0.6932113170623779
0.6931488513946533
0.6931878924369812
0.6932194828987122
0.6932543516159058
0.6931743025779724
0.6932308673858643
0.693254292011261
0.6932196021080017
0.6932600140571594
0.6932361125946045
0.6931517720222473
0.6931847929954529
0.6932796239852905
0.6932616829872131
0.6932234168052673
0.6932008862495422
0.6932288408279419
0.693189263343811
0.693178117275238
0.6932160258293152
0.6931729912757874
0.6932128071784973
0.6932600140571594
0.6932803988456726
0.6932594180107117
0.6932596564292908
0.6932670474052429
0.6932567358016968
0.6932260394096375
0.693289577960968
0.6931909918785095