test data loss : 0.6932501196861267
test data accyracy : 0.5

training history accuracy
0.4856249988079071
0.4997916519641876
0.49145832657814026
0.49125000834465027
0.5020833611488342
0.4918749928474426
0.5024999976158142
0.4975000023841858
0.5020833611488342
0.5020833611488342
0.5020833611488342
0.49437499046325684
0.49312499165534973
0.5004166960716248
0.4987500011920929
0.49291667342185974
0.4958333373069763
0.5020833611488342
0.5014583468437195
0.5010416507720947
0.4970833361148834
0.49541667103767395
0.49125000834465027
0.5020833611488342
0.5020833611488342
0.4950000047683716
0.49916666746139526
0.4908333420753479
0.4925000071525574
0.5020833611488342
0.5020833611488342

training history val accuracy
0.5083333253860474
0.5083333253860474
0.49166667461395264
0.49166667461395264
0.49166667461395264
0.5083333253860474
0.49166667461395264
0.49166667461395264
0.49166667461395264
0.49166667461395264
0.49166667461395264
0.49166667461395264
0.5441666841506958
0.49166667461395264
0.49166667461395264
0.5083333253860474
0.49166667461395264
0.49166667461395264
0.5083333253860474
0.49166667461395264
0.5083333253860474
0.49166667461395264
0.49166667461395264
0.49166667461395264
0.49166667461395264
0.5083333253860474
0.49166667461395264
0.49166667461395264
0.49166667461395264
0.49166667461395264
0.49166667461395264

training history loss
0.7042310237884521
0.6933910250663757
0.6932452321052551
0.6933557391166687
0.6932110786437988
0.6932007074356079
0.6931886076927185
0.6931918263435364
0.6932154893875122
0.6931800842285156
0.6931679844856262
0.6931732296943665
0.6932212710380554
0.6931959986686707
0.6931677460670471
0.6932282447814941
0.6931551098823547
0.6931726932525635
0.6931718587875366
0.6931430697441101
0.6935052871704102
0.6932291984558105
0.6932191848754883
0.69319087266922
0.6931882500648499
0.6932058930397034
0.6932112574577332
0.6932011246681213
0.6931949853897095
0.6931488513946533
0.6932007074356079

training history val loss
0.6930235624313354
0.6930965185165405
0.6935446262359619
0.6931785345077515
0.6931614875793457
0.6931354999542236
0.6932317614555359
0.6931860446929932
0.6932483315467834
0.6931827068328857
0.6931819915771484
0.6931809782981873
0.6931315064430237
0.6931911110877991
0.6931744813919067
0.6931129097938538
0.6931825280189514
0.693164587020874
0.6931215524673462
0.6933073401451111
0.6931458711624146
0.693207323551178
0.6932449340820312
0.6932451128959656
0.6932961940765381
0.6931466460227966
0.6932335495948792
0.6932233572006226
0.6931880712509155
0.693271815776825
0.6932404637336731