test data loss : 0.6931474208831787
test data accyracy : 0.5

training history accuracy
0.4983333349227905
0.5020833611488342
0.5020833611488342
0.5020833611488342
0.5020833611488342
0.5020833611488342
0.4891666769981384
0.49791666865348816
0.5020833611488342
0.4879166781902313
0.5020833611488342
0.5020833611488342
0.5020833611488342
0.5020833611488342
0.4925000071525574
0.4950000047683716
0.5020833611488342
0.5020833611488342
0.5020833611488342
0.5020833611488342
0.5020833611488342
0.492083340883255
0.5020833611488342
0.5020833611488342
0.49041667580604553
0.5020833611488342
0.5020833611488342
0.4925000071525574
0.5020833611488342
0.5020833611488342
0.5020833611488342
0.5020833611488342
0.5020833611488342
0.5020833611488342
0.49125000834465027
0.5020833611488342
0.4983333349227905
0.5020833611488342
0.5020833611488342
0.5020833611488342
0.5020833611488342
0.48625001311302185
0.5020833611488342
0.5020833611488342
0.5020833611488342
0.5020833611488342
0.5020833611488342
0.5020833611488342
0.4933333396911621
0.5020833611488342
0.5020833611488342
0.5020833611488342

training history val accuracy
0.49166667461395264
0.49166667461395264
0.49166667461395264
0.49166667461395264
0.49166667461395264
0.49166667461395264
0.49166667461395264
0.49166667461395264
0.49166667461395264
0.49166667461395264
0.49166667461395264
0.49166667461395264
0.49166667461395264
0.49166667461395264
0.49166667461395264
0.49166667461395264
0.49166667461395264
0.49166667461395264
0.49166667461395264
0.49166667461395264
0.49166667461395264
0.49166667461395264
0.49166667461395264
0.49166667461395264
0.49166667461395264
0.49166667461395264
0.49166667461395264
0.49166667461395264
0.49166667461395264
0.49166667461395264
0.49166667461395264
0.49166667461395264
0.49166667461395264
0.49166667461395264
0.49166667461395264
0.49166667461395264
0.49166667461395264
0.49166667461395264
0.49166667461395264
0.49166667461395264
0.49166667461395264
0.49166667461395264
0.49166667461395264
0.49166667461395264
0.49166667461395264
0.49166667461395264
0.49166667461395264
0.49166667461395264
0.49166667461395264
0.49166667461395264
0.49166667461395264
0.49166667461395264

training history loss
0.7111578583717346
0.6931844353675842
0.6931542158126831
0.6931741237640381
0.6931738257408142
0.6931602954864502
0.6931941509246826
0.6931819915771484
0.6931757926940918
0.6932128667831421
0.6931596398353577
0.6931523680686951
0.6931754946708679
0.6931984424591064
0.6931804418563843
0.6931915283203125
0.6931543350219727
0.6931710243225098
0.6931837201118469
0.6932041645050049
0.6931647062301636
0.6932079195976257
0.6931906938552856
0.6931756138801575
0.6932211518287659
0.6931493282318115
0.6932177543640137
0.6931927800178528
0.6931647658348083
0.6931701898574829
0.6931731700897217
0.6931713223457336
0.6931777000427246
0.6932044625282288
0.6932001113891602
0.693158745765686
0.6932213306427002
0.6931698322296143
0.693183422088623
0.6931806206703186
0.6931797862052917
0.693178653717041
0.6931703686714172
0.6931636929512024
0.6931816935539246
0.6931596994400024
0.6931816935539246
0.6931765675544739
0.6931768655776978
0.6931955814361572
0.6931880712509155
0.693175196647644

training history val loss
0.693244457244873
0.6932315826416016
0.6932107210159302
0.6932712197303772
0.6932364702224731
0.6932161450386047
0.6931660771369934
0.6932547688484192
0.6932404041290283
0.6932960748672485
0.6932505965232849
0.6932479739189148
0.6932269930839539
0.6932446360588074
0.6931809782981873
0.6932085156440735
0.6932404041290283
0.6932194232940674
0.6932324767112732
0.6932731866836548
0.6932322382926941
0.6931571364402771
0.6932681202888489
0.6932716369628906
0.693192720413208
0.693254828453064
0.6932576298713684
0.6931981444358826
0.6932596564292908
0.6932090520858765
0.6932070255279541
0.69319748878479
0.6932675242424011
0.6932061910629272
0.6932216286659241
0.6932654976844788
0.6932504773139954
0.6932404637336731
0.6932095885276794
0.6931965351104736
0.6932095885276794
0.6931902170181274
0.6932604908943176
0.693203866481781
0.6932350397109985
0.6931852102279663
0.6932334899902344
0.693188488483429
0.6932084560394287
0.6931985020637512
0.6932576298713684
0.6932318210601807