test data loss : 0.6931701302528381
test data accyracy : 0.5

training history accuracy
0.4906249940395355
0.49291667342185974
0.4883333444595337
0.4908333420753479
0.4925000071525574
0.49125000834465027
0.5020833611488342
0.5020833611488342
0.4891666769981384
0.5020833611488342
0.5020833611488342
0.5020833611488342
0.5020833611488342
0.5020833611488342
0.5020833611488342
0.5020833611488342
0.4945833384990692
0.5020833611488342
0.5020833611488342
0.49166667461395264
0.5020833611488342
0.5020833611488342
0.4987500011920929
0.5020833611488342
0.49666666984558105
0.4841666519641876
0.492083340883255
0.5020833611488342
0.4987500011920929
0.5020833611488342
0.5020833611488342

training history val accuracy
0.5083333253860474
0.5083333253860474
0.5083333253860474
0.5083333253860474
0.49166667461395264
0.49166667461395264
0.49166667461395264
0.49166667461395264
0.49166667461395264
0.49166667461395264
0.49166667461395264
0.49166667461395264
0.49166667461395264
0.49166667461395264
0.49166667461395264
0.49166667461395264
0.49166667461395264
0.49166667461395264
0.49166667461395264
0.49166667461395264
0.49166667461395264
0.49166667461395264
0.49166667461395264
0.49166667461395264
0.49166667461395264
0.49166667461395264
0.49166667461395264
0.49166667461395264
0.49166667461395264
0.49166667461395264
0.49166667461395264

training history loss
0.6997501850128174
0.6932318210601807
0.6934099793434143
0.6932269930839539
0.6931760907173157
0.6932284832000732
0.6931882500648499
0.6931938529014587
0.6932175755500793
0.6931695342063904
0.6931778192520142
0.6932181715965271
0.6931564807891846
0.6931817531585693
0.6931649446487427
0.6931546330451965
0.6931912302970886
0.6931827068328857
0.6931864023208618
0.6932455897331238
0.6932181119918823
0.6931684613227844
0.6931878924369812
0.6931862831115723
0.6931667923927307
0.6931769251823425
0.6931905150413513
0.6931716799736023
0.6931856274604797
0.6931830048561096
0.6931658983230591

training history val loss
0.6930561065673828
0.693101704120636
0.6931215524673462
0.6931338906288147
0.6931700706481934
0.6932260394096375
0.6932953596115112
0.6932430267333984
0.6932312846183777
0.6932541131973267
0.6932014226913452
0.6932616829872131
0.693167507648468
0.6932273507118225
0.6931911706924438
0.6932125091552734
0.6932447552680969
0.6932382583618164
0.6932358145713806
0.6931997537612915
0.6932337880134583
0.693239688873291
0.693214476108551
0.6932509541511536
0.6931726932525635
0.693198561668396
0.6932039856910706
0.6933047771453857
0.693206787109375
0.6932451725006104
0.693224310874939