test data loss : 0.6931476593017578
test data accyracy : 0.5

training history accuracy
0.4935416579246521
0.48895832896232605
0.4962500035762787
0.49125000834465027
0.4895833432674408
0.5045833587646484
0.5020833611488342
0.5020833611488342
0.4870833456516266
0.5020833611488342
0.5020833611488342
0.492083340883255
0.5020833611488342
0.5020833611488342
0.5020833611488342
0.5020833611488342
0.49416667222976685
0.503333330154419
0.5020833611488342
0.4933333396911621
0.4925000071525574
0.5020833611488342
0.5020833611488342
0.5020833611488342
0.49541667103767395
0.4970833361148834
0.5020833611488342
0.4891666769981384
0.5020833611488342
0.49541667103767395
0.5020833611488342
0.5020833611488342
0.5020833611488342
0.5020833611488342

training history val accuracy
0.5083333253860474
0.49166667461395264
0.49166667461395264
0.5083333253860474
0.5083333253860474
0.49166667461395264
0.49166667461395264
0.49166667461395264
0.49166667461395264
0.49166667461395264
0.49166667461395264
0.49166667461395264
0.49166667461395264
0.49166667461395264
0.49166667461395264
0.49166667461395264
0.5083333253860474
0.49166667461395264
0.49166667461395264
0.49166667461395264
0.49166667461395264
0.49166667461395264
0.49166667461395264
0.49166667461395264
0.49166667461395264
0.49166667461395264
0.49166667461395264
0.49166667461395264
0.49166667461395264
0.49166667461395264
0.49166667461395264
0.49166667461395264
0.49166667461395264
0.49166667461395264

training history loss
0.697349488735199
0.6934167742729187
0.6932193636894226
0.6931787133216858
0.6931840181350708
0.6931806206703186
0.6931752562522888
0.6931934952735901
0.6932136416435242
0.6932106018066406
0.6932187676429749
0.6931964159011841
0.6932011246681213
0.693184494972229
0.6931710243225098
0.6931807994842529
0.6932090520858765
0.6931501030921936
0.6931618452072144
0.6932273507118225
0.6932175159454346
0.6931926608085632
0.6932070255279541
0.6931605935096741
0.6931853890419006
0.6931870579719543
0.6931878924369812
0.6932238936424255
0.6932044625282288
0.6931976079940796
0.6931777596473694
0.6931743621826172
0.6931616067886353
0.6931844353675842

training history val loss
0.6931704878807068
0.6936690807342529
0.6932374238967896
0.6931321620941162
0.6931416988372803
0.6932545900344849
0.6932190656661987
0.6932743191719055
0.6932451128959656
0.6932669281959534
0.6931594610214233
0.6931798458099365
0.6932075023651123
0.6932560205459595
0.6932058930397034
0.6932600736618042
0.6931394338607788
0.6932118535041809
0.6932324171066284
0.6932018995285034
0.6932541728019714
0.6932404041290283
0.6931561827659607
0.6932119131088257
0.6931760311126709
0.6932128667831421
0.6933253407478333
0.6932101845741272
0.6932565569877625
0.6932017207145691
0.6932746171951294
0.6932075023651123
0.6932637691497803
0.6931947469711304