test data loss : 0.6934701800346375
test data accyracy : 0.5

training history accuracy
0.49916666746139526
0.5012500286102295
0.49541667103767395
0.4908333420753479
0.492083340883255
0.5020833611488342
0.5020833611488342
0.4945833384990692
0.5020833611488342
0.5020833611488342
0.5020833611488342
0.4925000071525574
0.5020833611488342
0.5020833611488342
0.5020833611488342
0.5020833611488342
0.49541667103767395
0.5020833611488342
0.49791666865348816
0.5020833611488342
0.4933333396911621
0.49416667222976685
0.5020833611488342
0.5020833611488342
0.5020833611488342
0.5020833611488342
0.5020833611488342
0.4937500059604645
0.5020833611488342
0.5020833611488342
0.5020833611488342
0.5020833611488342

training history val accuracy
0.49166667461395264
0.5083333253860474
0.49166667461395264
0.49166667461395264
0.49166667461395264
0.49166667461395264
0.49166667461395264
0.49166667461395264
0.49166667461395264
0.49166667461395264
0.49166667461395264
0.49166667461395264
0.49166667461395264
0.49166667461395264
0.49166667461395264
0.49166667461395264
0.49166667461395264
0.49166667461395264
0.49166667461395264
0.49166667461395264
0.49166667461395264
0.49166667461395264
0.49166667461395264
0.49166667461395264
0.49166667461395264
0.49166667461395264
0.49166667461395264
0.49166667461395264
0.49166667461395264
0.49166667461395264
0.49166667461395264
0.49166667461395264

training history loss
0.7325407862663269
0.6933115720748901
0.6932622790336609
0.6932324767112732
0.6933373212814331
0.6931888461112976
0.693182647228241
0.6931818127632141
0.6931572556495667
0.6931529641151428
0.6931751370429993
0.6931833028793335
0.6931766867637634
0.6931993961334229
0.6931639313697815
0.6932389140129089
0.6931864619255066
0.6931641697883606
0.6931676864624023
0.6931849718093872
0.6931704878807068
0.693193256855011
0.6932046413421631
0.6931556463241577
0.6931681632995605
0.6931665539741516
0.6931704878807068
0.6932143568992615
0.6931852698326111
0.6931750774383545
0.6931644678115845
0.6931865215301514

training history val loss
0.6933112740516663
0.6930463910102844
0.6932050585746765
0.6931644678115845
0.6933236718177795
0.6932875514030457
0.6932825446128845
0.6931674480438232
0.6932711601257324
0.6932652592658997
0.6931712627410889
0.6932153105735779
0.6932241916656494
0.6932010650634766
0.6932095885276794
0.693187952041626
0.6931701898574829
0.6932226419448853
0.6932096481323242
0.6932224035263062
0.6932223439216614
0.6932762861251831
0.6932525634765625
0.6932114362716675
0.6932558417320251
0.6932336688041687
0.6931933760643005
0.6933168768882751
0.6932560205459595
0.6932677030563354
0.6932220458984375
0.6931928992271423