test data loss : 0.6931477785110474
test data accyracy : 0.5

training history accuracy
0.50020831823349
0.5020833611488342
0.5020833611488342
0.4937500059604645
0.5020833611488342
0.5020833611488342
0.5020833611488342
0.5020833611488342
0.49541667103767395
0.5020833611488342
0.5020833611488342
0.4983333349227905
0.5020833611488342
0.49166667461395264
0.5020833611488342
0.5020833611488342
0.49541667103767395
0.5020833611488342
0.5020833611488342
0.5020833611488342
0.5020833611488342
0.5020833611488342
0.4975000023841858
0.5020833611488342
0.5020833611488342
0.5020833611488342
0.5020833611488342
0.5020833611488342
0.5020833611488342
0.5020833611488342
0.5020833611488342
0.5020833611488342
0.5020833611488342
0.49000000953674316
0.5020833611488342
0.5020833611488342
0.5020833611488342
0.4895833432674408
0.5020833611488342
0.5020833611488342
0.4950000047683716
0.5020833611488342
0.5020833611488342
0.5020833611488342

training history val accuracy
0.49166667461395264
0.49166667461395264
0.49166667461395264
0.49166667461395264
0.49166667461395264
0.49166667461395264
0.49166667461395264
0.49166667461395264
0.49166667461395264
0.49166667461395264
0.49166667461395264
0.49166667461395264
0.49166667461395264
0.49166667461395264
0.49166667461395264
0.49166667461395264
0.49166667461395264
0.49166667461395264
0.49166667461395264
0.49166667461395264
0.49166667461395264
0.49166667461395264
0.49166667461395264
0.49166667461395264
0.49166667461395264
0.49166667461395264
0.49166667461395264
0.49166667461395264
0.49166667461395264
0.49166667461395264
0.49166667461395264
0.49166667461395264
0.49166667461395264
0.49166667461395264
0.49166667461395264
0.49166667461395264
0.49166667461395264
0.49166667461395264
0.49166667461395264
0.49166667461395264
0.49166667461395264
0.49166667461395264
0.49166667461395264
0.49166667461395264

training history loss
0.6999924778938293
0.6932061910629272
0.6932316422462463
0.693209707736969
0.6931771636009216
0.6931678056716919
0.693195641040802
0.6931977868080139
0.6931664347648621
0.6931765079498291
0.6931571364402771
0.6931788325309753
0.6932215094566345
0.6932156682014465
0.6931594014167786
0.6931648850440979
0.6932113766670227
0.693152904510498
0.6931713819503784
0.6931755542755127
0.6932451128959656
0.693183958530426
0.6932079195976257
0.6931724548339844
0.6931663155555725
0.6931604146957397
0.6931701302528381
0.6931967735290527
0.6932055354118347
0.6931931376457214
0.6931634545326233
0.6931612491607666
0.6931592226028442
0.6931778192520142
0.693217933177948
0.6931918859481812
0.6931647062301636
0.6932028532028198
0.69318026304245
0.6931884288787842
0.6932095289230347
0.6931644678115845
0.6931769251823425
0.693183958530426

training history val loss
0.6932435035705566
0.6932719945907593
0.6933053731918335
0.6932388544082642
0.6932515501976013
0.6931700706481934
0.6932086944580078
0.693220317363739
0.6931882500648499
0.6932494044303894
0.6932170391082764
0.6932485103607178
0.6932790875434875
0.6931653618812561
0.6932082176208496
0.6932057738304138
0.6932058930397034
0.6932553648948669
0.6932308673858643
0.6932316422462463
0.6932213306427002
0.6932176947593689
0.693179190158844
0.6932225823402405
0.6931993365287781
0.6931963562965393
0.6932017803192139
0.6932001709938049
0.6932058930397034
0.6932922601699829
0.6932455897331238
0.6932275891304016
0.6932305693626404
0.6932002305984497
0.6933300495147705
0.6932029724121094
0.6932605504989624
0.6932287216186523
0.6931942701339722
0.6932352781295776
0.6932523846626282
0.6933080554008484
0.6932758092880249
0.6932162642478943