test data loss : 0.6931401491165161
test data accyracy : 0.5

training history accuracy
0.4962500035762787
0.5008333325386047
0.4958333373069763
0.5020833611488342
0.49291667342185974
0.4933333396911621
0.4975000023841858
0.5020833611488342
0.4829166531562805
0.5020833611488342
0.49000000953674316
0.5020833611488342
0.5020833611488342
0.4895833432674408
0.5020833611488342
0.5020833611488342
0.5020833611488342
0.5020833611488342
0.5020833611488342
0.5020833611488342
0.5020833611488342
0.5020833611488342
0.5020833611488342
0.5020833611488342
0.5020833611488342
0.5020833611488342
0.5020833611488342
0.5020833611488342
0.49291667342185974
0.5020833611488342
0.5020833611488342

training history val accuracy
0.5083333253860474
0.5083333253860474
0.49166667461395264
0.49166667461395264
0.49166667461395264
0.49166667461395264
0.49166667461395264
0.49166667461395264
0.49166667461395264
0.49166667461395264
0.49166667461395264
0.49166667461395264
0.49166667461395264
0.49166667461395264
0.49166667461395264
0.49166667461395264
0.49166667461395264
0.49166667461395264
0.49166667461395264
0.49166667461395264
0.49166667461395264
0.49166667461395264
0.49166667461395264
0.49166667461395264
0.49166667461395264
0.49166667461395264
0.49166667461395264
0.49166667461395264
0.49166667461395264
0.49166667461395264
0.49166667461395264

training history loss
0.696150541305542
0.6933498382568359
0.6932388544082642
0.6932411193847656
0.6931847929954529
0.6932177543640137
0.6931645274162292
0.6932213306427002
0.693189263343811
0.693182647228241
0.693191409111023
0.6931851506233215
0.6931666731834412
0.6931891441345215
0.6932181715965271
0.6931610703468323
0.693162202835083
0.6931837201118469
0.6931682825088501
0.6931567788124084
0.6931841969490051
0.6931657195091248
0.6931610107421875
0.6931746006011963
0.6931840181350708
0.6931715607643127
0.6931807398796082
0.6931532621383667
0.6932081580162048
0.6932114958763123
0.6931864023208618

training history val loss
0.6930550336837769
0.6930578351020813
0.6932909488677979
0.6931639909744263
0.693171501159668
0.693162739276886
0.6932238936424255
0.6931790709495544
0.6932335495948792
0.6932617425918579
0.6932190656661987
0.693266749382019
0.6932399272918701
0.6931585073471069
0.6932291388511658
0.6932106018066406
0.6932085752487183
0.6932737827301025
0.6932059526443481
0.6932099461555481
0.6931909322738647
0.6932279467582703
0.6932135224342346
0.6932169795036316
0.6932382583618164
0.693216860294342
0.6932308673858643
0.6932322978973389
0.6932052373886108
0.693289577960968
0.6932485699653625