test data loss : 0.6931459903717041
test data accyracy : 0.5

training history accuracy
0.49416667222976685
0.49562498927116394
0.5020833611488342
0.49166667461395264
0.5020833611488342
0.5020833611488342
0.5020833611488342
0.4870833456516266
0.5020833611488342
0.4883333444595337
0.5020833611488342
0.4945833384990692
0.4937500059604645
0.5020833611488342
0.5020833611488342
0.5020833611488342
0.5020833611488342
0.5020833611488342
0.4933333396911621
0.5020833611488342
0.5020833611488342
0.5020833611488342
0.4858333468437195
0.5020833611488342
0.4879166781902313
0.5020833611488342
0.5020833611488342
0.5020833611488342
0.4933333396911621
0.5020833611488342
0.5020833611488342

training history val accuracy
0.5083333253860474
0.49166667461395264
0.49166667461395264
0.5083333253860474
0.49166667461395264
0.49166667461395264
0.49166667461395264
0.49166667461395264
0.49166667461395264
0.49166667461395264
0.49166667461395264
0.49166667461395264
0.49166667461395264
0.49166667461395264
0.49166667461395264
0.49166667461395264
0.49166667461395264
0.49166667461395264
0.49166667461395264
0.49166667461395264
0.49166667461395264
0.49166667461395264
0.49166667461395264
0.49166667461395264
0.49166667461395264
0.49166667461395264
0.49166667461395264
0.49166667461395264
0.49166667461395264
0.49166667461395264
0.49166667461395264

training history loss
0.6940195560455322
0.6932010054588318
0.693183958530426
0.693253755569458
0.6932021975517273
0.6931780576705933
0.6932039260864258
0.6932316422462463
0.6931793093681335
0.6932603120803833
0.6931847929954529
0.6932048797607422
0.6931864023208618
0.693193256855011
0.6931828856468201
0.6931897401809692
0.6931657791137695
0.693202555179596
0.6932026743888855
0.6931834816932678
0.693185031414032
0.6931531429290771
0.6931819319725037
0.6931926012039185
0.6931895613670349
0.6931715607643127
0.6931591033935547
0.6931657791137695
0.6931877136230469
0.6931893825531006
0.6931808590888977

training history val loss
0.693135142326355
0.6931878328323364
0.6932014226913452
0.6931445598602295
0.6932410597801208
0.6932035088539124
0.6931639909744263
0.6932480931282043
0.6931930780410767
0.6932291984558105
0.6932661533355713
0.6932341456413269
0.6932825446128845
0.6932641863822937
0.6932462453842163
0.6932151317596436
0.6931976079940796
0.6931682825088501
0.6932851672172546
0.6931715607643127
0.6932274103164673
0.6932077407836914
0.6931878328323364
0.6932215094566345
0.6932184100151062
0.6932671070098877
0.6932222843170166
0.6932450532913208
0.6932365298271179
0.6932308673858643
0.6932621002197266