test data loss : 0.6931484937667847
test data accyracy : 0.5

training history accuracy
0.49416667222976685
0.4908333420753479
0.5020833611488342
0.5020833611488342
0.5020833611488342
0.49125000834465027
0.5020833611488342
0.5020833611488342
0.5020833611488342
0.5020833611488342
0.5020833611488342
0.5020833611488342
0.492083340883255
0.5020833611488342
0.5020833611488342
0.5020833611488342
0.5020833611488342
0.5020833611488342
0.4858333468437195
0.5020833611488342
0.5020833611488342
0.5020833611488342
0.5020833611488342
0.5020833611488342
0.5020833611488342
0.5020833611488342
0.5020833611488342
0.5020833611488342
0.5020833611488342
0.4925000071525574
0.5020833611488342
0.5020833611488342
0.48750001192092896
0.5020833611488342
0.5020833611488342
0.49125000834465027
0.5020833611488342
0.5020833611488342
0.5020833611488342
0.5020833611488342
0.49166667461395264

training history val accuracy
0.49166667461395264
0.49166667461395264
0.49166667461395264
0.49166667461395264
0.49166667461395264
0.49166667461395264
0.49166667461395264
0.49166667461395264
0.49166667461395264
0.49166667461395264
0.49166667461395264
0.49166667461395264
0.49166667461395264
0.49166667461395264
0.49166667461395264
0.49166667461395264
0.49166667461395264
0.49166667461395264
0.49166667461395264
0.49166667461395264
0.49166667461395264
0.49166667461395264
0.49166667461395264
0.49166667461395264
0.49166667461395264
0.49166667461395264
0.49166667461395264
0.49166667461395264
0.49166667461395264
0.49166667461395264
0.49166667461395264
0.49166667461395264
0.49166667461395264
0.49166667461395264
0.49166667461395264
0.49166667461395264
0.49166667461395264
0.49166667461395264
0.49166667461395264
0.49166667461395264
0.49166667461395264

training history loss
0.6962470412254333
0.6931843757629395
0.6931767463684082
0.69322669506073
0.6932184100151062
0.693239688873291
0.6932449340820312
0.6931707859039307
0.6931818723678589
0.6931717991828918
0.6931927800178528
0.6931717991828918
0.693200945854187
0.6932142376899719
0.6931675672531128
0.6931790113449097
0.6931707262992859
0.6932069659233093
0.6932728886604309
0.6932087540626526
0.6931939125061035
0.6931573748588562
0.6931778192520142
0.6931538581848145
0.6931664943695068
0.6931653022766113
0.6931708455085754
0.6931730508804321
0.6931868195533752
0.6931900382041931
0.693159282207489
0.6931774616241455
0.6932093501091003
0.6931923627853394
0.6931599378585815
0.6932339072227478
0.6931920647621155
0.6931943297386169
0.6931887269020081
0.6932418346405029
0.6932395100593567

training history val loss
0.6932621002197266
0.6932929754257202
0.6933103203773499
0.6932315826416016
0.6932346820831299
0.6932659149169922
0.6932957172393799
0.6932781338691711
0.6932611465454102
0.6932151317596436
0.6931751370429993
0.6932353973388672
0.6932370662689209
0.6931852698326111
0.6932281255722046
0.6932058930397034
0.6931793689727783
0.6932535767555237
0.6931976675987244
0.6932151913642883
0.693184494972229
0.6932163238525391
0.6932296752929688
0.6932003498077393
0.6932124495506287
0.6931803822517395
0.693218469619751
0.6932069659233093
0.6932278275489807
0.6932179927825928
0.6932392716407776
0.6932041645050049
0.6932483315467834
0.6932260990142822
0.6931870579719543
0.6932099461555481
0.6933112144470215
0.6932134032249451
0.6932960748672485
0.6932488083839417
0.6932017803192139