test data loss : 0.6931376457214355
test data accyracy : 0.5

training history accuracy
0.4947916567325592
0.49562498927116394
0.4972916543483734
0.5004166960716248
0.5020833611488342
0.4985416531562805
0.5012500286102295
0.4918749928474426
0.4997916519641876
0.5020833611488342
0.48645833134651184
0.5020833611488342
0.5020833611488342
0.50020831823349
0.5020833611488342
0.4987500011920929
0.4962500035762787
0.5020833611488342
0.5020833611488342
0.49000000953674316
0.5020833611488342
0.5020833611488342
0.4925000071525574
0.5020833611488342
0.5020833611488342
0.5020833611488342
0.5020833611488342
0.5020833611488342
0.49000000953674316
0.5020833611488342
0.5020833611488342
0.5020833611488342
0.49291667342185974

training history val accuracy
0.49166667461395264
0.49166667461395264
0.5083333253860474
0.49166667461395264
0.49166667461395264
0.574999988079071
0.49166667461395264
0.49166667461395264
0.49166667461395264
0.49166667461395264
0.49166667461395264
0.49166667461395264
0.49166667461395264
0.49166667461395264
0.49166667461395264
0.49166667461395264
0.49166667461395264
0.49166667461395264
0.49166667461395264
0.49166667461395264
0.49166667461395264
0.49166667461395264
0.49166667461395264
0.49166667461395264
0.49166667461395264
0.49166667461395264
0.49166667461395264
0.49166667461395264
0.49166667461395264
0.49166667461395264
0.49166667461395264
0.49166667461395264
0.49166667461395264

training history loss
0.6957685351371765
0.6932003498077393
0.6932083368301392
0.6931658983230591
0.6931625604629517
0.6931685209274292
0.6931912899017334
0.6932358741760254
0.6932008862495422
0.6931483149528503
0.6932114362716675
0.6931881904602051
0.6931700706481934
0.6931595206260681
0.6932101249694824
0.6931615471839905
0.6931923627853394
0.6931995153427124
0.6932097673416138
0.6932294368743896
0.6932264566421509
0.6931799054145813
0.6931765079498291
0.6931657195091248
0.6931782364845276
0.6931830644607544
0.6931838989257812
0.6931924223899841
0.693215012550354
0.6931899189949036
0.6931798458099365
0.6931928992271423
0.6931724548339844

training history val loss
0.6934377551078796
0.6932668685913086
0.6931096315383911
0.6931662559509277
0.693191647529602
0.6931312084197998
0.6931741237640381
0.6931573152542114
0.6931639909744263
0.69321608543396
0.6932680010795593
0.693216860294342
0.6931748390197754
0.6932197213172913
0.6931912302970886
0.6931570172309875
0.6931920051574707
0.6932099461555481
0.693175733089447
0.6931969523429871
0.6932309865951538
0.6932416558265686
0.6932274699211121
0.6932046413421631
0.6932641863822937
0.693266749382019
0.6932385563850403
0.6932089328765869
0.693152904510498
0.6932284832000732
0.6932783126831055
0.6932348012924194
0.6931866407394409