test data loss : 0.693173348903656
test data accyracy : 0.5

training history accuracy
0.4983333349227905
0.4937500059604645
0.49666666984558105
0.4937500059604645
0.5020833611488342
0.4958333373069763
0.5020833611488342
0.5020833611488342
0.4937500059604645
0.5020833611488342
0.5020833611488342
0.5020833611488342
0.5020833611488342
0.4987500011920929
0.5020833611488342
0.4958333373069763
0.4925000071525574
0.5020833611488342
0.5020833611488342
0.5020833611488342
0.5020833611488342
0.5020833611488342
0.4987500011920929
0.5020833611488342
0.5020833611488342
0.5020833611488342
0.5020833611488342
0.5020833611488342
0.5020833611488342
0.5020833611488342
0.5020833611488342

training history val accuracy
0.5083333253860474
0.5083333253860474
0.49166667461395264
0.49166667461395264
0.49166667461395264
0.49166667461395264
0.49166667461395264
0.49166667461395264
0.49166667461395264
0.49166667461395264
0.49166667461395264
0.49166667461395264
0.49166667461395264
0.49166667461395264
0.49166667461395264
0.49166667461395264
0.49166667461395264
0.49166667461395264
0.49166667461395264
0.49166667461395264
0.49166667461395264
0.49166667461395264
0.49166667461395264
0.49166667461395264
0.49166667461395264
0.49166667461395264
0.49166667461395264
0.49166667461395264
0.49166667461395264
0.49166667461395264
0.49166667461395264

training history loss
0.703743040561676
0.6932191252708435
0.6931947469711304
0.6931823492050171
0.693170964717865
0.6931820511817932
0.693173885345459
0.6931651830673218
0.6931766867637634
0.6931737661361694
0.6931846141815186
0.6931830048561096
0.6931644082069397
0.6931776404380798
0.6932156682014465
0.6931648850440979
0.6931704878807068
0.693172037601471
0.6931644678115845
0.6931710839271545
0.6931816339492798
0.693172037601471
0.6931713223457336
0.6931850910186768
0.6931748390197754
0.69318026304245
0.693156361579895
0.6931784152984619
0.693176805973053
0.6931815147399902
0.693170428276062

training history val loss
0.6930526494979858
0.6931253671646118
0.6931582689285278
0.6932213306427002
0.6932530403137207
0.6932080984115601
0.6932052373886108
0.6931877136230469
0.6931941509246826
0.693253219127655
0.6932569146156311
0.6932551860809326
0.6932191848754883
0.6932216286659241
0.6932024359703064
0.69317227602005
0.6932483315467834
0.693254828453064
0.6932335495948792
0.6932364106178284
0.6932229995727539
0.6932315826416016
0.6932399272918701
0.6932294964790344
0.6932931542396545
0.6932267546653748
0.6932491660118103
0.6931992769241333
0.6932315826416016
0.6931753754615784
0.6932229399681091