test data loss : 0.6931491494178772
test data accyracy : 0.5

training history accuracy
0.4893749952316284
0.5020833611488342
0.4925000071525574
0.4962500035762787
0.5020833611488342
0.5020833611488342
0.49291667342185974
0.5020833611488342
0.4945833384990692
0.5020833611488342
0.5020833611488342
0.49291667342185974
0.5020833611488342
0.4925000071525574
0.5020833611488342
0.5020833611488342
0.49541667103767395
0.5020833611488342
0.5041666626930237
0.49125000834465027
0.4895833432674408
0.4987500011920929
0.5020833611488342
0.5020833611488342
0.49041667580604553
0.4858333468437195
0.5020833611488342
0.49958333373069763
0.4937500059604645
0.49125000834465027
0.5020833611488342
0.5020833611488342
0.5020833611488342
0.5020833611488342
0.49041667580604553
0.5020833611488342
0.4937500059604645
0.5020833611488342
0.5020833611488342
0.4962500035762787
0.49791666865348816
0.5020833611488342
0.49166667461395264
0.4962500035762787
0.5020833611488342
0.5020833611488342
0.4950000047683716
0.5020833611488342
0.5020833611488342

training history val accuracy
0.49166667461395264
0.49166667461395264
0.5083333253860474
0.49166667461395264
0.49166667461395264
0.49166667461395264
0.49166667461395264
0.49166667461395264
0.49166667461395264
0.49166667461395264
0.49166667461395264
0.49166667461395264
0.49166667461395264
0.49166667461395264
0.49166667461395264
0.49166667461395264
0.49166667461395264
0.49166667461395264
0.5083333253860474
0.49166667461395264
0.5083333253860474
0.49166667461395264
0.49166667461395264
0.49166667461395264
0.49166667461395264
0.49166667461395264
0.49166667461395264
0.49166667461395264
0.49166667461395264
0.49166667461395264
0.49166667461395264
0.49166667461395264
0.49166667461395264
0.49166667461395264
0.49166667461395264
0.49166667461395264
0.49166667461395264
0.49166667461395264
0.49166667461395264
0.5083333253860474
0.49166667461395264
0.49166667461395264
0.49166667461395264
0.49166667461395264
0.49166667461395264
0.49166667461395264
0.49166667461395264
0.49166667461395264
0.49166667461395264

training history loss
0.6936437487602234
0.6932374835014343
0.693209707736969
0.693179726600647
0.6932245492935181
0.6932035088539124
0.693175196647644
0.6931735873222351
0.6931931376457214
0.6931672692298889
0.6932260990142822
0.6931878924369812
0.6931969523429871
0.6931728720664978
0.6931638717651367
0.6931838989257812
0.693167507648468
0.6931673288345337
0.6931524872779846
0.6932351589202881
0.6931955814361572
0.6931700706481934
0.6931731700897217
0.6931899189949036
0.6932530999183655
0.693189263343811
0.6932762265205383
0.6931896209716797
0.6932234168052673
0.6932092308998108
0.6932078003883362
0.6931740045547485
0.6931934356689453
0.6932000517845154
0.6931992173194885
0.6931858062744141
0.6931977272033691
0.6931816339492798
0.6932154893875122
0.6932725310325623
0.6931973695755005
0.6931872963905334
0.6932334899902344
0.6932045221328735
0.6931650042533875
0.6933085322380066
0.6932071447372437
0.6932379603385925
0.6931883096694946

training history val loss
0.6931725144386292
0.6932002305984497
0.6931379437446594
0.6932035088539124
0.6931639313697815
0.6932068467140198
0.6931660771369934
0.6932029724121094
0.693226158618927
0.6932253837585449
0.6932623982429504
0.6931581497192383
0.6931752562522888
0.6932570338249207
0.6932397484779358
0.6932258009910583
0.693184494972229
0.6932339072227478
0.6931156516075134
0.6931495070457458
0.6931407451629639
0.693234384059906
0.6932308673858643
0.6932226419448853
0.6932679414749146
0.6931651830673218
0.693193793296814
0.693200409412384
0.6932018399238586
0.6932507157325745
0.6931904554367065
0.6932164430618286
0.693191647529602
0.693231463432312
0.6932922005653381
0.6932387948036194
0.6931846141815186
0.6932727098464966
0.6933047771453857
0.6931356191635132
0.6932217478752136
0.6931831240653992
0.6932048201560974
0.6932377219200134
0.6932101249694824
0.6932496428489685
0.6931883096694946
0.6931760907173157
0.6931819319725037