test data loss : 0.6933183073997498
test data accyracy : 0.5

training history accuracy
0.49562498927116394
0.5020833611488342
0.4895833432674408
0.5020833611488342
0.49041667580604553
0.5020833611488342
0.5020833611488342
0.5020833611488342
0.49291667342185974
0.5020833611488342
0.5020833611488342
0.5020833611488342
0.5020833611488342
0.5020833611488342
0.4970833361148834
0.5020833611488342
0.5020833611488342
0.5016666650772095
0.48750001192092896
0.5020833611488342
0.5020833611488342
0.5020833611488342
0.5020833611488342
0.49666666984558105
0.5020833611488342
0.5020833611488342
0.5020833611488342
0.5020833611488342
0.5020833611488342
0.5020833611488342
0.5020833611488342
0.5020833611488342
0.49541667103767395
0.5020833611488342
0.4895833432674408
0.4925000071525574
0.5020833611488342
0.5020833611488342
0.5020833611488342
0.5020833611488342
0.5020833611488342
0.4908333420753479
0.5020833611488342
0.5020833611488342
0.48875001072883606
0.5020833611488342
0.48625001311302185
0.5020833611488342

training history val accuracy
0.49166667461395264
0.49166667461395264
0.49166667461395264
0.49166667461395264
0.49166667461395264
0.49166667461395264
0.49166667461395264
0.49166667461395264
0.49166667461395264
0.49166667461395264
0.49166667461395264
0.49166667461395264
0.49166667461395264
0.49166667461395264
0.49166667461395264
0.49166667461395264
0.49166667461395264
0.5083333253860474
0.49166667461395264
0.49166667461395264
0.49166667461395264
0.49166667461395264
0.49166667461395264
0.49166667461395264
0.49166667461395264
0.49166667461395264
0.49166667461395264
0.49166667461395264
0.49166667461395264
0.49166667461395264
0.49166667461395264
0.49166667461395264
0.49166667461395264
0.49166667461395264
0.49166667461395264
0.49166667461395264
0.49166667461395264
0.49166667461395264
0.49166667461395264
0.49166667461395264
0.49166667461395264
0.49166667461395264
0.49166667461395264
0.49166667461395264
0.49166667461395264
0.49166667461395264
0.49166667461395264
0.49166667461395264

training history loss
0.7016726732254028
0.6931814551353455
0.6932655572891235
0.6931677460670471
0.6932051777839661
0.6931979656219482
0.6931864023208618
0.6931629180908203
0.693220853805542
0.6931746602058411
0.6932274699211121
0.6931814551353455
0.6931985020637512
0.6931925415992737
0.6931609511375427
0.6931633949279785
0.6931973695755005
0.6936720609664917
0.6934025287628174
0.6931570172309875
0.6931882500648499
0.6931833624839783
0.6931635737419128
0.6931775212287903
0.6931535005569458
0.6931913495063782
0.6931716203689575
0.6931897401809692
0.6931859254837036
0.6931560039520264
0.6931713223457336
0.6931663155555725
0.6931896209716797
0.6931906342506409
0.693182647228241
0.693189263343811
0.6931599378585815
0.6932104229927063
0.6931677460670471
0.6931728720664978
0.6932166218757629
0.6932109594345093
0.6931880712509155
0.6932080388069153
0.6931891441345215
0.6931765675544739
0.6932167410850525
0.6931638717651367

training history val loss
0.69330233335495
0.6933020353317261
0.6933003067970276
0.6932443380355835
0.6932177543640137
0.6932878494262695
0.6932658553123474
0.6932520270347595
0.6932728290557861
0.6932121515274048
0.6931911706924438
0.6931989789009094
0.6931660175323486
0.6932765245437622
0.6931477785110474
0.69317626953125
0.693191409111023
0.6931087970733643
0.693159818649292
0.6932610869407654
0.6933185458183289
0.6932932138442993
0.6932246685028076
0.693192720413208
0.6932502388954163
0.693256139755249
0.6932314038276672
0.6932203769683838
0.6932225227355957
0.6932258605957031
0.6932028532028198
0.6931878328323364
0.693193256855011
0.6932056546211243
0.6932157874107361
0.6932342648506165
0.6933001279830933
0.6933010220527649
0.6932277083396912
0.69324791431427
0.6932013630867004
0.6931676268577576
0.693199872970581
0.6932392120361328
0.6931820511817932
0.6932540535926819
0.6932380199432373
0.6932163238525391