test data loss : 0.6931487321853638
test data accyracy : 0.5

training history accuracy
0.5014583468437195
0.5020833611488342
0.4958333373069763
0.5020833611488342
0.5020833611488342
0.4891666769981384
0.5020833611488342
0.5020833611488342
0.5020833611488342
0.5020833611488342
0.49291667342185974
0.5020833611488342
0.5020833611488342
0.4962500035762787
0.5020833611488342
0.5020833611488342
0.5020833611488342
0.5020833611488342
0.5020833611488342
0.5020833611488342
0.5020833611488342
0.4983333349227905
0.5020833611488342
0.5020833611488342
0.5020833611488342
0.4908333420753479
0.5020833611488342
0.5020833611488342
0.49416667222976685
0.4891666769981384
0.5020833611488342
0.5020833611488342
0.5020833611488342
0.4933333396911621
0.5020833611488342
0.5020833611488342
0.5020833611488342
0.5020833611488342
0.5020833611488342
0.5020833611488342
0.5020833611488342

training history val accuracy
0.49166667461395264
0.49166667461395264
0.49166667461395264
0.49166667461395264
0.49166667461395264
0.49166667461395264
0.49166667461395264
0.49166667461395264
0.49166667461395264
0.49166667461395264
0.49166667461395264
0.49166667461395264
0.49166667461395264
0.49166667461395264
0.49166667461395264
0.49166667461395264
0.49166667461395264
0.49166667461395264
0.49166667461395264
0.49166667461395264
0.49166667461395264
0.49166667461395264
0.49166667461395264
0.49166667461395264
0.49166667461395264
0.49166667461395264
0.49166667461395264
0.49166667461395264
0.49166667461395264
0.49166667461395264
0.49166667461395264
0.49166667461395264
0.49166667461395264
0.49166667461395264
0.49166667461395264
0.49166667461395264
0.49166667461395264
0.49166667461395264
0.49166667461395264
0.49166667461395264
0.49166667461395264

training history loss
0.6986044645309448
0.6932239532470703
0.6932024359703064
0.6931518912315369
0.6931660175323486
0.6932057738304138
0.6931833624839783
0.6931665539741516
0.6931715607643127
0.6931981444358826
0.6931999325752258
0.6932029724121094
0.6931946277618408
0.6931940317153931
0.69317227602005
0.6931865215301514
0.693177342414856
0.6932041645050049
0.6931591629981995
0.6931608319282532
0.6931650638580322
0.6931913495063782
0.6931688189506531
0.6931981444358826
0.6931970119476318
0.6931791305541992
0.6931876540184021
0.6931908130645752
0.6931745409965515
0.6932172775268555
0.6931658983230591
0.6931665539741516
0.6931858658790588
0.6932006478309631
0.6931777596473694
0.693240225315094
0.6931644082069397
0.693164050579071
0.6931579113006592
0.6931810975074768
0.693171501159668

training history val loss
0.6934154033660889
0.693311870098114
0.6932269930839539
0.6932617425918579
0.6932235360145569
0.6932329535484314
0.6932571530342102
0.6932624578475952
0.6932456493377686
0.6932450532913208
0.693178117275238
0.6932672262191772
0.6931828260421753
0.6932737827301025
0.6932822465896606
0.6932222843170166
0.6932640075683594
0.6932443976402283
0.6931911706924438
0.6932051181793213
0.6932041049003601
0.6932722926139832
0.6932808756828308
0.6931812763214111
0.6932342648506165
0.6932247877120972
0.693207323551178
0.6932308077812195
0.6932052373886108
0.6932423710823059
0.6932406425476074
0.6932456493377686
0.6932253241539001
0.6933026313781738
0.6932461261749268
0.6931878328323364
0.6932447552680969
0.6932564377784729
0.6932433843612671
0.6931934356689453
0.6932555437088013