test data loss : 0.6931963562965393
test data accyracy : 0.5

training history accuracy
0.4970833361148834
0.4870833456516266
0.4975000023841858
0.5020833611488342
0.49916666746139526
0.5020833611488342
0.49041667580604553
0.49125000834465027
0.5020833611488342
0.5020833611488342
0.5020833611488342
0.5020833611488342
0.5020833611488342
0.5020833611488342
0.5020833611488342
0.4950000047683716
0.4945833384990692
0.5020833611488342
0.5020833611488342
0.5020833611488342
0.4883333444595337
0.5020833611488342
0.4958333373069763
0.5008333325386047
0.5020833611488342
0.4983333349227905
0.5020833611488342
0.5020833611488342
0.4958333373069763
0.5020833611488342
0.5020833611488342

training history val accuracy
0.5083333253860474
0.49166667461395264
0.5083333253860474
0.49166667461395264
0.49166667461395264
0.49166667461395264
0.49166667461395264
0.49166667461395264
0.49166667461395264
0.49166667461395264
0.49166667461395264
0.49166667461395264
0.49166667461395264
0.49166667461395264
0.49166667461395264
0.49166667461395264
0.49166667461395264
0.49166667461395264
0.49166667461395264
0.49166667461395264
0.49166667461395264
0.49166667461395264
0.5083333253860474
0.49166667461395264
0.49166667461395264
0.49166667461395264
0.49166667461395264
0.49166667461395264
0.49166667461395264
0.49166667461395264
0.49166667461395264

training history loss
0.6965306997299194
0.693287193775177
0.6931867003440857
0.6932499408721924
0.6932101249694824
0.6931754350662231
0.6931984424591064
0.6931859254837036
0.6931660771369934
0.693191409111023
0.6931645274162292
0.6931862831115723
0.6931622624397278
0.6931759119033813
0.6932055950164795
0.693206787109375
0.6932145357131958
0.6931567192077637
0.6931933164596558
0.6931772232055664
0.6931995153427124
0.6932201981544495
0.6931920051574707
0.6932023763656616
0.6932267546653748
0.6931853294372559
0.693167507648468
0.6931900978088379
0.6931717395782471
0.6931660771369934
0.6931701302528381

training history val loss
0.693101167678833
0.6931639313697815
0.6931434273719788
0.6931867599487305
0.693149745464325
0.6932191848754883
0.69317227602005
0.693233847618103
0.6932056546211243
0.6932553052902222
0.6932483315467834
0.6932104229927063
0.6932307481765747
0.6932305693626404
0.6931781768798828
0.6932045221328735
0.6931816935539246
0.6932328939437866
0.6932836771011353
0.6932370662689209
0.6932094693183899
0.6932600736618042
0.6931441426277161
0.693203866481781
0.6931860446929932
0.693179190158844
0.6932069063186646
0.6932399272918701
0.6932020783424377
0.6932353973388672
0.693234920501709