test data loss : 0.6931499242782593
test data accyracy : 0.5

training history accuracy
0.5083333253860474
0.48875001072883606
0.48875001072883606
0.4970833361148834
0.5024999976158142
0.4937500059604645
0.5020833611488342
0.5020833611488342
0.5020833611488342
0.5020833611488342
0.5020833611488342
0.5020833611488342
0.5020833611488342
0.4854166805744171
0.5020833611488342
0.4945833384990692
0.5020833611488342
0.5020833611488342
0.5020833611488342
0.5020833611488342
0.5020833611488342
0.5020833611488342
0.5020833611488342
0.4933333396911621
0.48124998807907104
0.5020833611488342
0.5020833611488342
0.5020833611488342
0.5020833611488342
0.5020833611488342
0.49666666984558105
0.5020833611488342

training history val accuracy
0.49166667461395264
0.5083333253860474
0.49166667461395264
0.5083333253860474
0.49166667461395264
0.49166667461395264
0.49166667461395264
0.49166667461395264
0.49166667461395264
0.49166667461395264
0.49166667461395264
0.49166667461395264
0.49166667461395264
0.49166667461395264
0.49166667461395264
0.49166667461395264
0.49166667461395264
0.49166667461395264
0.49166667461395264
0.49166667461395264
0.49166667461395264
0.49166667461395264
0.49166667461395264
0.49166667461395264
0.49166667461395264
0.49166667461395264
0.49166667461395264
0.49166667461395264
0.49166667461395264
0.49166667461395264
0.49166667461395264
0.49166667461395264

training history loss
0.6954293251037598
0.6936497688293457
0.6932780742645264
0.6931943893432617
0.6931631565093994
0.6931764483451843
0.6932017207145691
0.6931906938552856
0.6931841969490051
0.6931672096252441
0.6931827068328857
0.6932112574577332
0.6932031512260437
0.6932071447372437
0.6932064294815063
0.6931724548339844
0.6931681036949158
0.6931633949279785
0.6931929588317871
0.6931684017181396
0.693183183670044
0.6931825876235962
0.6931646466255188
0.6931989192962646
0.6932715177536011
0.6931869387626648
0.6931692957878113
0.6931830644607544
0.6931519508361816
0.6931664943695068
0.6931719183921814
0.6931611895561218

training history val loss
0.6941750645637512
0.6931109428405762
0.6932687163352966
0.6931403875350952
0.6931993961334229
0.6932114362716675
0.6932973861694336
0.6932348012924194
0.6932241320610046
0.6932159662246704
0.6932728290557861
0.6931939721107483
0.6931877732276917
0.6932399272918701
0.6932201981544495
0.6932018399238586
0.693215012550354
0.693243145942688
0.6932476162910461
0.6932207345962524
0.6932872533798218
0.6932569146156311
0.6932209134101868
0.6932466626167297
0.6932693123817444
0.6932548880577087
0.6932880878448486
0.6932567358016968
0.6932322978973389
0.6931871771812439
0.693223774433136
0.6932601928710938