test data loss : 0.6931480765342712
test data accyracy : 0.5

training history accuracy
0.5020833611488342
0.5020833611488342
0.4958333373069763
0.5020833611488342
0.5020833611488342
0.5020833611488342
0.5020833611488342
0.5020833611488342
0.5020833611488342
0.5020833611488342
0.5020833611488342
0.4870833456516266
0.5020833611488342
0.5020833611488342
0.5020833611488342
0.5020833611488342
0.5020833611488342
0.48249998688697815
0.49541667103767395
0.5020833611488342
0.5020833611488342
0.5020833611488342
0.5020833611488342
0.5020833611488342
0.5020833611488342
0.5020833611488342
0.5020833611488342
0.5020833611488342
0.5020833611488342
0.5020833611488342
0.492083340883255
0.5020833611488342
0.5020833611488342
0.5020833611488342
0.492083340883255
0.4933333396911621
0.5020833611488342
0.4945833384990692
0.5020833611488342
0.5020833611488342
0.49166667461395264
0.5020833611488342

training history val accuracy
0.49166667461395264
0.49166667461395264
0.49166667461395264
0.49166667461395264
0.49166667461395264
0.49166667461395264
0.49166667461395264
0.49166667461395264
0.49166667461395264
0.49166667461395264
0.49166667461395264
0.49166667461395264
0.49166667461395264
0.49166667461395264
0.49166667461395264
0.49166667461395264
0.49166667461395264
0.49166667461395264
0.49166667461395264
0.49166667461395264
0.49166667461395264
0.49166667461395264
0.49166667461395264
0.49166667461395264
0.49166667461395264
0.49166667461395264
0.49166667461395264
0.49166667461395264
0.49166667461395264
0.49166667461395264
0.49166667461395264
0.49166667461395264
0.49166667461395264
0.49166667461395264
0.49166667461395264
0.49166667461395264
0.49166667461395264
0.49166667461395264
0.49166667461395264
0.49166667461395264
0.49166667461395264
0.49166667461395264

training history loss
0.6941938996315002
0.6931636929512024
0.6931939125061035
0.6931604743003845
0.693209707736969
0.6931555867195129
0.6931731700897217
0.6931876540184021
0.6932149529457092
0.6931658387184143
0.6931642889976501
0.6932275891304016
0.6931723952293396
0.6931744813919067
0.6931819915771484
0.6931748986244202
0.6931712627410889
0.6931855082511902
0.6931838393211365
0.6931678652763367
0.6931937336921692
0.6932089328765869
0.6931890249252319
0.6931875348091125
0.6931567788124084
0.6932553052902222
0.6931803226470947
0.6931719183921814
0.6931905746459961
0.6931915283203125
0.6931955814361572
0.6931844353675842
0.6931717991828918
0.6931846141815186
0.6931944489479065
0.6931560039520264
0.6931822299957275
0.6931958794593811
0.6931638717651367
0.6931785345077515
0.6931890249252319
0.6931601166725159

training history val loss
0.6932623982429504
0.6932083368301392
0.6932411193847656
0.693209171295166
0.6932081580162048
0.6931892037391663
0.6932012438774109
0.6932381987571716
0.6931785941123962
0.6932169795036316
0.6932510137557983
0.6931707859039307
0.693317711353302
0.693213164806366
0.6932321786880493
0.6932544112205505
0.6931861042976379
0.6931965947151184
0.6931823492050171
0.6932287216186523
0.6932141184806824
0.6932409405708313
0.6931873559951782
0.693179726600647
0.6932554244995117
0.6932351589202881
0.6932443380355835
0.6932374835014343
0.693254828453064
0.6932229399681091
0.6932490468025208
0.6932426691055298
0.693179726600647
0.6932592391967773
0.6931713819503784
0.6932443380355835
0.6933038234710693
0.6932310461997986
0.6932259798049927
0.6932230591773987
0.6932417750358582
0.6932575702667236