test data loss : 0.6931475400924683
test data accyracy : 0.5

training history accuracy
0.49041667580604553
0.5020833611488342
0.5020833611488342
0.49416667222976685
0.4950000047683716
0.4950000047683716
0.4858333468437195
0.5020833611488342
0.49666666984558105
0.5020833611488342
0.5020833611488342
0.5020833611488342
0.5020833611488342
0.5020833611488342
0.492083340883255
0.4970833361148834
0.5020833611488342
0.4937500059604645
0.5020833611488342
0.5020833611488342
0.5020833611488342
0.4870833456516266
0.5020833611488342
0.5020833611488342
0.5020833611488342
0.5020833611488342
0.4962500035762787
0.5020833611488342
0.5020833611488342
0.49166667461395264
0.5020833611488342

training history val accuracy
0.49166667461395264
0.49166667461395264
0.49166667461395264
0.49166667461395264
0.49166667461395264
0.49166667461395264
0.49166667461395264
0.49166667461395264
0.49166667461395264
0.49166667461395264
0.49166667461395264
0.49166667461395264
0.49166667461395264
0.49166667461395264
0.49166667461395264
0.49166667461395264
0.49166667461395264
0.49166667461395264
0.49166667461395264
0.49166667461395264
0.49166667461395264
0.49166667461395264
0.49166667461395264
0.49166667461395264
0.49166667461395264
0.49166667461395264
0.49166667461395264
0.49166667461395264
0.49166667461395264
0.49166667461395264
0.49166667461395264

training history loss
0.6975435018539429
0.6932297348976135
0.693190336227417
0.6932035088539124
0.6931935548782349
0.6932138800621033
0.6932574510574341
0.6932163238525391
0.6931948065757751
0.693213164806366
0.6931800246238708
0.6931893825531006
0.6931749582290649
0.6931959986686707
0.6931965351104736
0.693175196647644
0.6931825280189514
0.6931681036949158
0.6931785345077515
0.6931764483451843
0.6932166218757629
0.6932387948036194
0.6931899785995483
0.6931735277175903
0.6931799054145813
0.6931660175323486
0.6931963562965393
0.6931942105293274
0.6931752562522888
0.6931925415992737
0.6931989789009094

training history val loss
0.6931637525558472
0.6931730508804321
0.6931851506233215
0.6932198405265808
0.6932150721549988
0.6932530999183655
0.6932030916213989
0.6931941509246826
0.693169891834259
0.693252444267273
0.6932471990585327
0.6932427883148193
0.6931725144386292
0.6931751370429993
0.6931851506233215
0.6931763887405396
0.6932067275047302
0.6932534575462341
0.6932587027549744
0.6932457685470581
0.6933225393295288
0.6932164430618286
0.693291962146759
0.6932880282402039
0.6932352185249329
0.6932604312896729
0.6932030320167542
0.6932347416877747
0.6932147145271301
0.6932368874549866
0.6932743191719055