test data loss : 0.6931906342506409
test data accyracy : 0.5

training history accuracy
0.5047916769981384
0.49791666865348816
0.4945833384990692
0.48750001192092896
0.5020833611488342
0.4975000023841858
0.5020833611488342
0.5020833611488342
0.5020833611488342
0.4933333396911621
0.5020833611488342
0.5020833611488342
0.4962500035762787
0.4958333373069763
0.5020833611488342
0.4962500035762787
0.5020833611488342
0.5020833611488342
0.5020833611488342
0.5020833611488342
0.5020833611488342
0.5020833611488342
0.5020833611488342
0.4983333349227905
0.5020833611488342
0.5020833611488342
0.5020833611488342
0.4925000071525574
0.5020833611488342
0.4958333373069763
0.5020833611488342

training history val accuracy
0.5083333253860474
0.5083333253860474
0.49166667461395264
0.49166667461395264
0.49166667461395264
0.49166667461395264
0.49166667461395264
0.49166667461395264
0.49166667461395264
0.49166667461395264
0.49166667461395264
0.49166667461395264
0.49166667461395264
0.49166667461395264
0.49166667461395264
0.49166667461395264
0.49166667461395264
0.49166667461395264
0.49166667461395264
0.49166667461395264
0.49166667461395264
0.49166667461395264
0.49166667461395264
0.49166667461395264
0.49166667461395264
0.49166667461395264
0.49166667461395264
0.49166667461395264
0.49166667461395264
0.49166667461395264
0.49166667461395264

training history loss
0.6997359991073608
0.6932224631309509
0.693210244178772
0.6931747198104858
0.6931940317153931
0.6931652426719666
0.6931737661361694
0.6931672096252441
0.6931574940681458
0.6931828856468201
0.6931865215301514
0.693159818649292
0.6931894421577454
0.6932136416435242
0.6932127475738525
0.693206787109375
0.6931561231613159
0.6931601762771606
0.6931800842285156
0.6932251453399658
0.6931628584861755
0.6931617856025696
0.6931840181350708
0.693173348903656
0.6931641101837158
0.6931588649749756
0.6932401061058044
0.6931934952735901
0.6931889057159424
0.6932029724121094
0.693173885345459

training history val loss
0.6930350065231323
0.6930904388427734
0.6931813359260559
0.6931526064872742
0.6931856870651245
0.6931940317153931
0.6932687759399414
0.6932123899459839
0.6932374238967896
0.6931951642036438
0.6932095289230347
0.6932572722434998
0.6932615041732788
0.6932652592658997
0.6932843923568726
0.6932370662689209
0.693236231803894
0.6932055950164795
0.6932002902030945
0.6932644844055176
0.6932305693626404
0.6932141184806824
0.693172037601471
0.6932364106178284
0.693246603012085
0.6932405829429626
0.693210780620575
0.6931869983673096
0.6931638717651367
0.6932092905044556
0.6932020783424377