test data loss : 0.6931619048118591
test data accyracy : 0.5

training history accuracy
0.4983333349227905
0.4816666543483734
0.49125000834465027
0.4908333420753479
0.4816666543483734
0.5016666650772095
0.4879166781902313
0.5012500286102295
0.49041667580604553
0.5020833611488342
0.5020833611488342
0.4945833384990692
0.5020833611488342
0.5020833611488342
0.5020833611488342
0.4958333373069763
0.5020833611488342
0.5020833611488342
0.5020833611488342
0.49541667103767395
0.4879166781902313
0.5020833611488342
0.5020833611488342
0.4970833361148834
0.5020833611488342
0.5020833611488342
0.4854166805744171
0.5020833611488342
0.492083340883255
0.5020833611488342
0.5020833611488342

training history val accuracy
0.5083333253860474
0.5083333253860474
0.5083333253860474
0.49166667461395264
0.5083333253860474
0.49166667461395264
0.5083333253860474
0.49166667461395264
0.49166667461395264
0.49166667461395264
0.49166667461395264
0.49166667461395264
0.49166667461395264
0.49166667461395264
0.49166667461395264
0.49166667461395264
0.49166667461395264
0.49166667461395264
0.49166667461395264
0.49166667461395264
0.49166667461395264
0.49166667461395264
0.49166667461395264
0.49166667461395264
0.49166667461395264
0.49166667461395264
0.49166667461395264
0.49166667461395264
0.49166667461395264
0.49166667461395264
0.49166667461395264

training history loss
0.6962519884109497
0.6932113766670227
0.6931820511817932
0.6931942701339722
0.6932339072227478
0.693179190158844
0.6932200193405151
0.6931583881378174
0.6932305097579956
0.6931976079940796
0.6931535601615906
0.6932035088539124
0.6932038068771362
0.6931573152542114
0.6931617856025696
0.6931942701339722
0.6931524872779846
0.6931825280189514
0.6931751370429993
0.6931827068328857
0.6932275891304016
0.693193793296814
0.6931824088096619
0.6931811571121216
0.6932249665260315
0.6931776404380798
0.6932344436645508
0.6932179927825928
0.6931903958320618
0.6931688189506531
0.6931633949279785

training history val loss
0.6930713653564453
0.6931347250938416
0.6931329965591431
0.6931653022766113
0.6931437253952026
0.6932108402252197
0.6931452751159668
0.6932287812232971
0.6931758522987366
0.69326251745224
0.6932309865951538
0.6932462453842163
0.6931836009025574
0.6932510733604431
0.6932655572891235
0.6931748986244202
0.6932381391525269
0.6932342648506165
0.6931999921798706
0.6931833624839783
0.6932615637779236
0.6932531595230103
0.6932801604270935
0.6932008266448975
0.6932259798049927
0.6931817531585693
0.6932486295700073
0.6932758688926697
0.6932059526443481
0.6932627558708191
0.6932492852210999