test data loss : 0.6931473612785339
test data accyracy : 0.5

training history accuracy
0.5112500190734863
0.5020833611488342
0.5020833611488342
0.5020833611488342
0.5020833611488342
0.5020833611488342
0.5020833611488342
0.5020833611488342
0.5020833611488342
0.5020833611488342
0.4870833456516266
0.5020833611488342
0.5020833611488342
0.4950000047683716
0.5020833611488342
0.49291667342185974
0.4933333396911621
0.5020833611488342
0.5020833611488342
0.5020833611488342
0.5020833611488342
0.4958333373069763
0.4962500035762787
0.5020833611488342
0.48625001311302185
0.5020833611488342
0.5020833611488342
0.5020833611488342
0.5020833611488342
0.5020833611488342
0.4958333373069763
0.5020833611488342
0.5020833611488342
0.5020833611488342
0.48875001072883606
0.5020833611488342
0.5020833611488342
0.5020833611488342
0.5020833611488342
0.5020833611488342
0.5020833611488342
0.5020833611488342
0.5020833611488342
0.4987500011920929
0.49416667222976685
0.5020833611488342
0.5020833611488342
0.5020833611488342
0.5020833611488342
0.5020833611488342
0.5020833611488342
0.5020833611488342
0.5020833611488342

training history val accuracy
0.49166667461395264
0.49166667461395264
0.49166667461395264
0.49166667461395264
0.49166667461395264
0.49166667461395264
0.49166667461395264
0.49166667461395264
0.49166667461395264
0.49166667461395264
0.49166667461395264
0.49166667461395264
0.49166667461395264
0.49166667461395264
0.49166667461395264
0.49166667461395264
0.49166667461395264
0.49166667461395264
0.49166667461395264
0.49166667461395264
0.49166667461395264
0.49166667461395264
0.49166667461395264
0.49166667461395264
0.49166667461395264
0.49166667461395264
0.49166667461395264
0.49166667461395264
0.49166667461395264
0.49166667461395264
0.49166667461395264
0.49166667461395264
0.49166667461395264
0.49166667461395264
0.49166667461395264
0.49166667461395264
0.49166667461395264
0.49166667461395264
0.49166667461395264
0.49166667461395264
0.49166667461395264
0.49166667461395264
0.49166667461395264
0.49166667461395264
0.49166667461395264
0.49166667461395264
0.49166667461395264
0.49166667461395264
0.49166667461395264
0.49166667461395264
0.49166667461395264
0.49166667461395264
0.49166667461395264

training history loss
0.6954644322395325
0.6931746006011963
0.6931760907173157
0.6932036280632019
0.6932274103164673
0.6931663751602173
0.6931800842285156
0.6931806206703186
0.6931608319282532
0.6931869983673096
0.6932322978973389
0.6931871175765991
0.6931740045547485
0.6932076811790466
0.693228006362915
0.6931889057159424
0.6931873559951782
0.6932032704353333
0.6932242512702942
0.6931877136230469
0.6931911110877991
0.6931726336479187
0.6932618021965027
0.6931790113449097
0.6931824684143066
0.6931688785552979
0.6931712627410889
0.6931619048118591
0.6931883692741394
0.6931943297386169
0.6931888461112976
0.6931874752044678
0.6931636929512024
0.6931710243225098
0.6932298541069031
0.6931443214416504
0.6932174563407898
0.6932053565979004
0.6931903958320618
0.693221390247345
0.6931677460670471
0.6931769847869873
0.6931673288345337
0.6931904554367065
0.6931981444358826
0.6931834816932678
0.6931610107421875
0.6931972503662109
0.6931650638580322
0.6931701898574829
0.6931664347648621
0.6931909918785095
0.6931735873222351

training history val loss
0.6933505535125732
0.6932897567749023
0.6932392120361328
0.6932616829872131
0.6933136582374573
0.693214476108551
0.6931691765785217
0.6932109594345093
0.693214476108551
0.6932840347290039
0.6932433843612671
0.6932437419891357
0.6932916045188904
0.6932750344276428
0.6932716369628906
0.6932135224342346
0.6932034492492676
0.6932128667831421
0.6932207942008972
0.6932001113891602
0.6932457089424133
0.6931554675102234
0.6931532025337219
0.6932225227355957
0.6931950449943542
0.6932765245437622
0.6931947469711304
0.6931852698326111
0.6931999325752258
0.6932551860809326
0.6931633353233337
0.6931993961334229
0.6932409405708313
0.6931940913200378
0.6931702494621277
0.6932665705680847
0.6932879686355591
0.6932159662246704
0.6932593584060669
0.693180501461029
0.693219006061554
0.6932331323623657
0.693191647529602
0.6932342648506165
0.6932443976402283
0.6932477355003357
0.6932569742202759
0.6932570934295654
0.6932271718978882
0.6932346820831299
0.6932216286659241
0.6932293176651001
0.693251371383667