test data loss : 0.6931473016738892
test data accyracy : 0.5

training history accuracy
0.5016666650772095
0.5008333325386047
0.5020833611488342
0.4945833384990692
0.5020833611488342
0.4987500011920929
0.5020833611488342
0.4945833384990692
0.5020833611488342
0.492083340883255
0.5020833611488342
0.4933333396911621
0.4970833361148834
0.5020833611488342
0.5020833611488342
0.5020833611488342
0.5020833611488342
0.5020833611488342
0.5020833611488342
0.5020833611488342
0.5020833611488342
0.5020833611488342
0.5020833611488342
0.5020833611488342
0.5020833611488342
0.5020833611488342
0.5020833611488342
0.5020833611488342
0.48875001072883606
0.5020833611488342
0.5020833611488342

training history val accuracy
0.5083333253860474
0.49166667461395264
0.49166667461395264
0.49166667461395264
0.49166667461395264
0.49166667461395264
0.49166667461395264
0.49166667461395264
0.49166667461395264
0.49166667461395264
0.49166667461395264
0.49166667461395264
0.49166667461395264
0.49166667461395264
0.49166667461395264
0.49166667461395264
0.49166667461395264
0.49166667461395264
0.49166667461395264
0.49166667461395264
0.49166667461395264
0.49166667461395264
0.49166667461395264
0.49166667461395264
0.49166667461395264
0.49166667461395264
0.49166667461395264
0.49166667461395264
0.49166667461395264
0.49166667461395264
0.49166667461395264

training history loss
0.693588376045227
0.6932329535484314
0.6931756734848022
0.6932105422019958
0.6931915879249573
0.6932229399681091
0.6931809186935425
0.6932064890861511
0.6931765675544739
0.6931938529014587
0.6931857466697693
0.6931904554367065
0.6931904554367065
0.6931993365287781
0.6931981444358826
0.6931875348091125
0.6931701898574829
0.6931772232055664
0.6931616067886353
0.6932176947593689
0.6932063698768616
0.6931724548339844
0.6931716799736023
0.6931625604629517
0.693182110786438
0.6932097673416138
0.693162202835083
0.6931991577148438
0.6932327747344971
0.6931969523429871
0.6932099461555481

training history val loss
0.6931446194648743
0.6932199597358704
0.693195104598999
0.693207323551178
0.6931709051132202
0.6932277679443359
0.693189263343811
0.6931921243667603
0.6932259798049927
0.6931990385055542
0.6932309865951538
0.6931484937667847
0.6932330131530762
0.6932095289230347
0.6931828856468201
0.6932335495948792
0.6932662725448608
0.6932101249694824
0.6932166218757629
0.6932183504104614
0.6932156085968018
0.6931762099266052
0.6932041645050049
0.693207323551178
0.6932035088539124
0.6932575106620789
0.6932103037834167
0.6932545900344849
0.6932297945022583
0.693208634853363
0.6933019161224365