test data loss : 0.6931475400924683
test data accyracy : 0.5

training history accuracy
0.49416667222976685
0.4879166781902313
0.5020833611488342
0.4908333420753479
0.49666666984558105
0.5020833611488342
0.5020833611488342
0.48500001430511475
0.5020833611488342
0.5020833611488342
0.5020833611488342
0.5020833611488342
0.5020833611488342
0.4950000047683716
0.4925000071525574
0.5020833611488342
0.5020833611488342
0.5020833611488342
0.5020833611488342
0.49416667222976685
0.5020833611488342
0.5020833611488342
0.5020833611488342
0.5020833611488342
0.5020833611488342
0.5020833611488342
0.4950000047683716
0.4925000071525574
0.5020833611488342
0.5020833611488342
0.5020833611488342

training history val accuracy
0.5083333253860474
0.49166667461395264
0.49166667461395264
0.49166667461395264
0.49166667461395264
0.49166667461395264
0.49166667461395264
0.49166667461395264
0.49166667461395264
0.49166667461395264
0.49166667461395264
0.49166667461395264
0.49166667461395264
0.49166667461395264
0.49166667461395264
0.49166667461395264
0.49166667461395264
0.49166667461395264
0.49166667461395264
0.49166667461395264
0.49166667461395264
0.49166667461395264
0.49166667461395264
0.49166667461395264
0.49166667461395264
0.49166667461395264
0.49166667461395264
0.49166667461395264
0.49166667461395264
0.49166667461395264
0.49166667461395264

training history loss
0.693691611289978
0.6931990385055542
0.6931788921356201
0.6931944489479065
0.6931651830673218
0.6931575536727905
0.6931941509246826
0.6931995749473572
0.6931583285331726
0.6931824684143066
0.6931788325309753
0.6931628584861755
0.693194568157196
0.6931799650192261
0.6932339668273926
0.6931637525558472
0.6932342648506165
0.6931624412536621
0.6931738257408142
0.6931734085083008
0.693173348903656
0.6931859850883484
0.6931734085083008
0.693219780921936
0.6931930184364319
0.6931895017623901
0.6931920051574707
0.6932002902030945
0.6931781768798828
0.6931732892990112
0.6931957006454468

training history val loss
0.693131685256958
0.6931861042976379
0.6932207345962524
0.6931556463241577
0.6931813955307007
0.6932402849197388
0.6932268738746643
0.6932451128959656
0.6932199597358704
0.6932192444801331
0.6932114958763123
0.6931991577148438
0.6932315826416016
0.693216860294342
0.6932042241096497
0.6932067275047302
0.6932331323623657
0.6931915879249573
0.6932042241096497
0.6932083964347839
0.693260908126831
0.6931745409965515
0.6932314038276672
0.6932045221328735
0.6931774020195007
0.6932128667831421
0.6931663751602173
0.6932278871536255
0.6932437419891357
0.6932410597801208
0.6932439208030701