test data loss : 0.6931474208831787
test data accyracy : 0.5

training history accuracy
0.5027083158493042
0.5020833611488342
0.5020833611488342
0.5004166960716248
0.5020833611488342
0.5020833611488342
0.5020833611488342
0.4933333396911621
0.49666666984558105
0.48875001072883606
0.5020833611488342
0.4891666769981384
0.5020833611488342
0.5020833611488342
0.5020833611488342
0.5020833611488342
0.49416667222976685
0.4950000047683716
0.5020833611488342
0.4925000071525574
0.49166667461395264
0.5020833611488342
0.5020833611488342
0.5020833611488342
0.5020833611488342
0.4883333444595337
0.4908333420753479
0.5020833611488342
0.5020833611488342
0.5020833611488342
0.5020833611488342
0.49791666865348816
0.5020833611488342
0.5020833611488342
0.5020833611488342
0.5020833611488342
0.49291667342185974
0.5020833611488342
0.5020833611488342

training history val accuracy
0.49166667461395264
0.49166667461395264
0.49166667461395264
0.49166667461395264
0.49166667461395264
0.49166667461395264
0.49166667461395264
0.49166667461395264
0.5083333253860474
0.49166667461395264
0.49166667461395264
0.49166667461395264
0.49166667461395264
0.49166667461395264
0.49166667461395264
0.49166667461395264
0.5083333253860474
0.49166667461395264
0.49166667461395264
0.5083333253860474
0.49166667461395264
0.49166667461395264
0.49166667461395264
0.49166667461395264
0.49166667461395264
0.49166667461395264
0.49166667461395264
0.49166667461395264
0.49166667461395264
0.49166667461395264
0.49166667461395264
0.49166667461395264
0.49166667461395264
0.49166667461395264
0.49166667461395264
0.49166667461395264
0.49166667461395264
0.49166667461395264
0.49166667461395264

training history loss
0.6948254108428955
0.6931712031364441
0.6932048797607422
0.6932035684585571
0.6931833624839783
0.6931926012039185
0.6931630373001099
0.6931801438331604
0.693260133266449
0.6931941509246826
0.6931768655776978
0.6932231187820435
0.693162202835083
0.6932132840156555
0.69318026304245
0.6931655406951904
0.6931847333908081
0.6931967735290527
0.693189263343811
0.6931930780410767
0.6931971907615662
0.6931874752044678
0.6931675672531128
0.6931601762771606
0.6931837201118469
0.6931900382041931
0.693178653717041
0.6931965351104736
0.6931965351104736
0.6931787729263306
0.6931710243225098
0.6931726336479187
0.6931931972503662
0.693166196346283
0.693172037601471
0.6931638717651367
0.6931768655776978
0.6931658387184143
0.6931760311126709

training history val loss
0.6933530569076538
0.6932156085968018
0.6932336688041687
0.6932069659233093
0.6931882500648499
0.6932265758514404
0.6932138800621033
0.693221390247345
0.6931362152099609
0.6931539177894592
0.6932631134986877
0.6932353377342224
0.6932544708251953
0.6932101249694824
0.693239688873291
0.6932063698768616
0.693141758441925
0.6931691765785217
0.6932022571563721
0.6931399703025818
0.6932840347290039
0.6932279467582703
0.6932134628295898
0.6932494640350342
0.6932527422904968
0.6931698322296143
0.6932190656661987
0.6932956576347351
0.6932233572006226
0.693215012550354
0.6931849718093872
0.6931920647621155
0.6931905150413513
0.6932511329650879
0.6932435035705566
0.6932321190834045
0.6932315826416016
0.6932877898216248
0.693244218826294