test data loss : 0.6931561231613159
test data accyracy : 0.5

training history accuracy
0.4985416531562805
0.5020833611488342
0.49791666865348816
0.5004166960716248
0.4937500059604645
0.4958333373069763
0.4983333349227905
0.5020833611488342
0.5020833611488342
0.48124998807907104
0.5020833611488342
0.49291667342185974
0.5020833611488342
0.4945833384990692
0.5020833611488342
0.49416667222976685
0.4762499928474426
0.5020833611488342
0.4925000071525574
0.5020833611488342
0.5020833611488342
0.5020833611488342
0.5020833611488342
0.4908333420753479
0.5020833611488342
0.4950000047683716
0.5020833611488342
0.5020833611488342
0.4895833432674408
0.5020833611488342
0.4970833361148834

training history val accuracy
0.5083333253860474
0.5083333253860474
0.5083333253860474
0.49166667461395264
0.5083333253860474
0.49166667461395264
0.49166667461395264
0.49166667461395264
0.49166667461395264
0.49166667461395264
0.49166667461395264
0.49166667461395264
0.49166667461395264
0.49166667461395264
0.49166667461395264
0.49166667461395264
0.49166667461395264
0.49166667461395264
0.49166667461395264
0.49166667461395264
0.49166667461395264
0.49166667461395264
0.49166667461395264
0.49166667461395264
0.49166667461395264
0.49166667461395264
0.49166667461395264
0.49166667461395264
0.49166667461395264
0.49166667461395264
0.49166667461395264

training history loss
0.6941385269165039
0.6934152245521545
0.6932204365730286
0.6933862566947937
0.693175733089447
0.6931824088096619
0.6932070255279541
0.6931993365287781
0.6931809782981873
0.6932326555252075
0.6931990385055542
0.6932346820831299
0.6931754946708679
0.6932021975517273
0.6932417750358582
0.6932010650634766
0.6932235956192017
0.6931952834129333
0.6932891011238098
0.6931760907173157
0.693187952041626
0.6931660175323486
0.6931939125061035
0.6932064890861511
0.6932191252708435
0.6931847333908081
0.6931819319725037
0.6931882500648499
0.6931764483451843
0.693210244178772
0.6931814551353455

training history val loss
0.6930853128433228
0.6930872797966003
0.693107008934021
0.6932041049003601
0.6931059956550598
0.6932121515274048
0.6931993961334229
0.6932414770126343
0.6931895017623901
0.6931958794593811
0.6933414936065674
0.6932594776153564
0.6932794451713562
0.6932194232940674
0.6931785941123962
0.6932538151741028
0.693203330039978
0.6932569742202759
0.6932486295700073
0.6932287812232971
0.693189263343811
0.6932233572006226
0.6932296752929688
0.6932271718978882
0.6932655572891235
0.6931518316268921
0.6931822896003723
0.6931918859481812
0.6931943297386169
0.6932045221328735
0.6931688189506531