test data loss : 0.6931888461112976
test data accyracy : 0.5

training history accuracy
0.5072916746139526
0.49812498688697815
0.4891666769981384
0.5020833611488342
0.5020833611488342
0.5020833611488342
0.492083340883255
0.5020833611488342
0.4958333373069763
0.5020833611488342
0.4925000071525574
0.5020833611488342
0.5020833611488342
0.5020833611488342
0.4945833384990692
0.5020833611488342
0.5020833611488342
0.49541667103767395
0.4895833432674408
0.5020833611488342
0.5020833611488342
0.5020833611488342
0.49541667103767395
0.49541667103767395
0.4937500059604645
0.5020833611488342
0.4950000047683716
0.5020833611488342
0.5020833611488342
0.5020833611488342
0.5020833611488342

training history val accuracy
0.5083333253860474
0.49166667461395264
0.49166667461395264
0.49166667461395264
0.49166667461395264
0.49166667461395264
0.49166667461395264
0.49166667461395264
0.49166667461395264
0.49166667461395264
0.49166667461395264
0.49166667461395264
0.49166667461395264
0.49166667461395264
0.49166667461395264
0.49166667461395264
0.49166667461395264
0.49166667461395264
0.49166667461395264
0.49166667461395264
0.49166667461395264
0.49166667461395264
0.49166667461395264
0.49166667461395264
0.49166667461395264
0.49166667461395264
0.49166667461395264
0.49166667461395264
0.49166667461395264
0.49166667461395264
0.49166667461395264

training history loss
0.695037305355072
0.6932138204574585
0.6933566927909851
0.6931806802749634
0.6932194828987122
0.6932079195976257
0.6932149529457092
0.6931858062744141
0.6931885480880737
0.6931988596916199
0.6931840777397156
0.6931580901145935
0.6931695938110352
0.6931995153427124
0.6931682229042053
0.6931858658790588
0.6931766271591187
0.6931938529014587
0.6932141184806824
0.6931571364402771
0.6931793093681335
0.6931990385055542
0.6932289600372314
0.6932017803192139
0.6931875348091125
0.6932215094566345
0.6931787133216858
0.693169891834259
0.6932089924812317
0.6932000517845154
0.693171501159668

training history val loss
0.6930269002914429
0.693210244178772
0.6932052373886108
0.6931896805763245
0.693161129951477
0.6931591629981995
0.6932597160339355
0.6931982636451721
0.6932558417320251
0.6932206749916077
0.6932295560836792
0.6932293176651001
0.6932786107063293
0.6931686997413635
0.6932160258293152
0.6931996941566467
0.6932693719863892
0.6932291388511658
0.6932550668716431
0.693264901638031
0.6932246088981628
0.6932078003883362
0.6933004856109619
0.6932045221328735
0.6932377219200134
0.6931872367858887
0.6932350397109985
0.6932711005210876
0.6932098269462585
0.6932265162467957
0.6931814551353455