test data loss : 0.6931511759757996
test data accyracy : 0.5

training history accuracy
0.49270832538604736
0.492291659116745
0.5024999976158142
0.5020833611488342
0.5020833611488342
0.4908333420753479
0.5020833611488342
0.4870833456516266
0.5020833611488342
0.5020833611488342
0.5020833611488342
0.5020833611488342
0.5020833611488342
0.48875001072883606
0.4870833456516266
0.5020833611488342
0.49125000834465027
0.5020833611488342
0.5020833611488342
0.5020833611488342
0.5020833611488342
0.4950000047683716
0.5020833611488342
0.5020833611488342
0.5020833611488342
0.5020833611488342
0.5020833611488342
0.5020833611488342
0.4879166781902313
0.5020833611488342
0.5020833611488342

training history val accuracy
0.5083333253860474
0.5083333253860474
0.49166667461395264
0.49166667461395264
0.49166667461395264
0.49166667461395264
0.49166667461395264
0.49166667461395264
0.49166667461395264
0.49166667461395264
0.49166667461395264
0.49166667461395264
0.49166667461395264
0.49166667461395264
0.49166667461395264
0.49166667461395264
0.49166667461395264
0.49166667461395264
0.49166667461395264
0.49166667461395264
0.49166667461395264
0.49166667461395264
0.49166667461395264
0.49166667461395264
0.49166667461395264
0.49166667461395264
0.49166667461395264
0.49166667461395264
0.49166667461395264
0.49166667461395264
0.49166667461395264

training history loss
0.698802649974823
0.693168044090271
0.6931647658348083
0.6932067275047302
0.6931865215301514
0.6931997537612915
0.6931670308113098
0.6932170391082764
0.693174421787262
0.693200409412384
0.6931697726249695
0.6931644678115845
0.6931910514831543
0.6931749582290649
0.693268358707428
0.6931753754615784
0.6932370066642761
0.6931996941566467
0.6932000517845154
0.6931836605072021
0.6931848526000977
0.6931828856468201
0.6931750774383545
0.6931662559509277
0.6931654214859009
0.6931732892990112
0.6931659579277039
0.6931724548339844
0.6932023763656616
0.6931542158126831
0.6931667923927307

training history val loss
0.6931045651435852
0.6931369304656982
0.6932030320167542
0.6931692957878113
0.6931689977645874
0.693207323551178
0.6932153701782227
0.6932194232940674
0.6932704448699951
0.6932227611541748
0.6932996511459351
0.693203330039978
0.6932638883590698
0.6932012438774109
0.6932687163352966
0.693252444267273
0.6931778192520142
0.6932426691055298
0.6932147145271301
0.6932424902915955
0.6932526230812073
0.6932080984115601
0.693217933177948
0.6932222247123718
0.6932549476623535
0.6932293176651001
0.6931915283203125
0.6932420134544373
0.6931782364845276
0.6932408213615417
0.6932501196861267