test data loss : 0.6931473612785339
test data accyracy : 0.5

training history accuracy
0.49125000834465027
0.49791666865348816
0.4858333468437195
0.5020833611488342
0.5020833611488342
0.5020833611488342
0.492083340883255
0.49041667580604553
0.5020833611488342
0.5020833611488342
0.5020833611488342
0.5020833611488342
0.5020833611488342
0.5020833611488342
0.4937500059604645
0.5020833611488342
0.49416667222976685
0.5020833611488342
0.5020833611488342
0.5020833611488342
0.5020833611488342
0.5020833611488342
0.5020833611488342
0.5020833611488342
0.49416667222976685
0.5020833611488342
0.49416667222976685
0.5020833611488342
0.5020833611488342
0.5020833611488342
0.5020833611488342

training history val accuracy
0.5083333253860474
0.49166667461395264
0.49166667461395264
0.49166667461395264
0.49166667461395264
0.49166667461395264
0.49166667461395264
0.49166667461395264
0.49166667461395264
0.49166667461395264
0.49166667461395264
0.49166667461395264
0.49166667461395264
0.49166667461395264
0.49166667461395264
0.49166667461395264
0.49166667461395264
0.49166667461395264
0.49166667461395264
0.49166667461395264
0.49166667461395264
0.49166667461395264
0.49166667461395264
0.49166667461395264
0.49166667461395264
0.49166667461395264
0.49166667461395264
0.49166667461395264
0.49166667461395264
0.49166667461395264
0.49166667461395264

training history loss
0.6985613703727722
0.6931871771812439
0.6931788921356201
0.6931878328323364
0.6931805610656738
0.6931671500205994
0.6931750774383545
0.6931752562522888
0.6931843757629395
0.6931760907173157
0.6932057738304138
0.6931902766227722
0.6932250261306763
0.6931576132774353
0.6932005882263184
0.6932340264320374
0.6932123899459839
0.6931832432746887
0.6931781768798828
0.6931769251823425
0.6931709051132202
0.6931871771812439
0.693202793598175
0.6931555271148682
0.6931729912757874
0.6931957602500916
0.6931896805763245
0.6931575536727905
0.6931794285774231
0.693174421787262
0.6931668519973755

training history val loss
0.6931384205818176
0.6931478381156921
0.6931476593017578
0.6931817531585693
0.6932229995727539
0.693206250667572
0.693213701248169
0.6932553648948669
0.693301260471344
0.6932306885719299
0.6932662725448608
0.693222165107727
0.6932517290115356
0.6932178139686584
0.6931970715522766
0.6932451128959656
0.6932385563850403
0.6932929158210754
0.6932308673858643
0.6932334899902344
0.6932541728019714
0.6931804418563843
0.6932569742202759
0.6932000517845154
0.6931571364402771
0.693236231803894
0.6931976079940796
0.6932644248008728
0.6932392716407776
0.6932321190834045
0.6932063102722168