test data loss : 0.6931481957435608
test data accyracy : 0.5

training history accuracy
0.49416667222976685
0.4895833432674408
0.49291667342185974
0.49791666865348816
0.49916666746139526
0.5020833611488342
0.49416667222976685
0.49541667103767395
0.5020833611488342
0.5020833611488342
0.49541667103767395
0.5020833611488342
0.5020833611488342
0.4950000047683716
0.5020833611488342
0.5020833611488342
0.5020833611488342
0.49666666984558105
0.4870833456516266
0.5020833611488342
0.5020833611488342
0.4937500059604645
0.5020833611488342
0.5020833611488342
0.49416667222976685
0.5020833611488342
0.49416667222976685
0.5020833611488342
0.5020833611488342
0.5020833611488342
0.5020833611488342
0.5020833611488342

training history val accuracy
0.49166667461395264
0.5083333253860474
0.49166667461395264
0.5083333253860474
0.49166667461395264
0.49166667461395264
0.49166667461395264
0.49166667461395264
0.49166667461395264
0.49166667461395264
0.49166667461395264
0.49166667461395264
0.49166667461395264
0.49166667461395264
0.49166667461395264
0.49166667461395264
0.49166667461395264
0.49166667461395264
0.49166667461395264
0.49166667461395264
0.49166667461395264
0.49166667461395264
0.49166667461395264
0.49166667461395264
0.49166667461395264
0.49166667461395264
0.49166667461395264
0.49166667461395264
0.49166667461395264
0.49166667461395264
0.49166667461395264
0.49166667461395264

training history loss
0.7142620086669922
0.6932408809661865
0.6932715773582458
0.6931679248809814
0.6932694911956787
0.6932008266448975
0.6932272911071777
0.6931777000427246
0.6931707262992859
0.6931986212730408
0.6932333111763
0.6932179927825928
0.6931859254837036
0.6931802034378052
0.6931985020637512
0.693171501159668
0.6932239532470703
0.6931774616241455
0.6931730508804321
0.6932076811790466
0.693150520324707
0.6931883096694946
0.6931746006011963
0.6931771039962769
0.6931853294372559
0.6931763887405396
0.6931946277618408
0.6931870579719543
0.6931859254837036
0.6931616067886353
0.6931600570678711
0.6932041049003601

training history val loss
0.6931554675102234
0.6931228637695312
0.6932229995727539
0.6931230425834656
0.6931830048561096
0.6931849122047424
0.6931619048118591
0.6931965351104736
0.693234384059906
0.6931633949279785
0.6931726932525635
0.6932414770126343
0.6931808590888977
0.6931971311569214
0.6932507157325745
0.6931946277618408
0.6932021379470825
0.6931970119476318
0.6932325959205627
0.6933217644691467
0.6932187080383301
0.6932151317596436
0.6932223439216614
0.6932498216629028
0.6932340860366821
0.6932798624038696
0.693206250667572
0.6932733058929443
0.693253755569458
0.6932278275489807
0.6931970715522766
0.6931645274162292