test data loss : 0.6931479573249817
test data accyracy : 0.5

training history accuracy
0.5018749833106995
0.5020833611488342
0.5020833611488342
0.4975000023841858
0.5020833611488342
0.5020833611488342
0.5020833611488342
0.5020833611488342
0.5020833611488342
0.5020833611488342
0.4945833384990692
0.5020833611488342
0.4983333349227905
0.49000000953674316
0.5020833611488342
0.5020833611488342
0.5020833611488342
0.5020833611488342
0.5020833611488342
0.49541667103767395
0.5020833611488342
0.5020833611488342
0.5020833611488342
0.4895833432674408
0.5020833611488342
0.5020833611488342
0.5020833611488342
0.4866666793823242
0.5020833611488342
0.4945833384990692
0.5020833611488342
0.49000000953674316
0.5020833611488342
0.5020833611488342
0.5020833611488342
0.5020833611488342
0.5020833611488342
0.49291667342185974
0.5020833611488342
0.5020833611488342
0.5020833611488342
0.5020833611488342
0.5020833611488342
0.5020833611488342
0.5020833611488342
0.49416667222976685
0.49041667580604553
0.5020833611488342
0.5020833611488342
0.5020833611488342
0.5020833611488342
0.5020833611488342
0.5020833611488342
0.5020833611488342
0.49125000834465027
0.5020833611488342
0.4870833456516266
0.5020833611488342
0.5020833611488342
0.49791666865348816
0.5020833611488342
0.5020833611488342
0.5020833611488342
0.5020833611488342
0.49541667103767395
0.5020833611488342
0.5020833611488342
0.4879166781902313
0.5020833611488342
0.5020833611488342
0.5020833611488342
0.4962500035762787
0.5020833611488342
0.5020833611488342
0.5020833611488342
0.5020833611488342

training history val accuracy
0.49166667461395264
0.49166667461395264
0.49166667461395264
0.49166667461395264
0.49166667461395264
0.49166667461395264
0.49166667461395264
0.49166667461395264
0.49166667461395264
0.49166667461395264
0.49166667461395264
0.49166667461395264
0.49166667461395264
0.49166667461395264
0.49166667461395264
0.49166667461395264
0.49166667461395264
0.49166667461395264
0.49166667461395264
0.49166667461395264
0.49166667461395264
0.49166667461395264
0.49166667461395264
0.49166667461395264
0.49166667461395264
0.49166667461395264
0.49166667461395264
0.49166667461395264
0.49166667461395264
0.49166667461395264
0.49166667461395264
0.49166667461395264
0.49166667461395264
0.49166667461395264
0.49166667461395264
0.49166667461395264
0.49166667461395264
0.49166667461395264
0.49166667461395264
0.49166667461395264
0.49166667461395264
0.49166667461395264
0.49166667461395264
0.49166667461395264
0.49166667461395264
0.5083333253860474
0.49166667461395264
0.49166667461395264
0.49166667461395264
0.49166667461395264
0.49166667461395264
0.49166667461395264
0.49166667461395264
0.49166667461395264
0.49166667461395264
0.49166667461395264
0.49166667461395264
0.49166667461395264
0.49166667461395264
0.49166667461395264
0.49166667461395264
0.49166667461395264
0.49166667461395264
0.49166667461395264
0.49166667461395264
0.49166667461395264
0.49166667461395264
0.49166667461395264
0.49166667461395264
0.49166667461395264
0.49166667461395264
0.49166667461395264
0.49166667461395264
0.49166667461395264
0.49166667461395264
0.49166667461395264

training history loss
0.6941390633583069
0.6931767463684082
0.6931807994842529
0.6932076811790466
0.6931817531585693
0.6931727528572083
0.6932101845741272
0.6931731700897217
0.6931841373443604
0.6931613087654114
0.6931881904602051
0.6932011842727661
0.6931939721107483
0.6931952834129333
0.6932014226913452
0.6931628584861755
0.693180501461029
0.6931756138801575
0.6931830048561096
0.6931672692298889
0.6932092905044556
0.6931804418563843
0.6931769847869873
0.6932451725006104
0.6932125091552734
0.6931825280189514
0.693175196647644
0.6931962370872498
0.6931959986686707
0.6931787729263306
0.6932420134544373
0.6931666135787964
0.6931625604629517
0.6931757926940918
0.6931793093681335
0.6931894421577454
0.6932144165039062
0.6931601166725159
0.6931781768798828
0.6931743025779724
0.6931716799736023
0.6931768655776978
0.6932149529457092
0.6931652426719666
0.6932088732719421
0.6931989789009094
0.6931983828544617
0.693162202835083
0.6932196617126465
0.6932071447372437
0.6931803226470947
0.6931686997413635
0.6931572556495667
0.6931840181350708
0.693181037902832
0.6932001709938049
0.6932307481765747
0.6931799650192261
0.6931812763214111
0.6931674480438232
0.6931866407394409
0.6931806802749634
0.6931750774383545
0.6931650042533875
0.6931850910186768
0.6931620836257935
0.6931707859039307
0.6931979060173035
0.6931791305541992
0.6931642293930054
0.6931620240211487
0.693189263343811
0.6931896209716797
0.6931818127632141
0.6931658387184143
0.6931837201118469

training history val loss
0.693252682685852
0.6932384967803955
0.6932530999183655
0.6932007670402527
0.6932542324066162
0.6932241916656494
0.6932365298271179
0.6932257413864136
0.6932454109191895
0.6932047605514526
0.6931634545326233
0.6932582259178162
0.6932523250579834
0.6931961178779602
0.6932415962219238
0.6932293176651001
0.6931724548339844
0.693239688873291
0.693173348903656
0.6932456493377686
0.6932987570762634
0.6932418346405029
0.6932880282402039
0.6932743191719055
0.6932273507118225
0.6932711005210876
0.6932388544082642
0.6932103633880615
0.6932361125946045
0.6931599974632263
0.6932660937309265
0.693180501461029
0.6932233572006226
0.6932064294815063
0.693176805973053
0.693219006061554
0.6932598352432251
0.693192720413208
0.6932564377784729
0.6932066082954407
0.6932059526443481
0.6931813955307007
0.6932668685913086
0.693179726600647
0.6931758522987366
0.6931264996528625
0.6932638883590698
0.6931986808776855
0.6932722926139832
0.6931909322738647
0.693232536315918
0.6932194232940674
0.6932222247123718
0.6932799220085144
0.6932222247123718
0.6932807564735413
0.6931987404823303
0.6932349801063538
0.6931854486465454
0.6932138800621033
0.6932336688041687
0.6932789087295532
0.6931982040405273
0.6932274103164673
0.6932004690170288
0.6932956576347351
0.6932481527328491
0.6932324171066284
0.6932454705238342
0.6932298541069031
0.6932705640792847
0.6931995153427124
0.6932545900344849
0.6932392120361328
0.693238377571106
0.6932374238967896