test data loss : 0.6931474208831787
test data accyracy : 0.5

training history accuracy
0.49166667461395264
0.49145832657814026
0.503333330154419
0.492083340883255
0.5020833611488342
0.5020833611488342
0.4970833361148834
0.5020833611488342
0.5020833611488342
0.4879166781902313
0.5020833611488342
0.5020833611488342
0.5020833611488342
0.4975000023841858
0.49416667222976685
0.5020833611488342
0.5020833611488342
0.4975000023841858
0.5020833611488342
0.4958333373069763
0.5020833611488342
0.4970833361148834
0.5020833611488342
0.5020833611488342
0.4879166781902313
0.4925000071525574
0.5020833611488342
0.5020833611488342
0.5020833611488342
0.5020833611488342
0.5020833611488342
0.5020833611488342

training history val accuracy
0.49166667461395264
0.5083333253860474
0.49166667461395264
0.49166667461395264
0.49166667461395264
0.49166667461395264
0.49166667461395264
0.49166667461395264
0.49166667461395264
0.49166667461395264
0.49166667461395264
0.49166667461395264
0.49166667461395264
0.49166667461395264
0.49166667461395264
0.49166667461395264
0.49166667461395264
0.49166667461395264
0.49166667461395264
0.49166667461395264
0.49166667461395264
0.49166667461395264
0.49166667461395264
0.49166667461395264
0.49166667461395264
0.49166667461395264
0.49166667461395264
0.49166667461395264
0.49166667461395264
0.49166667461395264
0.49166667461395264
0.49166667461395264

training history loss
0.6969876885414124
0.6932180523872375
0.6931832432746887
0.6931901574134827
0.6931955814361572
0.6931753754615784
0.6932231783866882
0.693190336227417
0.693198561668396
0.693188488483429
0.6931675672531128
0.6931803822517395
0.693165123462677
0.6931867599487305
0.6932346224784851
0.6931666135787964
0.6931642889976501
0.6931845545768738
0.6931554675102234
0.6931828856468201
0.6931952834129333
0.6931934356689453
0.6931736469268799
0.6932305693626404
0.6931727528572083
0.6932066679000854
0.693157434463501
0.6931867599487305
0.6931851506233215
0.6931854486465454
0.6932181119918823
0.6931933164596558

training history val loss
0.6931803822517395
0.6931363344192505
0.6932128667831421
0.6931861042976379
0.6932313442230225
0.6932572722434998
0.6932756304740906
0.6932516694068909
0.6932229399681091
0.6931542754173279
0.6932777166366577
0.6932315826416016
0.693228542804718
0.6932191252708435
0.6932270526885986
0.6932609677314758
0.6932638883590698
0.6932337880134583
0.6932199597358704
0.6932580471038818
0.693243145942688
0.6931885480880737
0.6932662725448608
0.693202793598175
0.6931567788124084
0.6931992173194885
0.693244457244873
0.6932651996612549
0.6932517290115356
0.6932581663131714
0.6932367086410522
0.6931692957878113