training history accuracy
0.8535416722297668
0.8824999928474426
0.8949999809265137
0.8972916603088379
0.9070833325386047
0.9133333563804626
0.9141666889190674
0.921875
0.9191666841506958
0.9266666769981384
0.9302083253860474
0.9297916889190674
0.9316666722297668
0.9364583492279053
0.9339583516120911
0.940416693687439
0.940416693687439
0.9479166865348816
0.9452083110809326
0.9420833587646484
0.9514583349227905
0.9541666507720947
0.9612500071525574
0.9608333110809326
0.9633333086967468
0.9647916555404663
0.9668750166893005
0.9735416769981384
0.965624988079071
0.9666666388511658
0.9668750166893005
0.9710416793823242
0.9670833349227905
0.9739583134651184
0.971666693687439
0.9756249785423279
0.9764583110809326
0.981041669845581
0.9737499952316284
0.9747916460037231

training history val accuracy
0.5550000071525574
0.6558333039283752
0.9558333158493042
0.9358333349227905
0.8658333420753479
0.5458333492279053
0.5191666483879089
0.7791666388511658
0.5083333253860474
0.9883333444595337
0.9783333539962769
0.9674999713897705
0.8991666436195374
0.7524999976158142
0.5649999976158142
0.8641666769981384
0.8066666722297668
0.9833333492279053
0.9541666507720947
0.987500011920929
0.9616666436195374
0.9375
0.9758333563804626
0.9191666841506958
0.9491666555404663
0.9458333253860474
0.9825000166893005
0.9833333492279053
0.9725000262260437
0.9275000095367432
0.9399999976158142
0.9458333253860474
0.9466666579246521
0.9633333086967468
0.9858333468437195
0.9516666531562805
0.9858333468437195
0.9775000214576721
0.9491666555404663
0.9850000143051147

training history loss
0.37304580211639404
0.30595260858535767
0.2688087224960327
0.2690623104572296
0.24531278014183044
0.23934940993785858
0.22501373291015625
0.1943213939666748
0.20451465249061584
0.19206508994102478
0.1781805455684662
0.1678965985774994
0.16976843774318695
0.15305791795253754
0.16197489202022552
0.1525736302137375
0.14355731010437012
0.13289764523506165
0.13794362545013428
0.14225532114505768
0.12578167021274567
0.12103570252656937
0.09862320870161057
0.09889353066682816
0.09560053795576096
0.09282035380601883
0.09385666251182556
0.07463719695806503
0.08968034386634827
0.08843224495649338
0.0880923867225647
0.08372461050748825
0.08732914924621582
0.07794949412345886
0.07357018440961838
0.07047255337238312
0.06776592135429382
0.057430755347013474
0.07598939538002014
0.06639514118432999

training history val loss
1.4401241540908813
0.9155828952789307
0.11678659915924072
0.17529931664466858
0.3203578293323517
2.746819496154785
4.156553268432617
0.7845432162284851
4.106860160827637
0.04842434823513031
0.0922967866063118
0.1283116191625595
0.28490957617759705
0.5318791270256042
1.6211696863174438
0.3477621078491211
0.4130571186542511
0.06998725235462189
0.13150599598884583
0.0544973686337471
0.14657653868198395
0.19738078117370605
0.07135419547557831
0.17246761918067932
0.12136619538068771
0.16637744009494781
0.06119433790445328
0.0678897574543953
0.0824059471487999
0.2182181030511856
0.22288858890533447
0.18316717445850372
0.20394323766231537
0.12263506650924683
0.05744696408510208
0.24888122081756592
0.05359751358628273
0.07594340294599533
0.16194270551204681
0.05792967602610588