training history accuracy
0.7493749856948853
0.8285416960716248
0.847083330154419
0.8535416722297668
0.8658333420753479
0.8777083158493042
0.8770833611488342
0.8650000095367432
0.8785416483879089
0.8802083134651184
0.8929166793823242
0.8943750262260437
0.8927083611488342
0.8997916579246521
0.9112499952316284
0.8954166769981384
0.918958306312561
0.9150000214576721
0.9147916436195374
0.9135416746139526
0.92166668176651
0.9281250238418579
0.9272916913032532
0.9258333444595337
0.9368749856948853
0.9337499737739563
0.9352083206176758
0.9412500262260437
0.9268749952316284
0.9322916865348816
0.9320833086967468
0.9383333325386047
0.9452083110809326
0.9483333230018616
0.9441666603088379
0.9460416436195374
0.9452083110809326
0.9477083086967468
0.9458333253860474
0.9552083611488342
0.9541666507720947
0.9552083611488342
0.9620833396911621
0.9549999833106995
0.9547916650772095
0.9587500095367432
0.9570833444595337
0.9629166722297668
0.9608333110809326
0.9570833444595337
0.9643750190734863
0.9664583206176758
0.96854168176651
0.9643750190734863
0.9591666460037231
0.9645833373069763
0.9679166674613953
0.9635416865348816
0.9620833396911621
0.9674999713897705
0.9679166674613953
0.9739583134651184
0.9662500023841858
0.9695833325386047
0.96854168176651
0.972083330154419
0.972083330154419
0.9745833277702332

training history val accuracy
0.5558333396911621
0.5441666841506958
0.7933333516120911
0.5091666579246521
0.49166667461395264
0.8833333253860474
0.49166667461395264
0.4958333373069763
0.5558333396911621
0.5450000166893005
0.9158333539962769
0.9391666650772095
0.7516666650772095
0.9483333230018616
0.49166667461395264
0.949999988079071
0.5833333134651184
0.4808333218097687
0.5099999904632568
0.49166667461395264
0.5016666650772095
0.7483333349227905
0.5208333134651184
0.5533333420753479
0.5491666793823242
0.9158333539962769
0.49166667461395264
0.7191666960716248
0.6608333587646484
0.9433333277702332
0.9583333134651184
0.6058333516120911
0.5024999976158142
0.8741666674613953
0.5458333492279053
0.6183333396911621
0.5408333539962769
0.9591666460037231
0.8675000071525574
0.940833330154419
0.7758333086967468
0.8008333444595337
0.4925000071525574
0.6308333277702332
0.9325000047683716
0.9108333587646484
0.8233333230018616
0.8299999833106995
0.9366666674613953
0.8641666769981384
0.8983333110809326
0.5741666555404663
0.5358333587646484
0.5458333492279053
0.9599999785423279
0.9383333325386047
0.753333330154419
0.9283333420753479
0.721666693687439
0.9516666531562805
0.5416666865348816
0.9683333039283752
0.9474999904632568
0.5016666650772095
0.7383333444595337
0.9591666460037231
0.9641666412353516
0.8066666722297668

training history loss
0.5198966264724731
0.4071660041809082
0.37919044494628906
0.3632275462150574
0.33505111932754517
0.3199905455112457
0.3115099370479584
0.3160074055194855
0.29368627071380615
0.28165486454963684
0.2745886445045471
0.2570418417453766
0.2585488259792328
0.2451920062303543
0.22798584401607513
0.24317888915538788
0.20441557466983795
0.20620845258235931
0.21406742930412292
0.20647917687892914
0.18383584916591644
0.17695508897304535
0.1778271198272705
0.1803855001926422
0.1510283350944519
0.16403800249099731
0.15243159234523773
0.14754058420658112
0.1733330339193344
0.16278955340385437
0.16395224630832672
0.15251284837722778
0.12986861169338226
0.12939013540744781
0.13705812394618988
0.12972913682460785
0.12950661778450012
0.1238560751080513
0.1233181357383728
0.11135313659906387
0.10834942013025284
0.11035940796136856
0.10021714866161346
0.11339136958122253
0.11857342720031738
0.10292066633701324
0.10638558864593506
0.09718772768974304
0.10275591164827347
0.10344081372022629
0.08209025114774704
0.09006768465042114
0.08064338564872742
0.08642531931400299
0.10151717811822891
0.08853843808174133
0.08848374336957932
0.09189368039369583
0.09752549976110458
0.08443772792816162
0.08016883581876755
0.07154450565576553
0.08964046835899353
0.07323487848043442
0.08319845050573349
0.07564814388751984
0.0750761479139328
0.06560813635587692

training history val loss
1.0571627616882324
1.2747358083724976
0.416528582572937
4.119328022003174
10.856969833374023
0.26358461380004883
19.81926918029785
4.776118755340576
1.1619654893875122
1.0550540685653687
0.20484836399555206
0.16518840193748474
0.5046948194503784
0.15728795528411865
6.682878017425537
0.13047318160533905
1.5990586280822754
1.5460312366485596
5.470613479614258
7.173798084259033
2.151350736618042
0.5493478178977966
3.1051247119903564
1.5611521005630493
1.941216230392456
0.23667719960212708
3.588730812072754
0.743902862071991
1.1312830448150635
0.15052561461925507
0.13964617252349854
1.2923225164413452
2.636195182800293
0.3806784451007843
1.7567801475524902
1.1817431449890137
3.33103346824646
0.10626029968261719
0.3994866609573364
0.17438679933547974
0.7038929462432861
0.6317465901374817
3.99330735206604
1.4683982133865356
0.19097107648849487
0.25049951672554016
0.521571695804596
0.48551270365715027
0.18167248368263245
0.3751086890697479
0.2867285907268524
2.2725963592529297
2.888810157775879
3.056546688079834
0.13936208188533783
0.18926723301410675
1.0956127643585205
0.24711918830871582
1.0295329093933105
0.1491527408361435
4.020830154418945
0.12307379394769669
0.14571556448936462
5.241718292236328
1.1526007652282715
0.13386040925979614
0.10758399963378906
0.5846895575523376