training history accuracy
0.9399999976158142
0.9672916531562805
0.9714583158493042
0.981041669845581
0.9762499928474426
0.981249988079071
0.9835416674613953
0.9850000143051147
0.9904166460037231
0.9827083349227905
0.9904166460037231
0.9937499761581421
0.98458331823349
0.9908333420753479
0.987708330154419
0.9904166460037231
0.9908333420753479
0.9937499761581421
0.9879166483879089
0.9931250214576721
0.9906250238418579
0.9912499785423279
0.9950000047683716
0.9922916889190674
0.9935416579246521
0.9935416579246521
0.9952083230018616
0.9889583587646484
0.9931250214576721
0.9937499761581421
0.9964583516120911
0.9958333373069763
0.9952083230018616
0.9958333373069763
0.997083306312561
0.9945833086967468
0.9927083253860474
0.9922916889190674
0.996874988079071
0.9983333349227905
0.9935416579246521
0.9945833086967468
0.9916666746139526
0.996874988079071
0.9922916889190674
0.996666669845581
0.9960416555404663
0.9995833039283752
0.9947916865348816
0.9981250166893005
0.9945833086967468
0.9960416555404663
0.9983333349227905
0.9958333373069763
0.9950000047683716
0.996666669845581
0.9981250166893005
0.9958333373069763
0.996666669845581
0.9943749904632568
0.9958333373069763
0.9954166412353516
0.9960416555404663
0.9972916841506958
0.9956250190734863
0.9964583516120911
0.9981250166893005
0.9972916841506958
0.9939583539962769
0.9964583516120911
0.997083306312561
0.9972916841506958
0.9947916865348816
0.9943749904632568
0.9964583516120911
0.9975000023841858
0.9995833039283752
0.9935416579246521

training history val accuracy
0.612500011920929
0.5391666889190674
0.7083333134651184
0.9383333325386047
0.9850000143051147
0.49166667461395264
0.628333330154419
0.9825000166893005
0.7241666913032532
0.9116666913032532
0.9891666769981384
0.6025000214576721
0.987500011920929
0.5083333253860474
0.70333331823349
0.9541666507720947
0.9166666865348816
0.9208333492279053
0.9858333468437195
0.9883333444595337
0.5083333253860474
0.9225000143051147
0.559166669845581
0.9950000047683716
0.9925000071525574
0.9708333611488342
0.9975000023841858
0.5316666960716248
0.675000011920929
0.9383333325386047
0.9900000095367432
0.9958333373069763
0.996666669845581
0.9791666865348816
0.5258333086967468
0.9933333396911621
0.996666669845581
0.9833333492279053
0.9983333349227905
0.5133333206176758
0.9983333349227905
0.9950000047683716
0.9708333611488342
0.9925000071525574
0.996666669845581
0.9975000023841858
0.8374999761581421
0.9991666674613953
0.9958333373069763
0.9258333444595337
0.9208333492279053
0.9991666674613953
0.9983333349227905
0.9950000047683716
0.9958333373069763
0.9950000047683716
0.5716666579246521
0.9983333349227905
0.9566666483879089
0.95333331823349
0.9891666769981384
0.987500011920929
0.9991666674613953
0.6825000047683716
0.9991666674613953
0.9991666674613953
0.9975000023841858
0.9991666674613953
0.9991666674613953
0.9925000071525574
0.9983333349227905
0.9633333086967468
0.9983333349227905
0.9783333539962769
0.9983333349227905
0.9975000023841858
0.9958333373069763
0.9958333373069763

training history loss
0.162855327129364
0.10642184317111969
0.09203866869211197
0.07449546456336975
0.08070354163646698
0.077116459608078
0.06993670761585236
0.06165315583348274
0.036099087446928024
0.08193860948085785
0.03779585659503937
0.03318054974079132
0.06156883388757706
0.0312855988740921
0.0505349300801754
0.03906366601586342
0.04424590244889259
0.02517847530543804
0.047808703035116196
0.033818792551755905
0.038221608847379684
0.036708105355501175
0.02366785891354084
0.02864503487944603
0.02832113951444626
0.02619810216128826
0.018863046541810036
0.04083820804953575
0.026330508291721344
0.017397059127688408
0.017927385866642
0.015554415062069893
0.019316324964165688
0.014506511390209198
0.008424829691648483
0.02143264375627041
0.022231316193938255
0.02558295801281929
0.01660589501261711
0.005511005409061909
0.021034589037299156
0.013510807417333126
0.03066609613597393
0.008045542985200882
0.024111323058605194
0.01470009796321392
0.015071110799908638
0.003147111041471362
0.017358114942908287
0.00610308488830924
0.018376518040895462
0.019400030374526978
0.0063853273168206215
0.013959353789687157
0.015666279941797256
0.009813387878239155
0.005996759049594402
0.012632467783987522
0.012694026343524456
0.016200970858335495
0.014994692988693714
0.01498938538134098
0.014480851590633392
0.009607718326151371
0.013143623247742653
0.017070593312382698
0.006208196748048067
0.01369950920343399
0.020690662786364555
0.009958170354366302
0.008499717339873314
0.00693498132750392
0.012653982266783714
0.011797220446169376
0.009479273110628128
0.010830959305167198
0.0011348658008500934
0.0169514287263155

training history val loss
1.4367598295211792
0.9591829180717468
1.5120383501052856
0.13514210283756256
0.10379182547330856
4.659820556640625
0.9802479147911072
0.05569181591272354
1.1617372035980225
0.4575129747390747
0.03486982360482216
3.2967476844787598
0.0607035756111145
5.610627174377441
0.5143526196479797
0.20422780513763428
0.21094049513339996
0.21312963962554932
0.04243183508515358
0.036274466663599014
3.0945358276367188
0.18757666647434235
2.5645511150360107
0.011520946398377419
0.028901442885398865
0.07929874211549759
0.011452486738562584
3.7283053398132324
0.8419825434684753
0.1493871659040451
0.02445415034890175
0.020340457558631897
0.007280746474862099
0.04579472541809082
3.058558702468872
0.01641937345266342
0.008542670868337154
0.042432405054569244
0.004395578522235155
3.4674606323242188
0.006905784830451012
0.014379625208675861
0.07222798466682434
0.03270567208528519
0.006981395650655031
0.006367258261889219
0.6438770890235901
0.0031462174374610186
0.01931377500295639
0.19496916234493256
0.3439062535762787
0.0057699722237885
0.004660760518163443
0.009966738522052765
0.014969701878726482
0.012347951531410217
2.2157280445098877
0.006955974269658327
0.13176316022872925
0.1367509812116623
0.028669752180576324
0.036081720143556595
0.005451013799756765
1.8244199752807617
0.0043729254975914955
0.0037554537411779165
0.004236119333654642
0.004541372414678335
0.006095081567764282
0.029454972594976425
0.003508583642542362
0.10688749700784683
0.0031734127551317215
0.06820391118526459
0.005283449776470661
0.007855992764234543
0.006845125928521156
0.013555952347815037