test data loss : 0.6931499242782593
test data accyracy : 0.5

training history accuracy
0.4962500035762787
0.5008333325386047
0.5020833611488342
0.5020833611488342
0.5020833611488342
0.5020833611488342
0.49125000834465027
0.5020833611488342
0.5020833611488342
0.5020833611488342
0.49416667222976685
0.49416667222976685
0.5020833611488342
0.5020833611488342
0.5020833611488342
0.5020833611488342
0.4925000071525574
0.5020833611488342
0.48750001192092896
0.5020833611488342
0.4908333420753479
0.5020833611488342
0.5020833611488342
0.5020833611488342
0.5020833611488342
0.4895833432674408
0.5020833611488342
0.5020833611488342
0.5020833611488342
0.5020833611488342
0.5020833611488342

training history val accuracy
0.5083333253860474
0.49166667461395264
0.49166667461395264
0.49166667461395264
0.49166667461395264
0.49166667461395264
0.49166667461395264
0.49166667461395264
0.49166667461395264
0.49166667461395264
0.49166667461395264
0.49166667461395264
0.49166667461395264
0.49166667461395264
0.49166667461395264
0.49166667461395264
0.49166667461395264
0.49166667461395264
0.49166667461395264
0.49166667461395264
0.49166667461395264
0.49166667461395264
0.49166667461395264
0.49166667461395264
0.49166667461395264
0.49166667461395264
0.49166667461395264
0.49166667461395264
0.49166667461395264
0.49166667461395264
0.49166667461395264

training history loss
0.7030866742134094
0.693189263343811
0.6931797862052917
0.693187952041626
0.6931851506233215
0.6931620836257935
0.6931828260421753
0.6931641697883606
0.6931725740432739
0.6931815147399902
0.6931791305541992
0.6931878924369812
0.6931745409965515
0.6931852102279663
0.693162202835083
0.6931906342506409
0.6932016611099243
0.6932186484336853
0.6932151913642883
0.6931697726249695
0.6932213306427002
0.6931877732276917
0.6931709051132202
0.6931699514389038
0.6931962370872498
0.6932181715965271
0.6931819915771484
0.6932528018951416
0.6931637525558472
0.6931967735290527
0.6931999921798706

training history val loss
0.6931344270706177
0.6931712627410889
0.6932225227355957
0.6931860446929932
0.693226158618927
0.6931614875793457
0.6932058930397034
0.6932876110076904
0.6932708024978638
0.6932420134544373
0.693198561668396
0.6932740807533264
0.6932404637336731
0.6932240724563599
0.6931764483451843
0.6932267546653748
0.6931884288787842
0.6932129263877869
0.6932359337806702
0.6932477355003357
0.693176805973053
0.6932668089866638
0.6932576298713684
0.6932674050331116
0.693250298500061
0.6931669116020203
0.6932185292243958
0.6932097673416138
0.6932348608970642
0.6933031678199768
0.6932744383811951