test data loss : 0.6931321024894714
test data accyracy : 0.5

training history accuracy
0.5006250143051147
0.49791666865348816
0.4854166805744171
0.48374998569488525
0.5020833611488342
0.5020833611488342
0.5020833611488342
0.5020833611488342
0.5020833611488342
0.49666666984558105
0.5020833611488342
0.5020833611488342
0.49291667342185974
0.5020833611488342
0.5020833611488342
0.5020833611488342
0.5020833611488342
0.5020833611488342
0.5020833611488342
0.4891666769981384
0.5020833611488342
0.5020833611488342
0.5020833611488342
0.4933333396911621
0.5020833611488342
0.5020833611488342
0.4895833432674408
0.5020833611488342
0.5020833611488342
0.5020833611488342
0.5020833611488342

training history val accuracy
0.5083333253860474
0.49166667461395264
0.49166667461395264
0.49166667461395264
0.49166667461395264
0.49166667461395264
0.49166667461395264
0.49166667461395264
0.49166667461395264
0.49166667461395264
0.49166667461395264
0.49166667461395264
0.49166667461395264
0.49166667461395264
0.49166667461395264
0.49166667461395264
0.49166667461395264
0.49166667461395264
0.49166667461395264
0.49166667461395264
0.49166667461395264
0.49166667461395264
0.49166667461395264
0.49166667461395264
0.49166667461395264
0.49166667461395264
0.49166667461395264
0.49166667461395264
0.49166667461395264
0.49166667461395264
0.49166667461395264

training history loss
0.6947559118270874
0.6931840777397156
0.6932241916656494
0.6932286024093628
0.6931771636009216
0.6931553483009338
0.6931571960449219
0.6932051181793213
0.6931665539741516
0.693202018737793
0.6932356357574463
0.6931967735290527
0.6931765675544739
0.6931924819946289
0.6931862235069275
0.693183958530426
0.6931626200675964
0.6931906342506409
0.6932040452957153
0.6932381987571716
0.693181574344635
0.6932045817375183
0.6931900382041931
0.6931908130645752
0.6931967735290527
0.6932076811790466
0.693190336227417
0.6931715607643127
0.6931790709495544
0.693168044090271
0.6931709051132202

training history val loss
0.6930877566337585
0.6931928992271423
0.6931580901145935
0.6931895613670349
0.6932615637779236
0.6932188868522644
0.6932129263877869
0.6932752728462219
0.6932175159454346
0.6931823492050171
0.6932058930397034
0.6932572722434998
0.6931480169296265
0.6933083534240723
0.6931837201118469
0.6932331919670105
0.6931901574134827
0.6932472586631775
0.6932337880134583
0.6932275891304016
0.6932483315467834
0.693280816078186
0.6931986212730408
0.6931729316711426
0.693236768245697
0.693273663520813
0.6932149529457092
0.6932462453842163
0.693211555480957
0.693244457244873
0.6932246088981628