test data loss : 0.6931324601173401
test data accyracy : 0.5

training history accuracy
0.5049999952316284
0.4845833480358124
0.5020833611488342
0.5020833611488342
0.4960416555404663
0.49000000953674316
0.49395832419395447
0.49416667222976685
0.4950000047683716
0.5020833611488342
0.5020833611488342
0.4908333420753479
0.5020833611488342
0.5020833611488342
0.5020833611488342
0.5020833611488342
0.5020833611488342
0.5020833611488342
0.5020833611488342
0.49416667222976685
0.5020833611488342
0.5020833611488342
0.5020833611488342
0.5020833611488342
0.4925000071525574
0.5020833611488342
0.5020833611488342
0.5020833611488342
0.5020833611488342
0.49666666984558105
0.5020833611488342
0.5020833611488342
0.5020833611488342
0.4950000047683716
0.5020833611488342
0.5020833611488342

training history val accuracy
0.49166667461395264
0.49166667461395264
0.49166667461395264
0.49166667461395264
0.49166667461395264
0.49166667461395264
0.49166667461395264
0.49166667461395264
0.49166667461395264
0.49166667461395264
0.49166667461395264
0.49166667461395264
0.49166667461395264
0.49166667461395264
0.49166667461395264
0.49166667461395264
0.49166667461395264
0.49166667461395264
0.49166667461395264
0.49166667461395264
0.49166667461395264
0.49166667461395264
0.49166667461395264
0.49166667461395264
0.49166667461395264
0.49166667461395264
0.49166667461395264
0.49166667461395264
0.49166667461395264
0.49166667461395264
0.49166667461395264
0.49166667461395264
0.49166667461395264
0.49166667461395264
0.49166667461395264
0.49166667461395264

training history loss
0.6950819492340088
0.6932447552680969
0.6931897401809692
0.6931973695755005
0.6931920051574707
0.6932222843170166
0.6932086944580078
0.6933112740516663
0.6931799054145813
0.693198025226593
0.693186342716217
0.693185031414032
0.6931950449943542
0.6931743621826172
0.6931713819503784
0.6931849122047424
0.6931891441345215
0.6931564807891846
0.693170428276062
0.6931880712509155
0.693172037601471
0.6931837797164917
0.6931735873222351
0.6931585073471069
0.6931766867637634
0.6932119727134705
0.6931885480880737
0.6931687593460083
0.6931646466255188
0.6931772232055664
0.6931706666946411
0.6931689977645874
0.6931690573692322
0.6931823492050171
0.6931743621826172
0.6931822299957275

training history val loss
0.6933158040046692
0.6931566596031189
0.6931766867637634
0.6932659149169922
0.6931714415550232
0.6931555867195129
0.6931676268577576
0.6931592226028442
0.6931765675544739
0.6933191418647766
0.6932238936424255
0.6931934952735901
0.6932395696640015
0.693254292011261
0.6932274103164673
0.6932353973388672
0.6932008266448975
0.6932230591773987
0.6932612657546997
0.6931982636451721
0.6932175755500793
0.6932369470596313
0.6932247877120972
0.6932021379470825
0.6932178735733032
0.6932055950164795
0.693175196647644
0.6932374835014343
0.6932017803192139
0.6932064294815063
0.6932235956192017
0.6932486891746521
0.6931996941566467
0.6932159662246704
0.6933009028434753
0.6931992173194885