test data loss : 0.6931244134902954
test data accyracy : 0.5

training history accuracy
0.49937498569488525
0.49791666865348816
0.4958333373069763
0.5
0.5039583444595337
0.5058333277702332
0.4962500035762787
0.5
0.49291667342185974
0.5020833611488342
0.5020833611488342
0.5020833611488342
0.5020833611488342
0.5020833611488342
0.4895833432674408
0.5020833611488342
0.4925000071525574
0.5020833611488342
0.5020833611488342
0.5020833611488342
0.5020833611488342
0.5020833611488342
0.492083340883255
0.5020833611488342
0.5020833611488342
0.5020833611488342
0.5020833611488342
0.49666666984558105
0.5020833611488342
0.5020833611488342
0.5020833611488342

training history val accuracy
0.5083333253860474
0.5083333253860474
0.49166667461395264
0.49166667461395264
0.49166667461395264
0.5083333253860474
0.5083333253860474
0.49166667461395264
0.49166667461395264
0.49166667461395264
0.49166667461395264
0.49166667461395264
0.49166667461395264
0.49166667461395264
0.49166667461395264
0.49166667461395264
0.49166667461395264
0.49166667461395264
0.49166667461395264
0.49166667461395264
0.49166667461395264
0.49166667461395264
0.49166667461395264
0.49166667461395264
0.49166667461395264
0.49166667461395264
0.49166667461395264
0.49166667461395264
0.49166667461395264
0.49166667461395264
0.49166667461395264

training history loss
0.6966544389724731
0.6932128071784973
0.6931731104850769
0.693401038646698
0.6931918263435364
0.6932668685913086
0.6932016611099243
0.6931752562522888
0.6932026147842407
0.6931664943695068
0.6931774020195007
0.6931803226470947
0.6931612491607666
0.6931595802307129
0.6932071447372437
0.6932241916656494
0.6932064890861511
0.6931678056716919
0.6931928396224976
0.6931887865066528
0.6931565999984741
0.693172812461853
0.6931700706481934
0.693172037601471
0.6931626796722412
0.6931634545326233
0.6931752562522888
0.6931859254837036
0.6931834816932678
0.6931651830673218
0.6931847929954529

training history val loss
0.6930592060089111
0.6931350827217102
0.6931898593902588
0.6932094693183899
0.6931167244911194
0.6931072473526001
0.6931071877479553
0.6931836009025574
0.6931726932525635
0.6932218670845032
0.6932440996170044
0.6932135224342346
0.6932159662246704
0.6932545304298401
0.6932064890861511
0.6932699084281921
0.6932346820831299
0.6932154893875122
0.6932355165481567
0.6932376027107239
0.6932206153869629
0.6931743621826172
0.6931747198104858
0.6932164430618286
0.6932156085968018
0.6932266354560852
0.6932136416435242
0.6931942105293274
0.6932244896888733
0.6933026909828186
0.6932646632194519