test data loss : 0.6932552456855774
test data accyracy : 0.5

training history accuracy
0.5037500262260437
0.5062500238418579
0.4983333349227905
0.4866666793823242
0.48750001192092896
0.5020833611488342
0.5020833611488342
0.5020833611488342
0.5020833611488342
0.4970833361148834
0.5020833611488342
0.5020833611488342
0.4908333420753479
0.5024999976158142
0.5020833611488342
0.5020833611488342
0.5020833611488342
0.5020833611488342
0.49416667222976685
0.5020833611488342
0.5020833611488342
0.4975000023841858
0.5020833611488342
0.5020833611488342
0.4945833384990692
0.5020833611488342
0.4891666769981384
0.5020833611488342
0.5020833611488342
0.5020833611488342
0.5020833611488342
0.5020833611488342

training history val accuracy
0.5083333253860474
0.5083333253860474
0.5083333253860474
0.5083333253860474
0.49166667461395264
0.49166667461395264
0.49166667461395264
0.49166667461395264
0.49166667461395264
0.49166667461395264
0.49166667461395264
0.49166667461395264
0.5083333253860474
0.49166667461395264
0.49166667461395264
0.49166667461395264
0.49166667461395264
0.49166667461395264
0.49166667461395264
0.49166667461395264
0.49166667461395264
0.49166667461395264
0.49166667461395264
0.49166667461395264
0.49166667461395264
0.49166667461395264
0.49166667461395264
0.49166667461395264
0.49166667461395264
0.49166667461395264
0.49166667461395264
0.49166667461395264

training history loss
0.6934288740158081
0.6934858560562134
0.6932669878005981
0.6932383179664612
0.6932324767112732
0.6931837797164917
0.6931686997413635
0.6931633353233337
0.6931841373443604
0.6931725740432739
0.6932007074356079
0.6931782364845276
0.693189263343811
0.6931591629981995
0.693186342716217
0.6931774616241455
0.6931888461112976
0.6931824684143066
0.6931663155555725
0.6931631565093994
0.6931751370429993
0.6932017803192139
0.6931759119033813
0.6931890249252319
0.693200945854187
0.6931578516960144
0.6932124495506287
0.693189263343811
0.6932061910629272
0.6931740045547485
0.6931768655776978
0.6931819319725037

training history val loss
0.6930331587791443
0.6930102109909058
0.6931209564208984
0.6931173801422119
0.6932061910629272
0.6932157278060913
0.6932317018508911
0.6931790709495544
0.6932135224342346
0.6932377219200134
0.6932284235954285
0.6932637095451355
0.6931434869766235
0.6932473182678223
0.6932525634765625
0.6931721568107605
0.6931953430175781
0.6932007670402527
0.6932017803192139
0.6932465434074402
0.6932394504547119
0.6931759715080261
0.6932090520858765
0.6932342648506165
0.6931750774383545
0.6932641863822937
0.6932245492935181
0.6932119727134705
0.6932796835899353
0.6932668685913086
0.6932315826416016
0.6932615637779236