test data loss : 0.6931567788124084
test data accyracy : 0.5

training history accuracy
0.5024999976158142
0.4833333194255829
0.4883333444595337
0.49791666865348816
0.49541667103767395
0.5020833611488342
0.492083340883255
0.5020833611488342
0.4879166781902313
0.5020833611488342
0.5020833611488342
0.5020833611488342
0.4820833206176758
0.4950000047683716
0.5020833611488342
0.5020833611488342
0.5020833611488342
0.5020833611488342
0.5020833611488342
0.5020833611488342
0.5020833611488342
0.5020833611488342
0.48875001072883606
0.5020833611488342
0.5020833611488342
0.5020833611488342
0.48875001072883606
0.49541667103767395
0.5020833611488342
0.5020833611488342
0.4845833480358124

training history val accuracy
0.5083333253860474
0.5083333253860474
0.5083333253860474
0.5083333253860474
0.49166667461395264
0.49166667461395264
0.49166667461395264
0.49166667461395264
0.49166667461395264
0.49166667461395264
0.49166667461395264
0.49166667461395264
0.49166667461395264
0.49166667461395264
0.49166667461395264
0.49166667461395264
0.49166667461395264
0.49166667461395264
0.49166667461395264
0.49166667461395264
0.49166667461395264
0.49166667461395264
0.49166667461395264
0.49166667461395264
0.49166667461395264
0.49166667461395264
0.49166667461395264
0.49166667461395264
0.49166667461395264
0.49166667461395264
0.49166667461395264

training history loss
0.6936811208724976
0.6933292746543884
0.6932634711265564
0.6932262778282166
0.6931707859039307
0.6932234168052673
0.6932191252708435
0.6931720972061157
0.6932682394981384
0.6931605339050293
0.6931726932525635
0.6931748390197754
0.6932127475738525
0.6931881308555603
0.6931691765785217
0.6931668519973755
0.6931695938110352
0.6931979060173035
0.6932296752929688
0.6931732892990112
0.6931663751602173
0.6932169795036316
0.6932466626167297
0.6931897401809692
0.6931724548339844
0.6931605935096741
0.6932088732719421
0.6932017207145691
0.6932179927825928
0.6931850910186768
0.6932231187820435

training history val loss
0.6930553913116455
0.6930689215660095
0.6930996775627136
0.6931323409080505
0.6931700706481934
0.6932589411735535
0.6932148337364197
0.6932702660560608
0.6932544112205505
0.6931997537612915
0.6932128071784973
0.693206787109375
0.6932117342948914
0.6931982636451721
0.6932302117347717
0.6932404041290283
0.6932944059371948
0.6933124661445618
0.6932745575904846
0.6932353973388672
0.6932423710823059
0.693291962146759
0.6932135224342346
0.6932697296142578
0.6932660937309265
0.6931993961334229
0.6932520270347595
0.6932018399238586
0.693252682685852
0.6932773590087891
0.6932092905044556