test data loss : 0.6931581497192383
test data accyracy : 0.5

training history accuracy
0.49145832657814026
0.49291667342185974
0.4883333444595337
0.5020833611488342
0.5020833611488342
0.4808333218097687
0.5020833611488342
0.5020833611488342
0.5020833611488342
0.5020833611488342
0.5020833611488342
0.5020833611488342
0.5020833611488342
0.5020833611488342
0.5020833611488342
0.5020833611488342
0.5020833611488342
0.5020833611488342
0.5020833611488342
0.492083340883255
0.5020833611488342
0.5020833611488342
0.4975000023841858
0.5020833611488342
0.492083340883255
0.5020833611488342
0.5020833611488342
0.5020833611488342
0.4937500059604645
0.5020833611488342
0.492083340883255

training history val accuracy
0.5083333253860474
0.5083333253860474
0.49166667461395264
0.49166667461395264
0.49166667461395264
0.49166667461395264
0.49166667461395264
0.49166667461395264
0.49166667461395264
0.49166667461395264
0.49166667461395264
0.49166667461395264
0.49166667461395264
0.49166667461395264
0.49166667461395264
0.49166667461395264
0.49166667461395264
0.49166667461395264
0.49166667461395264
0.49166667461395264
0.49166667461395264
0.49166667461395264
0.49166667461395264
0.49166667461395264
0.49166667461395264
0.49166667461395264
0.49166667461395264
0.49166667461395264
0.49166667461395264
0.49166667461395264
0.49166667461395264

training history loss
0.6955364346504211
0.6931993961334229
0.6931993365287781
0.6931548714637756
0.6932136416435242
0.6931668519973755
0.6931794285774231
0.6931729316711426
0.6931989192962646
0.6931675672531128
0.6931779980659485
0.6931625008583069
0.6931546330451965
0.6931820511817932
0.6931782364845276
0.693185567855835
0.6931799054145813
0.6931940317153931
0.6931715607643127
0.6932234764099121
0.693230152130127
0.6931631565093994
0.6931894421577454
0.6931801438331604
0.6931677460670471
0.6931820511817932
0.6931772232055664
0.693181037902832
0.6931823492050171
0.6931722164154053
0.6931922435760498

training history val loss
0.6930798292160034
0.693142831325531
0.6931500434875488
0.6932305693626404
0.6931762099266052
0.6931933760643005
0.6932274699211121
0.6932714581489563
0.6932432055473328
0.6931656002998352
0.6931768655776978
0.693207323551178
0.6932554841041565
0.6932232975959778
0.6932269334793091
0.6932856440544128
0.6932516694068909
0.6932196021080017
0.6932002902030945
0.6932627558708191
0.693285346031189
0.6932306289672852
0.6932733058929443
0.6931771636009216
0.693243145942688
0.693230152130127
0.6932486295700073
0.6932952404022217
0.6932416558265686
0.6932398676872253
0.6932007670402527