test data loss : 0.6931971907615662
test data accyracy : 0.5

training history accuracy
0.5087500214576721
0.503333330154419
0.49687498807907104
0.5020833611488342
0.5074999928474426
0.49812498688697815
0.5020833611488342
0.5020833611488342
0.5020833611488342
0.5020833611488342
0.4933333396911621
0.5020833611488342
0.5020833611488342
0.5020833611488342
0.5020833611488342
0.49000000953674316
0.5020833611488342
0.5020833611488342
0.5020833611488342
0.5020833611488342
0.49166667461395264
0.5020833611488342
0.49291667342185974
0.5020833611488342
0.5020833611488342
0.49041667580604553
0.5020833611488342
0.5020833611488342
0.4879166781902313
0.5020833611488342
0.5020833611488342

training history val accuracy
0.5083333253860474
0.49166667461395264
0.49166667461395264
0.49166667461395264
0.49166667461395264
0.49166667461395264
0.49166667461395264
0.49166667461395264
0.49166667461395264
0.49166667461395264
0.49166667461395264
0.49166667461395264
0.49166667461395264
0.49166667461395264
0.49166667461395264
0.49166667461395264
0.49166667461395264
0.49166667461395264
0.49166667461395264
0.49166667461395264
0.49166667461395264
0.49166667461395264
0.49166667461395264
0.49166667461395264
0.49166667461395264
0.49166667461395264
0.49166667461395264
0.49166667461395264
0.49166667461395264
0.49166667461395264
0.49166667461395264

training history loss
0.700359046459198
0.6932749152183533
0.6933459639549255
0.6932145953178406
0.6935005784034729
0.693602442741394
0.6932127475738525
0.6932094097137451
0.6931784152984619
0.6931734681129456
0.6931882500648499
0.6931670904159546
0.6931681036949158
0.6931717991828918
0.6931625604629517
0.6932053565979004
0.6931683421134949
0.6931630969047546
0.6931613683700562
0.6931697130203247
0.6931909918785095
0.693203866481781
0.6931900978088379
0.6931970119476318
0.6931972503662109
0.6932492256164551
0.6931837201118469
0.6931588053703308
0.6932564377784729
0.6931644082069397
0.6931593418121338

training history val loss
0.6930668354034424
0.6931812167167664
0.6934450268745422
0.6932072639465332
0.6932556629180908
0.6932360529899597
0.6932888031005859
0.6932239532470703
0.693234384059906
0.6932410597801208
0.6932247877120972
0.6932405829429626
0.693264901638031
0.6932040452957153
0.6932329535484314
0.6932269334793091
0.693260669708252
0.693207323551178
0.6932572722434998
0.6932135224342346
0.6932284235954285
0.6932827234268188
0.6932352781295776
0.6932100653648376
0.6932628750801086
0.6932302117347717
0.6932834386825562
0.6932163238525391
0.6932848691940308
0.6932454705238342
0.6932196617126465