test data loss : 0.6931728720664978
test data accyracy : 0.5

training history accuracy
0.49812498688697815
0.49666666984558105
0.48645833134651184
0.4947916567325592
0.5020833611488342
0.5020833611488342
0.5020833611488342
0.4933333396911621
0.5020833611488342
0.5020833611488342
0.5020833611488342
0.5020833611488342
0.5020833611488342
0.5020833611488342
0.5020833611488342
0.5020833611488342
0.4925000071525574
0.5020833611488342
0.4937500059604645
0.4945833384990692
0.5020833611488342
0.5020833611488342
0.4970833361148834
0.5020833611488342
0.5020833611488342
0.5020833611488342
0.5020833611488342
0.5020833611488342
0.5020833611488342
0.49166667461395264
0.4945833384990692

training history val accuracy
0.5083333253860474
0.49166667461395264
0.49166667461395264
0.49166667461395264
0.49166667461395264
0.49166667461395264
0.49166667461395264
0.49166667461395264
0.49166667461395264
0.49166667461395264
0.49166667461395264
0.49166667461395264
0.49166667461395264
0.49166667461395264
0.49166667461395264
0.49166667461395264
0.49166667461395264
0.49166667461395264
0.49166667461395264
0.49166667461395264
0.49166667461395264
0.49166667461395264
0.49166667461395264
0.49166667461395264
0.49166667461395264
0.49166667461395264
0.49166667461395264
0.49166667461395264
0.49166667461395264
0.49166667461395264
0.49166667461395264

training history loss
0.6984259486198425
0.6932176947593689
0.6932030320167542
0.6931707859039307
0.6932311654090881
0.693158745765686
0.693173348903656
0.6932067275047302
0.6931759119033813
0.6931628584861755
0.6931695938110352
0.6931707262992859
0.6931756138801575
0.6931856870651245
0.6932613849639893
0.6932527422904968
0.6931915283203125
0.6931769847869873
0.6931759119033813
0.6931681632995605
0.6931679248809814
0.693168580532074
0.69318687915802
0.6931755542755127
0.6931705474853516
0.6931771636009216
0.6931654810905457
0.6932424902915955
0.6931672096252441
0.6931917667388916
0.6931982636451721

training history val loss
0.6930505633354187
0.6931403875350952
0.6931617259979248
0.693242609500885
0.693162739276886
0.6932070851325989
0.6932563185691833
0.6932293772697449
0.6932229995727539
0.6932035088539124
0.6932213306427002
0.6932335495948792
0.6932973265647888
0.693244457244873
0.6932081580162048
0.6931670904159546
0.6932415962219238
0.6932253837585449
0.6931819319725037
0.693206250667572
0.6931961178779602
0.6932815313339233
0.6932011842727661
0.6932238936424255
0.693239152431488
0.6932224631309509
0.6932653784751892
0.693207323551178
0.6932117938995361
0.6932296752929688
0.6932472586631775