test data loss : 0.6931471228599548
test data accyracy : 0.5

training history accuracy
0.4804166555404663
0.5020833611488342
0.5020833611488342
0.4945833384990692
0.5020833611488342
0.49416667222976685
0.4970833361148834
0.5020833611488342
0.49541667103767395
0.49541667103767395
0.5020833611488342
0.5020833611488342
0.5020833611488342
0.5020833611488342
0.5020833611488342
0.49125000834465027
0.5020833611488342
0.5020833611488342
0.5020833611488342
0.5020833611488342
0.5020833611488342
0.5020833611488342
0.4925000071525574
0.4891666769981384
0.5020833611488342
0.4958333373069763
0.48750001192092896
0.5020833611488342
0.5020833611488342
0.5020833611488342
0.5020833611488342
0.5020833611488342

training history val accuracy
0.49166667461395264
0.49166667461395264
0.49166667461395264
0.49166667461395264
0.49166667461395264
0.49166667461395264
0.49166667461395264
0.49166667461395264
0.49166667461395264
0.49166667461395264
0.49166667461395264
0.49166667461395264
0.49166667461395264
0.49166667461395264
0.49166667461395264
0.49166667461395264
0.49166667461395264
0.49166667461395264
0.49166667461395264
0.49166667461395264
0.49166667461395264
0.49166667461395264
0.49166667461395264
0.49166667461395264
0.49166667461395264
0.49166667461395264
0.49166667461395264
0.49166667461395264
0.49166667461395264
0.49166667461395264
0.49166667461395264
0.49166667461395264

training history loss
0.6934816241264343
0.6932193040847778
0.6931792497634888
0.6931739449501038
0.6932651996612549
0.6931700110435486
0.6932129263877869
0.6931695938110352
0.6931781768798828
0.6932112574577332
0.6931799054145813
0.6931712031364441
0.6931692361831665
0.6931820511817932
0.6931955218315125
0.6931920647621155
0.6931878328323364
0.6931586265563965
0.693167507648468
0.6931691765785217
0.6931716203689575
0.6931976675987244
0.6931831240653992
0.6932196021080017
0.6931743025779724
0.6932156085968018
0.6932992339134216
0.693181574344635
0.693181037902832
0.6931657791137695
0.6931782364845276
0.6931949257850647

training history val loss
0.6931803226470947
0.693151593208313
0.6932054758071899
0.693199634552002
0.6932012438774109
0.6931629776954651
0.6932570934295654
0.693163275718689
0.6932520270347595
0.6932578682899475
0.6932086944580078
0.6932461261749268
0.6932026743888855
0.6932094097137451
0.6932000517845154
0.693224310874939
0.6932078003883362
0.6932059526443481
0.6932117938995361
0.6932234764099121
0.6932587623596191
0.6932179927825928
0.6932103633880615
0.6932245492935181
0.6932623386383057
0.6932793855667114
0.6932290196418762
0.6933253407478333
0.6932244300842285
0.6932668685913086
0.6932283043861389
0.6931849122047424