test data loss : 0.6931493878364563
test data accyracy : 0.5

training history accuracy
0.5104166865348816
0.5020833611488342
0.4970833361148834
0.49541667103767395
0.4858333468437195
0.49666666984558105
0.5020833611488342
0.5020833611488342
0.5020833611488342
0.49291667342185974
0.5020833611488342
0.49125000834465027
0.4925000071525574
0.5020833611488342
0.4945833384990692
0.5020833611488342
0.5020833611488342
0.49791666865348816
0.5020833611488342
0.4945833384990692
0.4891666769981384
0.5020833611488342
0.5020833611488342
0.5020833611488342
0.4937500059604645
0.4962500035762787
0.5020833611488342
0.5020833611488342
0.4945833384990692
0.4945833384990692
0.5020833611488342
0.49541667103767395

training history val accuracy
0.49166667461395264
0.5083333253860474
0.49166667461395264
0.49166667461395264
0.49166667461395264
0.49166667461395264
0.49166667461395264
0.49166667461395264
0.49166667461395264
0.49166667461395264
0.49166667461395264
0.49166667461395264
0.49166667461395264
0.49166667461395264
0.49166667461395264
0.49166667461395264
0.49166667461395264
0.49166667461395264
0.49166667461395264
0.49166667461395264
0.49166667461395264
0.49166667461395264
0.49166667461395264
0.49166667461395264
0.49166667461395264
0.49166667461395264
0.49166667461395264
0.49166667461395264
0.49166667461395264
0.49166667461395264
0.49166667461395264
0.49166667461395264

training history loss
0.6937277317047119
0.6932194828987122
0.693267822265625
0.6931783556938171
0.6932058930397034
0.693164587020874
0.6932131052017212
0.6931948661804199
0.6931636333465576
0.6931709051132202
0.6931812763214111
0.6932207345962524
0.6932205557823181
0.6932094097137451
0.6932387948036194
0.6932012438774109
0.69320148229599
0.6932016611099243
0.6932138800621033
0.6931902766227722
0.6931939721107483
0.6931653618812561
0.693211555480957
0.6932479739189148
0.6931852698326111
0.6931909918785095
0.6932201981544495
0.6931978464126587
0.6932480335235596
0.6932027339935303
0.6931774616241455
0.6932114958763123

training history val loss
0.6935267448425293
0.6931212544441223
0.6932007670402527
0.693148136138916
0.6931934356689453
0.6932992339134216
0.6933134198188782
0.6932660937309265
0.693183183670044
0.6931992769241333
0.693234384059906
0.6931578516960144
0.6932842135429382
0.6932578682899475
0.693372905254364
0.6932636499404907
0.6932372450828552
0.6932512521743774
0.6931802034378052
0.6931478977203369
0.6932204365730286
0.6932801008224487
0.6932454109191895
0.6931953430175781
0.6931920647621155
0.6932406425476074
0.6931867599487305
0.6931734085083008
0.6932310461997986
0.6932828426361084
0.6933151483535767
0.6932447552680969