test data loss : 0.6931475400924683
test data accyracy : 0.5

training history accuracy
0.5045833587646484
0.5020833611488342
0.4925000071525574
0.5020833611488342
0.5020833611488342
0.4891666769981384
0.5020833611488342
0.4933333396911621
0.4962500035762787
0.49541667103767395
0.5020833611488342
0.5020833611488342
0.5020833611488342
0.5020833611488342
0.5020833611488342
0.5020833611488342
0.5020833611488342
0.5020833611488342
0.5020833611488342
0.48875001072883606
0.5020833611488342
0.5020833611488342
0.4975000023841858
0.4945833384990692
0.5020833611488342
0.5020833611488342
0.5020833611488342
0.5020833611488342
0.5020833611488342
0.49000000953674316
0.5020833611488342
0.5020833611488342
0.49416667222976685
0.5020833611488342
0.49541667103767395
0.5020833611488342
0.5020833611488342
0.4958333373069763
0.4933333396911621
0.5020833611488342
0.5020833611488342
0.5020833611488342
0.5020833611488342
0.5020833611488342
0.5020833611488342
0.5020833611488342
0.5020833611488342
0.5020833611488342
0.5020833611488342
0.4925000071525574
0.5020833611488342
0.48750001192092896
0.5020833611488342
0.5020833611488342
0.5020833611488342
0.5020833611488342
0.5020833611488342
0.5020833611488342
0.5020833611488342
0.5020833611488342

training history val accuracy
0.49166667461395264
0.49166667461395264
0.49166667461395264
0.49166667461395264
0.49166667461395264
0.49166667461395264
0.49166667461395264
0.49166667461395264
0.49166667461395264
0.49166667461395264
0.49166667461395264
0.49166667461395264
0.49166667461395264
0.49166667461395264
0.49166667461395264
0.49166667461395264
0.49166667461395264
0.49166667461395264
0.49166667461395264
0.49166667461395264
0.49166667461395264
0.49166667461395264
0.49166667461395264
0.49166667461395264
0.49166667461395264
0.49166667461395264
0.49166667461395264
0.49166667461395264
0.49166667461395264
0.49166667461395264
0.49166667461395264
0.49166667461395264
0.49166667461395264
0.49166667461395264
0.49166667461395264
0.49166667461395264
0.49166667461395264
0.49166667461395264
0.49166667461395264
0.49166667461395264
0.49166667461395264
0.49166667461395264
0.49166667461395264
0.49166667461395264
0.49166667461395264
0.49166667461395264
0.49166667461395264
0.49166667461395264
0.49166667461395264
0.49166667461395264
0.49166667461395264
0.49166667461395264
0.49166667461395264
0.49166667461395264
0.49166667461395264
0.49166667461395264
0.49166667461395264
0.49166667461395264
0.49166667461395264
0.49166667461395264

training history loss
0.6951113939285278
0.6931569576263428
0.693173348903656
0.693183183670044
0.6931728720664978
0.6932024359703064
0.6932348608970642
0.6931997537612915
0.6932141184806824
0.6931806206703186
0.6931853294372559
0.6931540369987488
0.6931775808334351
0.693185031414032
0.6931611895561218
0.6931886672973633
0.6931844353675842
0.6931778192520142
0.6931664347648621
0.693250298500061
0.6931677460670471
0.6931657791137695
0.6931910514831543
0.6931971311569214
0.6931589841842651
0.6931704878807068
0.6931771636009216
0.6931747198104858
0.6932297348976135
0.6931695342063904
0.6932162642478943
0.6931761503219604
0.6931669116020203
0.6931656002998352
0.6931753754615784
0.693227231502533
0.6931750178337097
0.6931872963905334
0.6932134628295898
0.6931694746017456
0.6931601166725159
0.693190336227417
0.6931551694869995
0.6931767463684082
0.6932514309883118
0.6931783556938171
0.6931758522987366
0.6931715607643127
0.6931670308113098
0.6932051181793213
0.6931722164154053
0.69319087266922
0.6931861042976379
0.693192720413208
0.6932106614112854
0.6932140588760376
0.6931745409965515
0.6931598782539368
0.6931924223899841
0.6931717991828918

training history val loss
0.6932593584060669
0.6932336688041687
0.6932110786437988
0.6933104991912842
0.6932492852210999
0.6932312846183777
0.6932486891746521
0.6931896209716797
0.6931938529014587
0.693243145942688
0.6932267546653748
0.693284273147583
0.6932494640350342
0.6932628750801086
0.6931710243225098
0.6932563185691833
0.6932026743888855
0.6932359337806702
0.6932456493377686
0.6932697296142578
0.6932150721549988
0.6931961178779602
0.6931840777397156
0.6931784749031067
0.6932632327079773
0.6932335495948792
0.6932678818702698
0.6932517290115356
0.6931940913200378
0.6931624412536621
0.6932908892631531
0.6932007074356079
0.6932026147842407
0.6932234764099121
0.6931871771812439
0.6932147145271301
0.6931831240653992
0.6931889057159424
0.6932003498077393
0.6932627558708191
0.6932269334793091
0.6931698322296143
0.6932287812232971
0.6932336688041687
0.6932770013809204
0.6932392120361328
0.6931942701339722
0.6932615637779236
0.6932144165039062
0.6932629346847534
0.693179190158844
0.6932131052017212
0.6932074427604675
0.6932350397109985
0.6932167410850525
0.6931788921356201
0.6932355165481567
0.6932303309440613
0.693221390247345
0.6931871771812439