test data loss : 0.6930674314498901
test data accyracy : 0.5

training history accuracy
0.49791666865348816
0.49312499165534973
0.502916693687439
0.5020833611488342
0.49166667461395264
0.49958333373069763
0.5020833611488342
0.5020833611488342
0.5020833611488342
0.4945833384990692
0.5020833611488342
0.5020833611488342
0.4895833432674408
0.5020833611488342
0.4895833432674408
0.5
0.5020833611488342
0.5020833611488342
0.5020833611488342
0.4970833361148834
0.5024999976158142
0.49791666865348816
0.4970833361148834
0.5020833611488342
0.5020833611488342
0.5020833611488342
0.5020833611488342
0.5020833611488342
0.5020833611488342
0.5020833611488342
0.5020833611488342

training history val accuracy
0.5083333253860474
0.49166667461395264
0.49166667461395264
0.49166667461395264
0.49166667461395264
0.49166667461395264
0.49166667461395264
0.49166667461395264
0.49166667461395264
0.49166667461395264
0.49166667461395264
0.49166667461395264
0.49166667461395264
0.49166667461395264
0.49166667461395264
0.49166667461395264
0.49166667461395264
0.49166667461395264
0.49166667461395264
0.5083333253860474
0.49166667461395264
0.49166667461395264
0.49166667461395264
0.49166667461395264
0.49166667461395264
0.49166667461395264
0.49166667461395264
0.49166667461395264
0.49166667461395264
0.49166667461395264
0.49166667461395264

training history loss
0.6947072744369507
0.6933757066726685
0.693162739276886
0.6931971907615662
0.6932002305984497
0.6931880712509155
0.6931785941123962
0.6932018995285034
0.6931724548339844
0.6931849122047424
0.6931606531143188
0.6932133436203003
0.6931871175765991
0.6931832432746887
0.6932294964790344
0.69319087266922
0.6932485103607178
0.6931633353233337
0.6932116150856018
0.6932144165039062
0.6931731700897217
0.6931865215301514
0.6931729912757874
0.6932287812232971
0.6931970715522766
0.6931747198104858
0.6931751370429993
0.6932156085968018
0.6931628584861755
0.6931954026222229
0.6931845545768738

training history val loss
0.6930458545684814
0.6931414008140564
0.6931743621826172
0.6932975053787231
0.6932698488235474
0.6932825446128845
0.6932594180107117
0.6932933926582336
0.6932353973388672
0.693217396736145
0.6932225227355957
0.6932004690170288
0.6932151913642883
0.6932628750801086
0.693260908126831
0.6932335495948792
0.6932274103164673
0.6932057738304138
0.6931999325752258
0.6931448578834534
0.693178117275238
0.6931589245796204
0.6931987404823303
0.6932698488235474
0.6932471990585327
0.693229079246521
0.6932563185691833
0.693231999874115
0.6932449340820312
0.6932758688926697
0.6932605504989624