test data loss : 0.6931473612785339
test data accyracy : 0.5

training history accuracy
0.49687498807907104
0.5008333325386047
0.5020833611488342
0.4933333396911621
0.5020833611488342
0.5020833611488342
0.5020833611488342
0.49666666984558105
0.5020833611488342
0.4858333468437195
0.5020833611488342
0.4925000071525574
0.5020833611488342
0.5020833611488342
0.4975000023841858
0.5020833611488342
0.49666666984558105
0.5020833611488342
0.49125000834465027
0.4975000023841858
0.5020833611488342
0.4950000047683716
0.5020833611488342
0.5020833611488342
0.5020833611488342
0.4925000071525574
0.5020833611488342
0.5020833611488342
0.49541667103767395
0.49666666984558105
0.5020833611488342
0.4958333373069763
0.5020833611488342
0.4950000047683716
0.5020833611488342
0.5020833611488342
0.5020833611488342
0.5020833611488342
0.5020833611488342
0.4883333444595337
0.502916693687439
0.49166667461395264
0.5020833611488342
0.48750001192092896
0.5020833611488342
0.5020833611488342
0.4879166781902313
0.49416667222976685
0.48374998569488525
0.5012500286102295
0.5020833611488342
0.5020833611488342
0.5020833611488342
0.5020833611488342
0.48500001430511475
0.5020833611488342
0.5020833611488342
0.5020833611488342
0.5020833611488342

training history val accuracy
0.49166667461395264
0.49166667461395264
0.49166667461395264
0.49166667461395264
0.49166667461395264
0.49166667461395264
0.49166667461395264
0.49166667461395264
0.49166667461395264
0.49166667461395264
0.49166667461395264
0.49166667461395264
0.49166667461395264
0.49166667461395264
0.49166667461395264
0.49166667461395264
0.49166667461395264
0.49166667461395264
0.49166667461395264
0.49166667461395264
0.49166667461395264
0.49166667461395264
0.49166667461395264
0.49166667461395264
0.49166667461395264
0.49166667461395264
0.49166667461395264
0.49166667461395264
0.5083333253860474
0.49166667461395264
0.49166667461395264
0.49166667461395264
0.49166667461395264
0.49166667461395264
0.49166667461395264
0.49166667461395264
0.49166667461395264
0.49166667461395264
0.49166667461395264
0.5083333253860474
0.49166667461395264
0.49166667461395264
0.49166667461395264
0.49166667461395264
0.49166667461395264
0.49166667461395264
0.5083333253860474
0.49166667461395264
0.5083333253860474
0.49166667461395264
0.49166667461395264
0.49166667461395264
0.49166667461395264
0.49166667461395264
0.49166667461395264
0.49166667461395264
0.49166667461395264
0.49166667461395264
0.49166667461395264

training history loss
0.6959764957427979
0.6932634711265564
0.6931683421134949
0.6932055950164795
0.6932154893875122
0.69320148229599
0.6931646466255188
0.6931766271591187
0.6931785941123962
0.693230152130127
0.6931965351104736
0.6932529211044312
0.6931943893432617
0.6931652426719666
0.6931823492050171
0.6931850910186768
0.693191647529602
0.6932912468910217
0.6932190656661987
0.6931865215301514
0.6931939721107483
0.6932083368301392
0.6931840777397156
0.6931718587875366
0.6932153105735779
0.693190336227417
0.6931602358818054
0.6932045817375183
0.6932083964347839
0.6931620240211487
0.6932026743888855
0.6931684017181396
0.6932079792022705
0.6932159662246704
0.6931830048561096
0.69317626953125
0.6931571364402771
0.6931853294372559
0.6931912302970886
0.693220853805542
0.6932513117790222
0.6931654214859009
0.6931798458099365
0.6931831240653992
0.693183183670044
0.693209171295166
0.6932333111763
0.6932315826416016
0.6932335495948792
0.6931698322296143
0.6931677460670471
0.6931869387626648
0.6932274103164673
0.6931605339050293
0.6931924223899841
0.6931709051132202
0.6931819915771484
0.6931625604629517
0.6931821703910828

training history val loss
0.6932371854782104
0.6932768821716309
0.6932490468025208
0.6932715177536011
0.6932281255722046
0.69333815574646
0.693168580532074
0.6932394504547119
0.693286120891571
0.6932019591331482
0.6932412981987
0.6932113170623779
0.6932133436203003
0.6932160258293152
0.6932600736618042
0.6932069659233093
0.6932114958763123
0.6931928396224976
0.6931754946708679
0.6932385563850403
0.6931843757629395
0.6932501792907715
0.6931954622268677
0.6931831240653992
0.693159818649292
0.6932302713394165
0.6932119727134705
0.6932023763656616
0.69313645362854
0.6932377219200134
0.6931763887405396
0.6931809782981873
0.6932533383369446
0.6933091878890991
0.6931979656219482
0.6932294964790344
0.6932182908058167
0.6932218670845032
0.6932084560394287
0.6931445598602295
0.6932045817375183
0.6931711435317993
0.6932396292686462
0.6931700706481934
0.6932066082954407
0.693259596824646
0.6931448578834534
0.6932246685028076
0.6931447982788086
0.6932471990585327
0.6932489275932312
0.6932337880134583
0.693250834941864
0.6932377815246582
0.6932054162025452
0.693231999874115
0.6932433843612671
0.6932502388954163
0.6932091116905212