test data loss : 0.6931795477867126
test data accyracy : 0.5

training history accuracy
0.49791666865348816
0.49791666865348816
0.492083340883255
0.49916666746139526
0.49291667342185974
0.5020833611488342
0.5020833611488342
0.5020833611488342
0.4870833456516266
0.5020833611488342
0.5020833611488342
0.5020833611488342
0.5020833611488342
0.5020833611488342
0.5020833611488342
0.5020833611488342
0.5020833611488342
0.49000000953674316
0.5020833611488342
0.5020833611488342
0.5020833611488342
0.5020833611488342
0.5020833611488342
0.5020833611488342
0.5020833611488342
0.5020833611488342
0.4925000071525574
0.5020833611488342
0.5020833611488342
0.4975000023841858
0.5020833611488342

training history val accuracy
0.5083333253860474
0.5083333253860474
0.49166667461395264
0.5083333253860474
0.49166667461395264
0.49166667461395264
0.49166667461395264
0.49166667461395264
0.49166667461395264
0.49166667461395264
0.49166667461395264
0.49166667461395264
0.49166667461395264
0.49166667461395264
0.49166667461395264
0.49166667461395264
0.49166667461395264
0.49166667461395264
0.49166667461395264
0.49166667461395264
0.49166667461395264
0.49166667461395264
0.49166667461395264
0.49166667461395264
0.49166667461395264
0.49166667461395264
0.49166667461395264
0.49166667461395264
0.49166667461395264
0.49166667461395264
0.49166667461395264

training history loss
0.7227333784103394
0.6932294964790344
0.6932641267776489
0.6931808590888977
0.6932178735733032
0.6931556463241577
0.6931713223457336
0.6931664943695068
0.693232536315918
0.6931576728820801
0.6931657791137695
0.6931661367416382
0.6931806206703186
0.6931740045547485
0.6931691765785217
0.6931809782981873
0.6932100057601929
0.6932072043418884
0.693174421787262
0.6931633949279785
0.6931653022766113
0.693172812461853
0.6931849122047424
0.6931665539741516
0.6931581497192383
0.6931636333465576
0.6931933760643005
0.6931796669960022
0.6931913495063782
0.6931665539741516
0.6932014226913452

training history val loss
0.6930453777313232
0.6930952668190002
0.6931560635566711
0.6931111812591553
0.6932206749916077
0.6931808590888977
0.6932255625724792
0.6932256817817688
0.693221390247345
0.6931893825531006
0.6932426691055298
0.6932364702224731
0.6931899785995483
0.6932225823402405
0.6932045817375183
0.6932021975517273
0.6932662725448608
0.6932183504104614
0.6931909322738647
0.6932143568992615
0.693208634853363
0.6932218074798584
0.6932179927825928
0.693179190158844
0.6932191848754883
0.6932263970375061
0.6932478547096252
0.6932680010795593
0.693210780620575
0.6931814551353455
0.6932121515274048