test data loss : 0.6931473612785339
test data accyracy : 0.5

training history accuracy
0.5004166960716248
0.49000000953674316
0.5020833611488342
0.5020833611488342
0.5004166960716248
0.4908333420753479
0.5020833611488342
0.5020833611488342
0.5020833611488342
0.5020833611488342
0.49791666865348816
0.49791666865348816
0.5020833611488342
0.5020833611488342
0.5020833611488342
0.49416667222976685
0.5020833611488342
0.5020833611488342
0.5020833611488342
0.5020833611488342
0.5020833611488342
0.5020833611488342
0.4908333420753479
0.503333330154419
0.5020833611488342
0.4950000047683716
0.4950000047683716
0.5020833611488342
0.5020833611488342
0.5020833611488342
0.5020833611488342
0.4895833432674408
0.5020833611488342
0.5020833611488342
0.5020833611488342
0.5020833611488342
0.5020833611488342
0.4870833456516266
0.5020833611488342
0.5020833611488342
0.5020833611488342
0.49125000834465027
0.5020833611488342
0.5020833611488342
0.5020833611488342
0.5020833611488342
0.4879166781902313
0.5020833611488342
0.5020833611488342
0.5020833611488342
0.5020833611488342
0.4895833432674408
0.5020833611488342

training history val accuracy
0.5083333253860474
0.49166667461395264
0.49166667461395264
0.49166667461395264
0.49166667461395264
0.49166667461395264
0.49166667461395264
0.49166667461395264
0.49166667461395264
0.49166667461395264
0.49166667461395264
0.49166667461395264
0.49166667461395264
0.49166667461395264
0.49166667461395264
0.49166667461395264
0.49166667461395264
0.49166667461395264
0.49166667461395264
0.49166667461395264
0.49166667461395264
0.49166667461395264
0.5083333253860474
0.49166667461395264
0.49166667461395264
0.49166667461395264
0.49166667461395264
0.49166667461395264
0.49166667461395264
0.49166667461395264
0.49166667461395264
0.49166667461395264
0.49166667461395264
0.49166667461395264
0.49166667461395264
0.49166667461395264
0.49166667461395264
0.49166667461395264
0.49166667461395264
0.49166667461395264
0.49166667461395264
0.49166667461395264
0.49166667461395264
0.49166667461395264
0.49166667461395264
0.49166667461395264
0.49166667461395264
0.49166667461395264
0.49166667461395264
0.49166667461395264
0.49166667461395264
0.49166667461395264
0.49166667461395264

training history loss
0.6938704252243042
0.6933499574661255
0.6931723952293396
0.6931841373443604
0.6931798458099365
0.6931999325752258
0.6931850910186768
0.6931726336479187
0.693178653717041
0.693199098110199
0.6931787133216858
0.693179190158844
0.6931774616241455
0.693183422088623
0.6931785345077515
0.6931740045547485
0.693203866481781
0.6931627988815308
0.693163275718689
0.6931743621826172
0.6931732296943665
0.6932293772697449
0.6932594180107117
0.6931660771369934
0.693178653717041
0.6931959390640259
0.6931871771812439
0.6931792497634888
0.6932134032249451
0.693193256855011
0.6931561231613159
0.6932333111763
0.6932162046432495
0.6931696534156799
0.6931904554367065
0.6931764483451843
0.6931619048118591
0.6932204961776733
0.6931575536727905
0.6931605339050293
0.6931730508804321
0.693159818649292
0.6931847929954529
0.6931689381599426
0.6931764483451843
0.6932061910629272
0.6932315826416016
0.6932397484779358
0.693171501159668
0.6931625604629517
0.6931645274162292
0.6931841373443604
0.6932016611099243

training history val loss
0.6931636333465576
0.6932161450386047
0.6932238340377808
0.6932068467140198
0.6932332515716553
0.6932697296142578
0.6932893395423889
0.6932270526885986
0.6932374238967896
0.6931993365287781
0.6932167410850525
0.6932121515274048
0.6932510733604431
0.6932902932167053
0.6931572556495667
0.6932469606399536
0.6933099627494812
0.6932136416435242
0.693193793296814
0.6932238936424255
0.6931942701339722
0.6931917667388916
0.6931360960006714
0.6932306885719299
0.6932646036148071
0.6931900978088379
0.6933046579360962
0.6932641863822937
0.6932187080383301
0.6932358145713806
0.6932551860809326
0.6932528614997864
0.6932068467140198
0.6932429671287537
0.6932095885276794
0.6932491660118103
0.6932008266448975
0.6932399868965149
0.6932787299156189
0.693217933177948
0.6931941509246826
0.6931882500648499
0.6932418346405029
0.693168580532074
0.6931950449943542
0.6932520270347595
0.6932253241539001
0.6932912468910217
0.6932360529899597
0.6932531595230103
0.6932454109191895
0.6931824088096619
0.693223237991333