test data loss : 0.6931473016738892
test data accyracy : 0.5

training history accuracy
0.49666666984558105
0.5020833611488342
0.5020833611488342
0.49041667580604553
0.5020833611488342
0.5020833611488342
0.5020833611488342
0.5020833611488342
0.5020833611488342
0.5020833611488342
0.5020833611488342
0.5020833611488342
0.5020833611488342
0.4891666769981384
0.5020833611488342
0.4945833384990692
0.5020833611488342
0.5020833611488342
0.5020833611488342
0.5020833611488342
0.5020833611488342
0.5020833611488342
0.5020833611488342
0.49000000953674316
0.49000000953674316
0.5020833611488342
0.5020833611488342
0.5020833611488342
0.5020833611488342
0.5020833611488342
0.4925000071525574
0.4970833361148834
0.5020833611488342
0.4858333468437195
0.49666666984558105
0.5020833611488342
0.48875001072883606
0.5020833611488342
0.5020833611488342
0.5020833611488342
0.5020833611488342
0.5020833611488342
0.4879166781902313
0.5020833611488342
0.5020833611488342
0.5020833611488342
0.4950000047683716
0.5020833611488342
0.5020833611488342
0.5020833611488342
0.5020833611488342
0.5020833611488342
0.5020833611488342
0.5020833611488342
0.5020833611488342
0.5020833611488342
0.5020833611488342
0.5020833611488342
0.5020833611488342
0.5020833611488342
0.5020833611488342

training history val accuracy
0.49166667461395264
0.49166667461395264
0.49166667461395264
0.49166667461395264
0.49166667461395264
0.49166667461395264
0.49166667461395264
0.49166667461395264
0.49166667461395264
0.49166667461395264
0.49166667461395264
0.49166667461395264
0.49166667461395264
0.49166667461395264
0.49166667461395264
0.49166667461395264
0.49166667461395264
0.49166667461395264
0.49166667461395264
0.49166667461395264
0.49166667461395264
0.49166667461395264
0.49166667461395264
0.49166667461395264
0.49166667461395264
0.49166667461395264
0.49166667461395264
0.49166667461395264
0.49166667461395264
0.49166667461395264
0.5083333253860474
0.49166667461395264
0.49166667461395264
0.49166667461395264
0.49166667461395264
0.49166667461395264
0.49166667461395264
0.49166667461395264
0.49166667461395264
0.49166667461395264
0.49166667461395264
0.49166667461395264
0.49166667461395264
0.49166667461395264
0.49166667461395264
0.49166667461395264
0.49166667461395264
0.49166667461395264
0.49166667461395264
0.49166667461395264
0.49166667461395264
0.49166667461395264
0.49166667461395264
0.49166667461395264
0.49166667461395264
0.49166667461395264
0.49166667461395264
0.49166667461395264
0.49166667461395264
0.49166667461395264
0.49166667461395264

training history loss
0.7033741474151611
0.693169891834259
0.693211555480957
0.6931902766227722
0.6931795477867126
0.6932129859924316
0.6931724548339844
0.6931767463684082
0.6931948065757751
0.6931881904602051
0.6931676864624023
0.6931764483451843
0.693189263343811
0.6932304501533508
0.6931899785995483
0.6931977272033691
0.6931849122047424
0.6931746602058411
0.6931565999984741
0.693257749080658
0.6932081580162048
0.6931542754173279
0.6932364106178284
0.6931867599487305
0.6932199001312256
0.6931675672531128
0.6931654810905457
0.693162202835083
0.6932181119918823
0.6931788921356201
0.6931837201118469
0.6931844353675842
0.6931720972061157
0.6932363510131836
0.6931881308555603
0.6931625604629517
0.6932080388069153
0.6931862235069275
0.6931886076927185
0.6931807994842529
0.6931635141372681
0.6931781768798828
0.6931995153427124
0.693233847618103
0.6931753754615784
0.6931966543197632
0.6931771039962769
0.6931861042976379
0.6931565999984741
0.693159282207489
0.6931583285331726
0.6931672692298889
0.6931833028793335
0.6931577324867249
0.6931697130203247
0.6931665539741516
0.693206250667572
0.693204402923584
0.6932119131088257
0.6931880712509155
0.69317626953125

training history val loss
0.6932249069213867
0.6932337880134583
0.6932519674301147
0.6931906342506409
0.6932550072669983
0.6932426691055298
0.6932324767112732
0.6931771636009216
0.6932012438774109
0.6932145357131958
0.6932045817375183
0.6932344436645508
0.6932572722434998
0.6932253837585449
0.6932001113891602
0.6932131052017212
0.6932313442230225
0.6932262778282166
0.6932554244995117
0.6931989192962646
0.6931712627410889
0.6932083368301392
0.6932665109634399
0.6932141184806824
0.6932346820831299
0.693240225315094
0.6932100653648376
0.6932188868522644
0.6932258009910583
0.6932268738746643
0.6931373476982117
0.6932393312454224
0.6932471990585327
0.693242609500885
0.6931948065757751
0.6932337284088135
0.6932200789451599
0.6932739019393921
0.6931887865066528
0.6932080984115601
0.6932199597358704
0.6932138204574585
0.6932078003883362
0.693191647529602
0.6931804418563843
0.6931604743003845
0.6932352185249329
0.6932318806648254
0.6932171583175659
0.6932192444801331
0.6932507753372192
0.6932222247123718
0.6932960748672485
0.6932095885276794
0.6931872367858887
0.6932404041290283
0.6932878494262695
0.6931986808776855
0.6931984424591064
0.6931703686714172
0.6932051181793213