test data loss : 0.6930446624755859
test data accyracy : 0.5

training history accuracy
0.5147916674613953
0.5018749833106995
0.5020833611488342
0.5
0.49916666746139526
0.5020833611488342
0.5020833611488342
0.5020833611488342
0.5020833611488342
0.4958333373069763
0.5020833611488342
0.49958333373069763
0.5
0.5020833611488342
0.5020833611488342
0.49166667461395264
0.4866666793823242
0.503333330154419
0.4925000071525574
0.4925000071525574
0.5020833611488342
0.5020833611488342
0.4933333396911621
0.4883333444595337
0.5020833611488342
0.4866666793823242
0.5020833611488342
0.5020833611488342
0.49041667580604553
0.49041667580604553
0.5020833611488342

training history val accuracy
0.49166667461395264
0.49166667461395264
0.49166667461395264
0.5083333253860474
0.49166667461395264
0.49166667461395264
0.49166667461395264
0.49166667461395264
0.49166667461395264
0.49166667461395264
0.49166667461395264
0.5083333253860474
0.49166667461395264
0.49166667461395264
0.49166667461395264
0.49166667461395264
0.5083333253860474
0.49166667461395264
0.5083333253860474
0.49166667461395264
0.49166667461395264
0.49166667461395264
0.49166667461395264
0.49166667461395264
0.49166667461395264
0.49166667461395264
0.49166667461395264
0.49166667461395264
0.49166667461395264
0.49166667461395264
0.49166667461395264

training history loss
0.7022207379341125
0.6931715607643127
0.6933138370513916
0.6932395696640015
0.6932094097137451
0.6932020783424377
0.6931636333465576
0.6932734847068787
0.6931954622268677
0.6932113170623779
0.69325852394104
0.6931666135787964
0.6931868195533752
0.6931896209716797
0.6931908130645752
0.6932085752487183
0.6932379007339478
0.6932726502418518
0.693259060382843
0.6931872367858887
0.6931909322738647
0.693189263343811
0.6932286620140076
0.6931900382041931
0.6932167410850525
0.6932300925254822
0.693156361579895
0.6932809948921204
0.6931788921356201
0.6931880116462708
0.6931661367416382

training history val loss
0.6930831670761108
0.6937772035598755
0.6933285593986511
0.6931107640266418
0.6931954026222229
0.6932178139686584
0.6932785511016846
0.693206250667572
0.6932437419891357
0.6931684017181396
0.6932708621025085
0.6931416988372803
0.6931909322738647
0.6932426691055298
0.6932424902915955
0.6931570172309875
0.6931383013725281
0.6933058500289917
0.6931139826774597
0.6932114958763123
0.693237841129303
0.6932197213172913
0.69318687915802
0.6932057738304138
0.6932296752929688
0.693208634853363
0.6932596564292908
0.6932768821716309
0.6931827068328857
0.6931549906730652
0.6932604908943176