test data loss : 0.693152666091919
test data accyracy : 0.5

training history accuracy
0.4950000047683716
0.5004166960716248
0.5020833611488342
0.502916693687439
0.49791666865348816
0.49916666746139526
0.5020833611488342
0.5020833611488342
0.4870833456516266
0.5020833611488342
0.5020833611488342
0.5020833611488342
0.4925000071525574
0.5020833611488342
0.5020833611488342
0.5020833611488342
0.5020833611488342
0.5020833611488342
0.49000000953674316
0.4891666769981384
0.5020833611488342
0.5020833611488342
0.5020833611488342
0.5020833611488342
0.5020833611488342
0.4908333420753479
0.5020833611488342
0.4883333444595337
0.5020833611488342
0.5020833611488342
0.5020833611488342
0.5020833611488342
0.5020833611488342
0.49666666984558105
0.5020833611488342

training history val accuracy
0.49166667461395264
0.49166667461395264
0.49166667461395264
0.5083333253860474
0.5083333253860474
0.49166667461395264
0.49166667461395264
0.49166667461395264
0.49166667461395264
0.49166667461395264
0.49166667461395264
0.49166667461395264
0.49166667461395264
0.49166667461395264
0.49166667461395264
0.49166667461395264
0.49166667461395264
0.49166667461395264
0.49166667461395264
0.49166667461395264
0.49166667461395264
0.49166667461395264
0.49166667461395264
0.49166667461395264
0.49166667461395264
0.49166667461395264
0.49166667461395264
0.49166667461395264
0.49166667461395264
0.49166667461395264
0.49166667461395264
0.49166667461395264
0.49166667461395264
0.49166667461395264
0.49166667461395264

training history loss
0.6939921379089355
0.6932517290115356
0.6932557225227356
0.6932946443557739
0.6932893991470337
0.6931918859481812
0.6931889057159424
0.6932142972946167
0.6932333111763
0.6931968927383423
0.6931730508804321
0.6931718587875366
0.6931838989257812
0.6931836605072021
0.6931625604629517
0.6931747794151306
0.6931589841842651
0.6932185888290405
0.6932233572006226
0.693167507648468
0.6931950449943542
0.6932050585746765
0.6931856274604797
0.693187415599823
0.6931781768798828
0.6932057738304138
0.6931714415550232
0.6932142972946167
0.6931843757629395
0.6931634545326233
0.6931654214859009
0.6931790113449097
0.6931951642036438
0.6931756138801575
0.6931642889976501

training history val loss
0.6931678056716919
0.6931588053703308
0.6931719779968262
0.6931130886077881
0.6930975317955017
0.693190336227417
0.6932471990585327
0.6932384967803955
0.6931985020637512
0.6932805776596069
0.6932098269462585
0.6932624578475952
0.6931507587432861
0.6932228207588196
0.6932016015052795
0.6931842565536499
0.6932594180107117
0.6932565569877625
0.6931561827659607
0.6932315826416016
0.6932385563850403
0.6932541131973267
0.6932237148284912
0.6932008862495422
0.6931957602500916
0.6931802034378052
0.6932570338249207
0.6932185292243958
0.6932256817817688
0.6932418346405029
0.6932024359703064
0.6932722330093384
0.6932550072669983
0.6931809186935425
0.6932156085968018