test data loss : 0.6931338906288147
test data accyracy : 0.5

training history accuracy
0.492083340883255
0.49416667222976685
0.5020833611488342
0.5020833611488342
0.4845833480358124
0.5020833611488342
0.5020833611488342
0.5020833611488342
0.5020833611488342
0.5020833611488342
0.5020833611488342
0.5020833611488342
0.5020833611488342
0.5020833611488342
0.5020833611488342
0.5020833611488342
0.5020833611488342
0.49166667461395264
0.49958333373069763
0.5020833611488342
0.5020833611488342
0.5020833611488342
0.4983333349227905
0.49166667461395264
0.5020833611488342
0.5020833611488342
0.4933333396911621
0.5020833611488342
0.4925000071525574
0.5020833611488342
0.5020833611488342

training history val accuracy
0.49166667461395264
0.49166667461395264
0.49166667461395264
0.49166667461395264
0.49166667461395264
0.49166667461395264
0.49166667461395264
0.49166667461395264
0.49166667461395264
0.49166667461395264
0.49166667461395264
0.49166667461395264
0.49166667461395264
0.49166667461395264
0.49166667461395264
0.49166667461395264
0.49166667461395264
0.49166667461395264
0.49166667461395264
0.49166667461395264
0.49166667461395264
0.49166667461395264
0.49166667461395264
0.49166667461395264
0.49166667461395264
0.49166667461395264
0.49166667461395264
0.49166667461395264
0.49166667461395264
0.49166667461395264
0.49166667461395264

training history loss
0.6986768841743469
0.6932185292243958
0.6931934356689453
0.6931705474853516
0.693313479423523
0.6931880116462708
0.6931729912757874
0.6931684613227844
0.6931577324867249
0.6931614875793457
0.693162202835083
0.6931594610214233
0.6931817531585693
0.6931687593460083
0.693202555179596
0.6931567192077637
0.6931549310684204
0.6931905746459961
0.693179190158844
0.6931965351104736
0.6931979656219482
0.6931933760643005
0.6931979060173035
0.693176805973053
0.6931814551353455
0.6931841373443604
0.6932117342948914
0.6931639313697815
0.6932286024093628
0.6931569576263428
0.6931642293930054

training history val loss
0.6931459307670593
0.6932068467140198
0.693210780620575
0.6931985020637512
0.693249523639679
0.6933264136314392
0.6933163404464722
0.6932581663131714
0.6932175159454346
0.6932427287101746
0.6931971311569214
0.6932256817817688
0.6932125091552734
0.6932170391082764
0.6932669281959534
0.6932182908058167
0.6932070851325989
0.6932273507118225
0.6932211518287659
0.6932125091552734
0.6932017803192139
0.6932079195976257
0.6932471990585327
0.6931514143943787
0.6932164430618286
0.6932076215744019
0.6932352185249329
0.6932578682899475
0.6933189034461975
0.693246603012085
0.6931978464126587