test data loss : 0.6931473016738892
test data accyracy : 0.5

training history accuracy
0.49291667342185974
0.5020833611488342
0.5020833611488342
0.5020833611488342
0.5020833611488342
0.5020833611488342
0.5020833611488342
0.5020833611488342
0.4891666769981384
0.5020833611488342
0.5020833611488342
0.5020833611488342
0.4866666793823242
0.5020833611488342
0.5020833611488342
0.5020833611488342
0.5020833611488342
0.5020833611488342
0.5020833611488342
0.5020833611488342
0.49916666746139526
0.49125000834465027
0.5020833611488342
0.5020833611488342
0.5020833611488342
0.4925000071525574
0.4983333349227905
0.5020833611488342
0.5020833611488342
0.5020833611488342
0.49166667461395264
0.49958333373069763
0.5020833611488342
0.5020833611488342
0.5020833611488342
0.5020833611488342
0.5020833611488342
0.5020833611488342
0.5020833611488342
0.49166667461395264
0.4870833456516266
0.5020833611488342
0.5020833611488342
0.5020833611488342
0.5020833611488342
0.5020833611488342
0.4962500035762787
0.5020833611488342
0.5020833611488342
0.5020833611488342
0.5020833611488342
0.4845833480358124
0.5020833611488342
0.5020833611488342
0.5020833611488342
0.492083340883255
0.5020833611488342
0.5020833611488342
0.4858333468437195
0.5020833611488342
0.5020833611488342

training history val accuracy
0.49166667461395264
0.49166667461395264
0.49166667461395264
0.49166667461395264
0.49166667461395264
0.49166667461395264
0.49166667461395264
0.49166667461395264
0.49166667461395264
0.49166667461395264
0.49166667461395264
0.49166667461395264
0.49166667461395264
0.49166667461395264
0.49166667461395264
0.49166667461395264
0.49166667461395264
0.49166667461395264
0.49166667461395264
0.49166667461395264
0.49166667461395264
0.49166667461395264
0.49166667461395264
0.49166667461395264
0.49166667461395264
0.49166667461395264
0.49166667461395264
0.49166667461395264
0.49166667461395264
0.49166667461395264
0.5083333253860474
0.49166667461395264
0.49166667461395264
0.49166667461395264
0.49166667461395264
0.49166667461395264
0.49166667461395264
0.49166667461395264
0.49166667461395264
0.49166667461395264
0.49166667461395264
0.49166667461395264
0.49166667461395264
0.49166667461395264
0.49166667461395264
0.49166667461395264
0.49166667461395264
0.49166667461395264
0.49166667461395264
0.49166667461395264
0.49166667461395264
0.49166667461395264
0.49166667461395264
0.49166667461395264
0.49166667461395264
0.49166667461395264
0.49166667461395264
0.49166667461395264
0.49166667461395264
0.49166667461395264
0.49166667461395264

training history loss
0.6939298510551453
0.6931780576705933
0.6931769847869873
0.6932331323623657
0.6932051777839661
0.6931636333465576
0.6931710839271545
0.6932079792022705
0.6931934952735901
0.6931670904159546
0.6931593418121338
0.6931843161582947
0.6932259202003479
0.6931709051132202
0.6931663751602173
0.6931785345077515
0.693195104598999
0.6931830048561096
0.6931711435317993
0.6932384371757507
0.6931641101837158
0.6932122707366943
0.6931594610214233
0.693199634552002
0.6932021975517273
0.6931712031364441
0.6931787133216858
0.6931827068328857
0.6931815147399902
0.6932220458984375
0.6932350397109985
0.6931647658348083
0.6931939125061035
0.6931658983230591
0.6931865215301514
0.6931691765785217
0.6931549310684204
0.693161129951477
0.6931745409965515
0.6932165622711182
0.6932182908058167
0.6931906342506409
0.6931790709495544
0.6931573152542114
0.6931901574134827
0.6931667923927307
0.6931788921356201
0.6931827068328857
0.6931648254394531
0.6931765079498291
0.6931682229042053
0.6932267546653748
0.6931972503662109
0.6931912302970886
0.6931904554367065
0.6932319402694702
0.6931689977645874
0.6931914687156677
0.6932047605514526
0.6931632161140442
0.6931751370429993

training history val loss
0.693295955657959
0.6932544708251953
0.6932724714279175
0.6932684183120728
0.6932174563407898
0.6932498216629028
0.6932485103607178
0.6932535171508789
0.6931615471839905
0.6932240724563599
0.6931957602500916
0.6932218670845032
0.6932308673858643
0.6932178139686584
0.693220317363739
0.6932364702224731
0.6931700110435486
0.6932042837142944
0.6931881904602051
0.6932472586631775
0.6931783556938171
0.6932002305984497
0.6932395696640015
0.6932770013809204
0.6931670904159546
0.6931719183921814
0.6931834816932678
0.693271815776825
0.6932131052017212
0.6932330131530762
0.6931390762329102
0.6932485103607178
0.6932651996612549
0.6933063268661499
0.6932207942008972
0.6932079195976257
0.6932631134986877
0.6932020783424377
0.6933044195175171
0.6932439208030701
0.6932252049446106
0.6933088898658752
0.6932517290115356
0.6932212114334106
0.6932008266448975
0.6932922601699829
0.6932341456413269
0.6932357549667358
0.6932772397994995
0.693220853805542
0.6932628154754639
0.6931819319725037
0.6932752728462219
0.6932313442230225
0.6931714415550232
0.6932046413421631
0.6932269334793091
0.693251371383667
0.6932515501976013
0.6932766437530518
0.6932783722877502