test data loss : 0.6931475400924683
test data accyracy : 0.5

training history accuracy
0.49916666746139526
0.4945833384990692
0.4937500059604645
0.5020833611488342
0.5020833611488342
0.4883333444595337
0.5020833611488342
0.5020833611488342
0.5020833611488342
0.492083340883255
0.4908333420753479
0.5020833611488342
0.5020833611488342
0.5020833611488342
0.5020833611488342
0.4950000047683716
0.5020833611488342
0.47874999046325684
0.5020833611488342
0.5020833611488342
0.5020833611488342
0.4925000071525574
0.5020833611488342
0.5020833611488342
0.5020833611488342
0.49000000953674316
0.5020833611488342
0.5020833611488342
0.492083340883255
0.5020833611488342
0.5020833611488342
0.5020833611488342

training history val accuracy
0.49166667461395264
0.5083333253860474
0.49166667461395264
0.49166667461395264
0.49166667461395264
0.49166667461395264
0.49166667461395264
0.49166667461395264
0.49166667461395264
0.49166667461395264
0.49166667461395264
0.49166667461395264
0.49166667461395264
0.49166667461395264
0.49166667461395264
0.49166667461395264
0.49166667461395264
0.49166667461395264
0.49166667461395264
0.49166667461395264
0.49166667461395264
0.49166667461395264
0.49166667461395264
0.49166667461395264
0.49166667461395264
0.49166667461395264
0.49166667461395264
0.49166667461395264
0.49166667461395264
0.49166667461395264
0.49166667461395264
0.49166667461395264

training history loss
0.6933084726333618
0.6932156682014465
0.6931707262992859
0.6931667923927307
0.69318026304245
0.6931979060173035
0.6931726336479187
0.6931774020195007
0.6931629180908203
0.6932048797607422
0.6931946277618408
0.6931934356689453
0.6931666135787964
0.6931957006454468
0.6931636333465576
0.6931883692741394
0.6931768655776978
0.6932156682014465
0.6931648850440979
0.6931619048118591
0.6931899785995483
0.6931779384613037
0.6931627988815308
0.6931664347648621
0.6931988000869751
0.6932386159896851
0.6931643486022949
0.6931633353233337
0.6931855082511902
0.693189799785614
0.6931643486022949
0.6931788921356201

training history val loss
0.6932116746902466
0.693134069442749
0.6932113170623779
0.6932212710380554
0.6932114362716675
0.6931986212730408
0.6932246685028076
0.6932646036148071
0.6932253241539001
0.6932121515274048
0.6932736039161682
0.6932569742202759
0.6932225227355957
0.6931924819946289
0.6932263970375061
0.6932496428489685
0.6932578682899475
0.6931721568107605
0.693214476108551
0.6932558417320251
0.6932360529899597
0.6932337284088135
0.6932244300842285
0.6932370066642761
0.693248450756073
0.6932676434516907
0.6932901740074158
0.6932228207588196
0.6932078003883362
0.6932733654975891
0.6932331323623657
0.6932230591773987