test data loss : 0.6931476593017578
test data accyracy : 0.5

training history accuracy
0.4895833432674408
0.49916666746139526
0.492083340883255
0.5020833611488342
0.5020833611488342
0.5020833611488342
0.5020833611488342
0.4908333420753479
0.4970833361148834
0.5020833611488342
0.5020833611488342
0.4895833432674408
0.5020833611488342
0.5020833611488342
0.5020833611488342
0.5020833611488342
0.48875001072883606
0.5020833611488342
0.5020833611488342
0.5020833611488342
0.5020833611488342
0.4958333373069763
0.5020833611488342
0.5020833611488342
0.5020833611488342
0.4937500059604645
0.5020833611488342
0.5020833611488342
0.5020833611488342
0.4891666769981384
0.5020833611488342

training history val accuracy
0.5083333253860474
0.49166667461395264
0.49166667461395264
0.49166667461395264
0.49166667461395264
0.49166667461395264
0.49166667461395264
0.49166667461395264
0.49166667461395264
0.49166667461395264
0.49166667461395264
0.49166667461395264
0.49166667461395264
0.49166667461395264
0.49166667461395264
0.49166667461395264
0.49166667461395264
0.49166667461395264
0.49166667461395264
0.49166667461395264
0.49166667461395264
0.49166667461395264
0.49166667461395264
0.49166667461395264
0.49166667461395264
0.49166667461395264
0.49166667461395264
0.49166667461395264
0.49166667461395264
0.49166667461395264
0.49166667461395264

training history loss
0.6943910121917725
0.6933031678199768
0.6931955218315125
0.693173885345459
0.6931759119033813
0.6932019591331482
0.6932298541069031
0.6932584643363953
0.693169891834259
0.6931706070899963
0.6931610703468323
0.6932243704795837
0.6932201981544495
0.6931644082069397
0.6932076215744019
0.6931830048561096
0.6932022571563721
0.6931854486465454
0.693203866481781
0.69320148229599
0.6931514739990234
0.6931797862052917
0.6932092905044556
0.6932499408721924
0.6932127475738525
0.6931875348091125
0.6931642889976501
0.6931849122047424
0.6931756734848022
0.6932107210159302
0.693176805973053

training history val loss
0.6931315660476685
0.6931509971618652
0.6932117342948914
0.6932840347290039
0.6932090520858765
0.69319087266922
0.6932005286216736
0.6931700706481934
0.6932007074356079
0.6932267546653748
0.6932516098022461
0.6932560205459595
0.6932681202888489
0.6932353973388672
0.6932318210601807
0.6932041645050049
0.6932477355003357
0.6932267546653748
0.6932603120803833
0.6932604908943176
0.6931900978088379
0.6932013034820557
0.6932125091552734
0.6931665539741516
0.6931656002998352
0.6931980848312378
0.693221926689148
0.6931803822517395
0.693221926689148
0.6932041049003601
0.6931862831115723