test data loss : 0.6931473612785339
test data accyracy : 0.5

training history accuracy
0.5054166913032532
0.4950000047683716
0.49041667580604553
0.5020833611488342
0.49666666984558105
0.5020833611488342
0.49125000834465027
0.5020833611488342
0.5104166865348816
0.4858333468437195
0.49166667461395264
0.4908333420753479
0.5020833611488342
0.5020833611488342
0.5020833611488342
0.49291667342185974
0.5020833611488342
0.49416667222976685
0.5020833611488342
0.5020833611488342
0.5020833611488342
0.4950000047683716
0.5020833611488342
0.4970833361148834
0.5020833611488342
0.5020833611488342
0.5020833611488342
0.5020833611488342
0.4958333373069763
0.5020833611488342
0.5020833611488342
0.5020833611488342
0.5020833611488342
0.4925000071525574
0.5020833611488342
0.5020833611488342
0.4950000047683716
0.5020833611488342
0.5020833611488342
0.5020833611488342

training history val accuracy
0.49166667461395264
0.49166667461395264
0.49166667461395264
0.49166667461395264
0.49166667461395264
0.49166667461395264
0.49166667461395264
0.49166667461395264
0.5083333253860474
0.5083333253860474
0.49166667461395264
0.49166667461395264
0.49166667461395264
0.49166667461395264
0.49166667461395264
0.49166667461395264
0.49166667461395264
0.49166667461395264
0.49166667461395264
0.49166667461395264
0.49166667461395264
0.49166667461395264
0.49166667461395264
0.49166667461395264
0.49166667461395264
0.49166667461395264
0.49166667461395264
0.49166667461395264
0.49166667461395264
0.49166667461395264
0.49166667461395264
0.49166667461395264
0.49166667461395264
0.49166667461395264
0.49166667461395264
0.49166667461395264
0.49166667461395264
0.49166667461395264
0.49166667461395264
0.49166667461395264

training history loss
0.7004230618476868
0.6940352320671082
0.6933584809303284
0.6931637525558472
0.6931750774383545
0.6931774020195007
0.6931946277618408
0.693199872970581
0.6948239207267761
0.6932142972946167
0.693176805973053
0.6931892037391663
0.6931952238082886
0.6931703686714172
0.693169116973877
0.6931900382041931
0.6932257413864136
0.6931887865066528
0.6931862831115723
0.6931881904602051
0.6931598782539368
0.6932355761528015
0.6932016611099243
0.6931878924369812
0.6931744813919067
0.6931804418563843
0.6931749582290649
0.6932321786880493
0.6931856274604797
0.6931691765785217
0.6931698322296143
0.6931747198104858
0.6931940317153931
0.6931762099266052
0.6932161450386047
0.6931764483451843
0.6931949853897095
0.6932063698768616
0.6932337880134583
0.6931627988815308

training history val loss
0.6938942074775696
0.6935904026031494
0.6932157874107361
0.6931814551353455
0.6931729912757874
0.6931915283203125
0.6931726932525635
0.6931946277618408
0.6933633685112
0.6931375861167908
0.6932386159896851
0.6931705474853516
0.693254828453064
0.6932141184806824
0.6932286024093628
0.6931791305541992
0.6931898593902588
0.6931959986686707
0.6932058930397034
0.6932211518287659
0.6932404637336731
0.6932430267333984
0.6932512521743774
0.6931946873664856
0.6932332515716553
0.693215012550354
0.6932076811790466
0.6932462453842163
0.6931684017181396
0.6932941675186157
0.6932293772697449
0.6932302117347717
0.6931990385055542
0.6932002902030945
0.6931832432746887
0.6932278275489807
0.6931866407394409
0.6932722926139832
0.6932674050331116
0.6932050585746765