test data loss : 0.6931512951850891
test data accyracy : 0.5

training history accuracy
0.4962500035762787
0.4833333194255829
0.5020833611488342
0.4925000071525574
0.5020833611488342
0.5020833611488342
0.4804166555404663
0.5020833611488342
0.5020833611488342
0.5020833611488342
0.5020833611488342
0.5020833611488342
0.5020833611488342
0.5020833611488342
0.5020833611488342
0.5020833611488342
0.5020833611488342
0.4925000071525574
0.5020833611488342
0.5020833611488342
0.5020833611488342
0.4958333373069763
0.5020833611488342
0.49666666984558105
0.5020833611488342
0.5020833611488342
0.5020833611488342
0.5020833611488342
0.4945833384990692
0.49041667580604553
0.5020833611488342

training history val accuracy
0.5083333253860474
0.5083333253860474
0.49166667461395264
0.49166667461395264
0.49166667461395264
0.49166667461395264
0.49166667461395264
0.49166667461395264
0.49166667461395264
0.49166667461395264
0.49166667461395264
0.49166667461395264
0.49166667461395264
0.49166667461395264
0.49166667461395264
0.49166667461395264
0.49166667461395264
0.49166667461395264
0.49166667461395264
0.49166667461395264
0.49166667461395264
0.49166667461395264
0.49166667461395264
0.49166667461395264
0.49166667461395264
0.49166667461395264
0.49166667461395264
0.49166667461395264
0.5083333253860474
0.49166667461395264
0.49166667461395264

training history loss
0.6947165131568909
0.6932566165924072
0.6931637525558472
0.6931823492050171
0.6931567788124084
0.6931678652763367
0.6932384371757507
0.6932056546211243
0.6931698322296143
0.6931865215301514
0.6931692957878113
0.6931743025779724
0.6931770443916321
0.6931934356689453
0.6931852698326111
0.6931735277175903
0.6931701302528381
0.6931989192962646
0.6932024359703064
0.6931992173194885
0.6931582093238831
0.6932099461555481
0.6931591033935547
0.6931882500648499
0.6931656002998352
0.6931933760643005
0.6931654214859009
0.6931744813919067
0.6932001709938049
0.6931915283203125
0.6931784749031067

training history val loss
0.6931034922599792
0.693124532699585
0.6932064294815063
0.6932383179664612
0.6932697296142578
0.6932615041732788
0.6931676864624023
0.6932241916656494
0.6931951642036438
0.6932182908058167
0.6932157278060913
0.693210780620575
0.6932255625724792
0.6932830214500427
0.6932586431503296
0.6932418346405029
0.6932135820388794
0.693220853805542
0.6933033466339111
0.6932309865951538
0.6931973695755005
0.6932669878005981
0.6932021975517273
0.6932004690170288
0.693245530128479
0.6932129263877869
0.6932621598243713
0.6932164430618286
0.6931449174880981
0.6931976675987244
0.693281888961792