test data loss : 0.6931472420692444
test data accyracy : 0.5

training history accuracy
0.5058333277702332
0.4987500011920929
0.48875001072883606
0.5020833611488342
0.4891666769981384
0.5020833611488342
0.5020833611488342
0.4962500035762787
0.5020833611488342
0.4945833384990692
0.5020833611488342
0.5020833611488342
0.5020833611488342
0.49125000834465027
0.5020833611488342
0.5020833611488342
0.4937500059604645
0.48750001192092896
0.5020833611488342
0.4895833432674408
0.5020833611488342
0.48750001192092896
0.5020833611488342
0.5020833611488342
0.4845833480358124
0.5020833611488342
0.5020833611488342
0.4950000047683716
0.5020833611488342
0.4958333373069763
0.5020833611488342
0.5020833611488342
0.5020833611488342
0.5020833611488342
0.5020833611488342

training history val accuracy
0.49166667461395264
0.49166667461395264
0.49166667461395264
0.49166667461395264
0.49166667461395264
0.49166667461395264
0.49166667461395264
0.49166667461395264
0.49166667461395264
0.49166667461395264
0.49166667461395264
0.49166667461395264
0.49166667461395264
0.49166667461395264
0.49166667461395264
0.49166667461395264
0.49166667461395264
0.49166667461395264
0.49166667461395264
0.49166667461395264
0.49166667461395264
0.49166667461395264
0.49166667461395264
0.49166667461395264
0.49166667461395264
0.49166667461395264
0.49166667461395264
0.49166667461395264
0.49166667461395264
0.49166667461395264
0.49166667461395264
0.49166667461395264
0.49166667461395264
0.49166667461395264
0.49166667461395264

training history loss
0.711387574672699
0.6933696269989014
0.693227231502533
0.693175733089447
0.693281888961792
0.6932017803192139
0.6932138204574585
0.6931677460670471
0.6931921243667603
0.6931695342063904
0.6931870579719543
0.6931801438331604
0.6931756138801575
0.6932362914085388
0.6932119727134705
0.6931788325309753
0.6932204365730286
0.6932073831558228
0.6931859254837036
0.6931970119476318
0.6931721568107605
0.6932437419891357
0.6931660771369934
0.6932007670402527
0.6931902170181274
0.6931782364845276
0.6932072043418884
0.6931718587875366
0.6931822896003723
0.6931689977645874
0.6931688785552979
0.6931683421134949
0.6931629180908203
0.6931643486022949
0.6931584477424622

training history val loss
0.693280816078186
0.6932199597358704
0.693192720413208
0.693180501461029
0.6931524872779846
0.6931788921356201
0.693215548992157
0.693185567855835
0.6931926012039185
0.6932595372200012
0.6932859420776367
0.6932656168937683
0.6932324767112732
0.6932623982429504
0.6932564973831177
0.693244218826294
0.6932345628738403
0.6932202577590942
0.6933068633079529
0.693219006061554
0.6932680010795593
0.6932573914527893
0.6932886242866516
0.6932416558265686
0.6932489275932312
0.6932575106620789
0.6931840777397156
0.6932455897331238
0.6932422518730164
0.6931760907173157
0.6932320594787598
0.6932079792022705
0.6932104825973511
0.6932017207145691
0.6932213306427002