test data loss : 0.6931473016738892
test data accyracy : 0.5

training history accuracy
0.4945833384990692
0.49958333373069763
0.5020833611488342
0.5020833611488342
0.5020833611488342
0.4895833432674408
0.49958333373069763
0.5020833611488342
0.5020833611488342
0.5020833611488342
0.5020833611488342
0.49291667342185974
0.4883333444595337
0.5020833611488342
0.5020833611488342
0.5020833611488342
0.5020833611488342
0.5020833611488342
0.5020833611488342
0.49000000953674316
0.5020833611488342
0.49166667461395264
0.5020833611488342
0.5020833611488342
0.5020833611488342
0.5020833611488342
0.5020833611488342
0.5020833611488342
0.5020833611488342
0.5020833611488342
0.4891666769981384
0.49916666746139526
0.5020833611488342
0.5020833611488342
0.49416667222976685
0.5020833611488342
0.5020833611488342
0.5020833611488342
0.5020833611488342
0.4950000047683716
0.5020833611488342
0.5020833611488342
0.5020833611488342
0.5020833611488342
0.49125000834465027
0.5020833611488342
0.5020833611488342
0.49166667461395264
0.4950000047683716
0.5020833611488342
0.49041667580604553
0.5020833611488342
0.49000000953674316
0.49125000834465027
0.5020833611488342
0.5020833611488342
0.5020833611488342
0.5020833611488342
0.49291667342185974
0.5020833611488342
0.5020833611488342

training history val accuracy
0.49166667461395264
0.49166667461395264
0.49166667461395264
0.49166667461395264
0.49166667461395264
0.49166667461395264
0.49166667461395264
0.49166667461395264
0.49166667461395264
0.49166667461395264
0.49166667461395264
0.49166667461395264
0.49166667461395264
0.49166667461395264
0.49166667461395264
0.49166667461395264
0.49166667461395264
0.49166667461395264
0.49166667461395264
0.49166667461395264
0.49166667461395264
0.49166667461395264
0.49166667461395264
0.49166667461395264
0.49166667461395264
0.49166667461395264
0.49166667461395264
0.49166667461395264
0.49166667461395264
0.49166667461395264
0.5083333253860474
0.49166667461395264
0.49166667461395264
0.49166667461395264
0.49166667461395264
0.49166667461395264
0.49166667461395264
0.49166667461395264
0.49166667461395264
0.49166667461395264
0.49166667461395264
0.49166667461395264
0.49166667461395264
0.49166667461395264
0.49166667461395264
0.49166667461395264
0.49166667461395264
0.49166667461395264
0.49166667461395264
0.49166667461395264
0.49166667461395264
0.49166667461395264
0.49166667461395264
0.49166667461395264
0.49166667461395264
0.49166667461395264
0.49166667461395264
0.49166667461395264
0.49166667461395264
0.49166667461395264
0.49166667461395264

training history loss
0.6949142217636108
0.6931823492050171
0.6932041645050049
0.6932041049003601
0.6931933164596558
0.6931889057159424
0.6931674480438232
0.693176805973053
0.6931623816490173
0.693210244178772
0.6931713819503784
0.6932365298271179
0.6932474970817566
0.6931859850883484
0.6931740045547485
0.6931725740432739
0.6932034492492676
0.6931736469268799
0.6931841373443604
0.6931871771812439
0.6931899785995483
0.6931687593460083
0.6931617856025696
0.6931936144828796
0.6931723356246948
0.6931715607643127
0.6931681036949158
0.6931650638580322
0.6932058930397034
0.6932790875434875
0.6931982636451721
0.6932017207145691
0.6931986212730408
0.6931740045547485
0.6931948661804199
0.6931736469268799
0.6931641101837158
0.6931612491607666
0.6932240724563599
0.6931771636009216
0.6931785345077515
0.693160355091095
0.6931630969047546
0.69318026304245
0.6932075023651123
0.6932277679443359
0.6931941509246826
0.6931997537612915
0.6931844353675842
0.6931747794151306
0.6931813359260559
0.6931901574134827
0.6932263970375061
0.6931896209716797
0.6932116746902466
0.693183422088623
0.693187415599823
0.6931741237640381
0.6931852102279663
0.6931741237640381
0.693192183971405

training history val loss
0.6931642293930054
0.6931900978088379
0.693175196647644
0.6931771636009216
0.6932163238525391
0.693190336227417
0.6931999325752258
0.693239688873291
0.6932117342948914
0.693215548992157
0.6932104825973511
0.693317174911499
0.6932202577590942
0.6932362914085388
0.6932909488677979
0.6932305097579956
0.6933200359344482
0.6932293772697449
0.6932319402694702
0.69319087266922
0.6932569146156311
0.6932079195976257
0.6932287216186523
0.6932464241981506
0.6932236552238464
0.693220317363739
0.693246603012085
0.6932117342948914
0.6932039856910706
0.6932058930397034
0.6931385397911072
0.693271279335022
0.6932482123374939
0.6931952834129333
0.6931511163711548
0.6932812929153442
0.6932092308998108
0.6931955814361572
0.6931904554367065
0.6932196617126465
0.6933020949363708
0.6931995153427124
0.6932404041290283
0.6932173371315002
0.6931882500648499
0.6932584047317505
0.693208634853363
0.6931794285774231
0.693230152130127
0.6932114958763123
0.6931634545326233
0.6932437419891357
0.6931729912757874
0.6932330131530762
0.6933183073997498
0.6932377815246582
0.6932482719421387
0.6932281851768494
0.6931962370872498
0.6931976675987244
0.693250298500061