test data loss : 0.6931490302085876
test data accyracy : 0.5

training history accuracy
0.4975000023841858
0.49666666984558105
0.5020833611488342
0.5020833611488342
0.5020833611488342
0.5020833611488342
0.5020833611488342
0.5020833611488342
0.5020833611488342
0.5020833611488342
0.5020833611488342
0.4950000047683716
0.5020833611488342
0.5020833611488342
0.5020833611488342
0.4879166781902313
0.5020833611488342
0.5020833611488342
0.5020833611488342
0.5020833611488342
0.4958333373069763
0.5020833611488342
0.492083340883255
0.5004166960716248
0.5020833611488342
0.5020833611488342
0.5020833611488342
0.49416667222976685
0.5020833611488342
0.4937500059604645
0.5020833611488342
0.5020833611488342
0.5020833611488342
0.5020833611488342
0.5020833611488342
0.5020833611488342
0.5020833611488342
0.5020833611488342
0.5020833611488342
0.5020833611488342
0.5020833611488342
0.5020833611488342
0.49666666984558105
0.4950000047683716
0.4845833480358124
0.5020833611488342
0.5020833611488342
0.5020833611488342
0.4908333420753479
0.5020833611488342
0.5020833611488342
0.4962500035762787
0.5020833611488342

training history val accuracy
0.5083333253860474
0.49166667461395264
0.49166667461395264
0.49166667461395264
0.49166667461395264
0.49166667461395264
0.49166667461395264
0.49166667461395264
0.49166667461395264
0.49166667461395264
0.49166667461395264
0.49166667461395264
0.49166667461395264
0.49166667461395264
0.49166667461395264
0.49166667461395264
0.49166667461395264
0.49166667461395264
0.49166667461395264
0.49166667461395264
0.49166667461395264
0.49166667461395264
0.5083333253860474
0.49166667461395264
0.49166667461395264
0.49166667461395264
0.49166667461395264
0.49166667461395264
0.49166667461395264
0.49166667461395264
0.49166667461395264
0.49166667461395264
0.49166667461395264
0.49166667461395264
0.49166667461395264
0.49166667461395264
0.49166667461395264
0.49166667461395264
0.49166667461395264
0.49166667461395264
0.49166667461395264
0.49166667461395264
0.49166667461395264
0.49166667461395264
0.49166667461395264
0.49166667461395264
0.49166667461395264
0.49166667461395264
0.49166667461395264
0.49166667461395264
0.49166667461395264
0.49166667461395264
0.49166667461395264

training history loss
0.692980945110321
0.6932306885719299
0.6931751370429993
0.6931803822517395
0.6931594610214233
0.6931617259979248
0.6931646466255188
0.6931639313697815
0.6931844353675842
0.6931998133659363
0.6932010650634766
0.6931818127632141
0.6931818723678589
0.6931695342063904
0.6932142376899719
0.6932059526443481
0.6931698322296143
0.6931816935539246
0.6931762099266052
0.6931989789009094
0.6931795477867126
0.693192720413208
0.6932309865951538
0.6931667923927307
0.6932053565979004
0.693182110786438
0.6932239532470703
0.6931769251823425
0.6931880712509155
0.6931741833686829
0.6931785941123962
0.6931725740432739
0.6931672096252441
0.6931741237640381
0.693172812461853
0.6931589245796204
0.693175733089447
0.6931735277175903
0.6931777000427246
0.6931915283203125
0.6931571364402771
0.6931648254394531
0.6931809782981873
0.6931895017623901
0.6932262182235718
0.6931681036949158
0.6931899189949036
0.6931788921356201
0.6932067275047302
0.6932461857795715
0.6931761503219604
0.6932052373886108
0.6931480169296265

training history val loss
0.6931252479553223
0.6931782364845276
0.6932235360145569
0.6933020949363708
0.6931862831115723
0.6932266354560852
0.6932284832000732
0.6932265758514404
0.6932418346405029
0.6932440996170044
0.6932815313339233
0.6932019591331482
0.6932092905044556
0.6931965351104736
0.6932236552238464
0.6931809186935425
0.6932471990585327
0.6932494640350342
0.6932520866394043
0.6932086944580078
0.6932154297828674
0.6932334303855896
0.6931159496307373
0.6932467818260193
0.6932631134986877
0.6931711435317993
0.6932445764541626
0.693185567855835
0.6932177543640137
0.6932048797607422
0.6932374835014343
0.6932342648506165
0.6932253241539001
0.6932167410850525
0.6932118535041809
0.6932327151298523
0.6932724118232727
0.6932491064071655
0.6932289600372314
0.6932596564292908
0.6932410597801208
0.6932383179664612
0.6931604743003845
0.6932559609413147
0.6932525038719177
0.6932167410850525
0.6932799220085144
0.6932334899902344
0.6932568550109863
0.6932657361030579
0.6931854486465454
0.6931633353233337
0.6932502388954163