test data loss : 0.6931505799293518
test data accyracy : 0.5

training history accuracy
0.49666666984558105
0.49541667103767395
0.4883333444595337
0.5020833611488342
0.4925000071525574
0.5020833611488342
0.4866666793823242
0.5020833611488342
0.5020833611488342
0.5020833611488342
0.4958333373069763
0.4962500035762787
0.5020833611488342
0.5020833611488342
0.5020833611488342
0.49166667461395264
0.5020833611488342
0.5020833611488342
0.5020833611488342
0.4958333373069763
0.5020833611488342
0.4950000047683716
0.5020833611488342
0.5020833611488342
0.5020833611488342
0.4845833480358124
0.5020833611488342
0.5020833611488342
0.5020833611488342
0.5020833611488342
0.4883333444595337

training history val accuracy
0.5083333253860474
0.5083333253860474
0.49166667461395264
0.49166667461395264
0.49166667461395264
0.49166667461395264
0.49166667461395264
0.49166667461395264
0.49166667461395264
0.49166667461395264
0.49166667461395264
0.49166667461395264
0.49166667461395264
0.49166667461395264
0.49166667461395264
0.49166667461395264
0.49166667461395264
0.49166667461395264
0.49166667461395264
0.49166667461395264
0.49166667461395264
0.49166667461395264
0.49166667461395264
0.49166667461395264
0.49166667461395264
0.49166667461395264
0.49166667461395264
0.49166667461395264
0.49166667461395264
0.49166667461395264
0.5083333253860474

training history loss
0.6995024085044861
0.693202793598175
0.6932895183563232
0.6932207345962524
0.6933287978172302
0.6931619048118591
0.6933385133743286
0.6932153105735779
0.6931688785552979
0.6931812763214111
0.6931933164596558
0.6931903958320618
0.6931862831115723
0.693187952041626
0.6931851506233215
0.6931955814361572
0.6932205557823181
0.6932394504547119
0.6931837201118469
0.6931832432746887
0.6932022571563721
0.6931797862052917
0.6931690573692322
0.6931930184364319
0.6931857466697693
0.6931906342506409
0.6932058930397034
0.6931654810905457
0.6932647228240967
0.6931851506233215
0.6932002305984497

training history val loss
0.6930935382843018
0.6931287050247192
0.6932029128074646
0.6932527422904968
0.6931663751602173
0.6933085918426514
0.6933215260505676
0.693220853805542
0.6932240724563599
0.6933029294013977
0.69315505027771
0.6933121681213379
0.6932200789451599
0.6932240128517151
0.693234384059906
0.6932031512260437
0.6932640671730042
0.6932478547096252
0.6931864619255066
0.6931909918785095
0.6932162642478943
0.6931986212730408
0.6932318806648254
0.6933260560035706
0.6932159662246704
0.693202555179596
0.6931886076927185
0.6931883692741394
0.6931771636009216
0.693175733089447
0.6931332945823669