test data loss : 0.6932852268218994
test data accyracy : 0.5

training history accuracy
0.49562498927116394
0.5054166913032532
0.4925000071525574
0.4937500059604645
0.5020833611488342
0.5020833611488342
0.4937500059604645
0.4945833384990692
0.4958333373069763
0.5020833611488342
0.5020833611488342
0.5020833611488342
0.4891666769981384
0.4925000071525574
0.5020833611488342
0.5020833611488342
0.5020833611488342
0.4883333444595337
0.5020833611488342
0.4962500035762787
0.5020833611488342
0.5020833611488342
0.4845833480358124
0.5020833611488342
0.49166667461395264
0.5020833611488342
0.5020833611488342
0.5020833611488342
0.5020833611488342
0.5020833611488342
0.4958333373069763
0.5020833611488342

training history val accuracy
0.5083333253860474
0.5083333253860474
0.49166667461395264
0.49166667461395264
0.49166667461395264
0.49166667461395264
0.49166667461395264
0.49166667461395264
0.49166667461395264
0.49166667461395264
0.49166667461395264
0.49166667461395264
0.49166667461395264
0.49166667461395264
0.49166667461395264
0.49166667461395264
0.49166667461395264
0.49166667461395264
0.49166667461395264
0.49166667461395264
0.49166667461395264
0.49166667461395264
0.49166667461395264
0.49166667461395264
0.49166667461395264
0.49166667461395264
0.49166667461395264
0.49166667461395264
0.49166667461395264
0.49166667461395264
0.49166667461395264
0.49166667461395264

training history loss
0.7036510109901428
0.6932529807090759
0.6933027505874634
0.6932179927825928
0.6931591033935547
0.6932008862495422
0.6932125091552734
0.6932144165039062
0.6931843757629395
0.6931635141372681
0.6931859254837036
0.6932082772254944
0.6931871771812439
0.6932174563407898
0.6931881308555603
0.6931718587875366
0.6931606531143188
0.6931874752044678
0.6931630373001099
0.6932064890861511
0.6932647824287415
0.6931790709495544
0.6931929588317871
0.6931896805763245
0.6931864619255066
0.6931747198104858
0.6931824088096619
0.6932020783424377
0.6932262778282166
0.6931775808334351
0.6932011842727661
0.6931631565093994

training history val loss
0.6930481791496277
0.6930345892906189
0.6932018995285034
0.693149745464325
0.6931834816932678
0.6931778192520142
0.6932624578475952
0.6931911706924438
0.6932617425918579
0.6932569742202759
0.6932892203330994
0.6932045817375183
0.6932435035705566
0.6932073831558228
0.6931895613670349
0.6932145953178406
0.6932252049446106
0.6932174563407898
0.6932790875434875
0.6932153105735779
0.6932641863822937
0.6931677460670471
0.6931833624839783
0.6932003498077393
0.6932060122489929
0.6932206153869629
0.6932176947593689
0.6931771636009216
0.6932569146156311
0.6932216286659241
0.6931648850440979
0.6932176947593689