test data loss : 0.6931721568107605
test data accyracy : 0.5

training history accuracy
0.5012500286102295
0.49791666865348816
0.4987500011920929
0.5020833611488342
0.5020833611488342
0.5020833611488342
0.49916666746139526
0.5020833611488342
0.5020833611488342
0.5020833611488342
0.49041667580604553
0.5020833611488342
0.49041667580604553
0.5020833611488342
0.5020833611488342
0.49000000953674316
0.5020833611488342
0.5020833611488342
0.5020833611488342
0.5020833611488342
0.5020833611488342
0.5020833611488342
0.5020833611488342
0.4858333468437195
0.5020833611488342
0.4866666793823242
0.5020833611488342
0.5020833611488342
0.4933333396911621
0.5020833611488342
0.5020833611488342

training history val accuracy
0.5083333253860474
0.5083333253860474
0.49166667461395264
0.49166667461395264
0.49166667461395264
0.49166667461395264
0.49166667461395264
0.49166667461395264
0.49166667461395264
0.49166667461395264
0.49166667461395264
0.49166667461395264
0.49166667461395264
0.49166667461395264
0.49166667461395264
0.49166667461395264
0.49166667461395264
0.49166667461395264
0.49166667461395264
0.49166667461395264
0.49166667461395264
0.49166667461395264
0.49166667461395264
0.49166667461395264
0.49166667461395264
0.49166667461395264
0.49166667461395264
0.49166667461395264
0.49166667461395264
0.49166667461395264
0.49166667461395264

training history loss
0.6963695287704468
0.6932826042175293
0.6931829452514648
0.6931682229042053
0.6932024955749512
0.693170964717865
0.6931731700897217
0.6932113766670227
0.6931937336921692
0.6932016015052795
0.6931882500648499
0.6932072043418884
0.6932209134101868
0.6931824684143066
0.6931650042533875
0.6931980848312378
0.6931964755058289
0.69318687915802
0.6931657195091248
0.693171501159668
0.6931772828102112
0.693190336227417
0.6931590437889099
0.6932622790336609
0.6931901574134827
0.693226158618927
0.6932204961776733
0.6931695938110352
0.6931713223457336
0.6931982636451721
0.6931684017181396

training history val loss
0.6930546164512634
0.6930814385414124
0.6932194828987122
0.6932303309440613
0.693183958530426
0.6931696534156799
0.6931677460670471
0.6932012438774109
0.6932218670845032
0.6932355165481567
0.6931715607643127
0.6932229399681091
0.6932374238967896
0.6932283639907837
0.6932023167610168
0.6932122111320496
0.6932975649833679
0.693220317363739
0.693200409412384
0.6932023763656616
0.6932380795478821
0.6932377219200134
0.6932217478752136
0.6932826638221741
0.6932728290557861
0.6931653618812561
0.6932405829429626
0.6932035684585571
0.6932308673858643
0.6932640075683594
0.6932134032249451