test data loss : 0.693148136138916
test data accyracy : 0.5

training history accuracy
0.5104166865348816
0.5020833611488342
0.5020833611488342
0.4895833432674408
0.5020833611488342
0.48750001192092896
0.5020833611488342
0.5020833611488342
0.5020833611488342
0.5020833611488342
0.4937500059604645
0.5020833611488342
0.4841666519641876
0.5020833611488342
0.4908333420753479
0.5020833611488342
0.5020833611488342
0.5020833611488342
0.5020833611488342
0.49291667342185974
0.48875001072883606
0.5020833611488342
0.5020833611488342
0.4975000023841858
0.4925000071525574
0.5020833611488342
0.5020833611488342
0.5020833611488342
0.49291667342185974
0.4937500059604645
0.5020833611488342
0.5020833611488342
0.5020833611488342
0.5020833611488342

training history val accuracy
0.49166667461395264
0.49166667461395264
0.49166667461395264
0.49166667461395264
0.49166667461395264
0.49166667461395264
0.49166667461395264
0.49166667461395264
0.49166667461395264
0.49166667461395264
0.49166667461395264
0.49166667461395264
0.49166667461395264
0.49166667461395264
0.49166667461395264
0.49166667461395264
0.49166667461395264
0.49166667461395264
0.49166667461395264
0.49166667461395264
0.49166667461395264
0.49166667461395264
0.49166667461395264
0.49166667461395264
0.49166667461395264
0.49166667461395264
0.49166667461395264
0.49166667461395264
0.49166667461395264
0.49166667461395264
0.49166667461395264
0.49166667461395264
0.49166667461395264
0.49166667461395264

training history loss
0.6952131390571594
0.69321608543396
0.693164050579071
0.6932318210601807
0.6932640671730042
0.693202555179596
0.6931990385055542
0.6931583285331726
0.6931564211845398
0.6931741237640381
0.6931844353675842
0.6931613087654114
0.6931743621826172
0.6931806802749634
0.6931968927383423
0.6931816339492798
0.6932104229927063
0.6931746602058411
0.6931583881378174
0.6932105422019958
0.6931977868080139
0.6932007074356079
0.6931684017181396
0.6931834816932678
0.6931811571121216
0.6931583881378174
0.693158745765686
0.6931620240211487
0.6931813955307007
0.6931787729263306
0.6931558847427368
0.6931764483451843
0.6932035088539124
0.6931698322296143

training history val loss
0.6934190988540649
0.693217396736145
0.693238377571106
0.6931707859039307
0.6933269500732422
0.6931741833686829
0.6932645440101624
0.693213939666748
0.6932172179222107
0.6932246685028076
0.6931803822517395
0.6932265162467957
0.6932123899459839
0.6932682991027832
0.6931886076927185
0.6932273507118225
0.6932655572891235
0.6932196617126465
0.6931887865066528
0.6931850910186768
0.6932530999183655
0.6931924819946289
0.6932086944580078
0.6932662129402161
0.6932194232940674
0.6932405829429626
0.6932752132415771
0.6932348012924194
0.6932209134101868
0.693228006362915
0.6932462453842163
0.6932517290115356
0.6932235956192017
0.6932404637336731