test data loss : 0.6931472420692444
test data accyracy : 0.5

training history accuracy
0.49000000953674316
0.4895833432674408
0.5020833611488342
0.5020833611488342
0.5020833611488342
0.5020833611488342
0.5020833611488342
0.5020833611488342
0.4933333396911621
0.5020833611488342
0.4983333349227905
0.5020833611488342
0.5020833611488342
0.5020833611488342
0.5020833611488342
0.4879166781902313
0.5020833611488342
0.5020833611488342
0.5020833611488342
0.5020833611488342
0.5020833611488342
0.5020833611488342
0.4950000047683716
0.5020833611488342
0.5020833611488342
0.5020833611488342
0.5020833611488342
0.48875001072883606
0.5020833611488342
0.5020833611488342
0.5

training history val accuracy
0.49166667461395264
0.49166667461395264
0.49166667461395264
0.49166667461395264
0.49166667461395264
0.49166667461395264
0.49166667461395264
0.49166667461395264
0.49166667461395264
0.49166667461395264
0.49166667461395264
0.49166667461395264
0.49166667461395264
0.49166667461395264
0.49166667461395264
0.49166667461395264
0.49166667461395264
0.49166667461395264
0.49166667461395264
0.49166667461395264
0.49166667461395264
0.49166667461395264
0.49166667461395264
0.49166667461395264
0.49166667461395264
0.49166667461395264
0.49166667461395264
0.49166667461395264
0.49166667461395264
0.49166667461395264
0.49166667461395264

training history loss
0.6947238445281982
0.6932116150856018
0.6931806802749634
0.6931849718093872
0.6931678652763367
0.6931684017181396
0.6931576132774353
0.6931562423706055
0.6931978464126587
0.6931660175323486
0.6931859850883484
0.6931524276733398
0.6932000517845154
0.6931611895561218
0.6931923031806946
0.6932312846183777
0.6931854486465454
0.6931762099266052
0.6931740045547485
0.6931638121604919
0.6931872367858887
0.693203330039978
0.6932010054588318
0.6931630373001099
0.6931867003440857
0.693173885345459
0.693193793296814
0.6931656002998352
0.6931568384170532
0.6931778788566589
0.6931921243667603

training history val loss
0.6931540369987488
0.6932287812232971
0.6932372450828552
0.6932560205459595
0.6932554841041565
0.6932117938995361
0.6932199597358704
0.6932045817375183
0.6931851506233215
0.693210780620575
0.6931765675544739
0.6932433843612671
0.6931920051574707
0.6932433247566223
0.6931899785995483
0.6931647658348083
0.6932393312454224
0.6931904554367065
0.6932058930397034
0.693192720413208
0.6932682991027832
0.6932207942008972
0.6931842565536499
0.6932809352874756
0.6931871771812439
0.6932399272918701
0.6931713223457336
0.6931949257850647
0.6932711601257324
0.6932534575462341
0.6932596564292908