test data loss : 0.6932153701782227
test data accyracy : 0.5

training history accuracy
0.5052083134651184
0.5110416412353516
0.49791666865348816
0.4985416531562805
0.5020833611488342
0.49541667103767395
0.5020833611488342
0.49000000953674316
0.5020833611488342
0.5020833611488342
0.5020833611488342
0.5020833611488342
0.5020833611488342
0.5020833611488342
0.5020833611488342
0.5020833611488342
0.49416667222976685
0.49791666865348816
0.5020833611488342
0.5020833611488342
0.5020833611488342
0.4908333420753479
0.5020833611488342
0.5020833611488342
0.49125000834465027
0.5020833611488342
0.5020833611488342
0.5020833611488342
0.5020833611488342
0.5020833611488342
0.49416667222976685
0.5020833611488342

training history val accuracy
0.5199999809265137
0.5083333253860474
0.5083333253860474
0.49166667461395264
0.49166667461395264
0.49166667461395264
0.49166667461395264
0.49166667461395264
0.49166667461395264
0.49166667461395264
0.49166667461395264
0.49166667461395264
0.49166667461395264
0.49166667461395264
0.49166667461395264
0.49166667461395264
0.49166667461395264
0.49166667461395264
0.49166667461395264
0.49166667461395264
0.49166667461395264
0.49166667461395264
0.49166667461395264
0.49166667461395264
0.49166667461395264
0.49166667461395264
0.49166667461395264
0.49166667461395264
0.49166667461395264
0.49166667461395264
0.49166667461395264
0.49166667461395264

training history loss
0.714877188205719
0.6930319666862488
0.6932745575904846
0.6931824684143066
0.6931561231613159
0.6931798458099365
0.6931830644607544
0.6932130455970764
0.6931729912757874
0.6931800842285156
0.6931644082069397
0.6931555867195129
0.6931770443916321
0.6931816339492798
0.6931665539741516
0.6932277679443359
0.6931790709495544
0.6932114958763123
0.693162202835083
0.6931867003440857
0.6931869983673096
0.6932229995727539
0.6931642889976501
0.6931720972061157
0.6931912899017334
0.6932359933853149
0.6932375431060791
0.6931774616241455
0.6931806802749634
0.6931607723236084
0.6932077407836914
0.6931684613227844

training history val loss
0.6930995583534241
0.6930205821990967
0.6931121945381165
0.6931636333465576
0.6931819915771484
0.693210780620575
0.6932290196418762
0.6931690573692322
0.6932388544082642
0.6932346820831299
0.6932560205459595
0.6932362914085388
0.6932582855224609
0.6932371258735657
0.6932080388069153
0.6932541728019714
0.693191647529602
0.6932263970375061
0.6932257413864136
0.6932483315467834
0.6932002305984497
0.6932944059371948
0.6932100653648376
0.6932867169380188
0.6932082176208496
0.6933388710021973
0.6931682825088501
0.6932857632637024
0.6931997537612915
0.6931964159011841
0.693240225315094
0.6932496428489685