test data loss : 0.693147599697113
test data accyracy : 0.5

training history accuracy
0.4829166531562805
0.49125000834465027
0.5020833611488342
0.5020833611488342
0.5020833611488342
0.5020833611488342
0.5020833611488342
0.49041667580604553
0.5020833611488342
0.5020833611488342
0.5020833611488342
0.5020833611488342
0.5020833611488342
0.5020833611488342
0.49416667222976685
0.49416667222976685
0.5020833611488342
0.5020833611488342
0.4958333373069763
0.48875001072883606
0.5020833611488342
0.5020833611488342
0.5020833611488342
0.4870833456516266
0.5020833611488342
0.5020833611488342
0.5020833611488342
0.5020833611488342
0.5020833611488342
0.5020833611488342
0.5020833611488342

training history val accuracy
0.49166667461395264
0.49166667461395264
0.49166667461395264
0.49166667461395264
0.49166667461395264
0.49166667461395264
0.49166667461395264
0.49166667461395264
0.49166667461395264
0.49166667461395264
0.49166667461395264
0.49166667461395264
0.49166667461395264
0.49166667461395264
0.49166667461395264
0.49166667461395264
0.49166667461395264
0.49166667461395264
0.49166667461395264
0.49166667461395264
0.49166667461395264
0.49166667461395264
0.49166667461395264
0.49166667461395264
0.49166667461395264
0.49166667461395264
0.49166667461395264
0.49166667461395264
0.49166667461395264
0.49166667461395264
0.49166667461395264

training history loss
0.6949024200439453
0.6931759119033813
0.6932298541069031
0.6931851506233215
0.6931805610656738
0.6931847929954529
0.6931648850440979
0.6932322978973389
0.6931726932525635
0.6931626796722412
0.6932827234268188
0.6931833028793335
0.693186342716217
0.6931878924369812
0.693175733089447
0.6931906342506409
0.6931927800178528
0.6931765079498291
0.6931944489479065
0.693231463432312
0.6931706666946411
0.6931707262992859
0.6931942105293274
0.6932674050331116
0.69317227602005
0.6931579113006592
0.693175733089447
0.6931701898574829
0.6931731700897217
0.6931642293930054
0.6931747198104858

training history val loss
0.6931628584861755
0.6932088136672974
0.6933000087738037
0.6932501792907715
0.6931842565536499
0.6932555437088013
0.6931791305541992
0.6932387351989746
0.6932549476623535
0.6932210326194763
0.6931846737861633
0.6931948065757751
0.6931735277175903
0.6932142376899719
0.6931976079940796
0.6931882500648499
0.6932141780853271
0.6932575702667236
0.6932072639465332
0.6932658553123474
0.6932333111763
0.6932576894760132
0.6932803988456726
0.6931969523429871
0.6932736039161682
0.6932340264320374
0.6933051943778992
0.6932218670845032
0.6932239532470703
0.693202793598175
0.693225085735321