test data loss : 0.693155825138092
test data accyracy : 0.5

training history accuracy
0.4937500059604645
0.4950000047683716
0.4879166781902313
0.4937500059604645
0.5020833611488342
0.5020833611488342
0.4925000071525574
0.5020833611488342
0.5020833611488342
0.5020833611488342
0.5020833611488342
0.5020833611488342
0.5020833611488342
0.4933333396911621
0.4870833456516266
0.5020833611488342
0.5020833611488342
0.49125000834465027
0.4962500035762787
0.5020833611488342
0.5020833611488342
0.5020833611488342
0.5020833611488342
0.49000000953674316
0.5020833611488342
0.5020833611488342
0.49666666984558105
0.49125000834465027
0.5020833611488342
0.5020833611488342
0.4891666769981384
0.5020833611488342

training history val accuracy
0.49166667461395264
0.5083333253860474
0.5083333253860474
0.49166667461395264
0.49166667461395264
0.49166667461395264
0.49166667461395264
0.49166667461395264
0.49166667461395264
0.49166667461395264
0.49166667461395264
0.49166667461395264
0.49166667461395264
0.49166667461395264
0.49166667461395264
0.49166667461395264
0.49166667461395264
0.49166667461395264
0.49166667461395264
0.49166667461395264
0.49166667461395264
0.49166667461395264
0.49166667461395264
0.49166667461395264
0.49166667461395264
0.49166667461395264
0.49166667461395264
0.49166667461395264
0.49166667461395264
0.49166667461395264
0.49166667461395264
0.49166667461395264

training history loss
0.6942275166511536
0.6932488083839417
0.6933064460754395
0.6931865811347961
0.6932108998298645
0.6931759715080261
0.6931886672973633
0.6931678056716919
0.6931749582290649
0.6931703686714172
0.6931982636451721
0.6931684613227844
0.69317227602005
0.6931715607643127
0.6931641101837158
0.6931611895561218
0.6931837797164917
0.6931851506233215
0.693209707736969
0.6932089328765869
0.6931931376457214
0.6931760907173157
0.6932118535041809
0.6932348608970642
0.6931793689727783
0.6932454705238342
0.6931859254837036
0.6931913495063782
0.6931753754615784
0.6931658387184143
0.6932086944580078
0.6931943297386169

training history val loss
0.6932299733161926
0.6930887699127197
0.6931416988372803
0.6932029128074646
0.6932648420333862
0.6931830048561096
0.6931873559951782
0.6932048201560974
0.6932141780853271
0.6932008862495422
0.6932410001754761
0.6932374238967896
0.6932140588760376
0.693159818649292
0.6932077407836914
0.6932551860809326
0.6932291984558105
0.6931740045547485
0.6931959986686707
0.6932423710823059
0.6932200789451599
0.6931783556938171
0.6932249069213867
0.6932089328765869
0.6932737231254578
0.6931897401809692
0.6931629180908203
0.6931682825088501
0.6932553648948669
0.6932319402694702
0.6932405829429626
0.6932578682899475