test data loss : 0.6931701302528381
test data accyracy : 0.5

training history accuracy
0.512499988079071
0.49791666865348816
0.4933333396911621
0.4950000047683716
0.5020833611488342
0.5020833611488342
0.5020833611488342
0.5020833611488342
0.5020833611488342
0.5020833611488342
0.5020833611488342
0.5020833611488342
0.5020833611488342
0.49791666865348816
0.5020833611488342
0.5020833611488342
0.5020833611488342
0.5020833611488342
0.5020833611488342
0.5020833611488342
0.5020833611488342
0.492083340883255
0.5020833611488342
0.4908333420753479
0.5020833611488342
0.5020833611488342
0.5020833611488342
0.4970833361148834
0.4958333373069763
0.5020833611488342
0.5020833611488342

training history val accuracy
0.5083333253860474
0.5083333253860474
0.49166667461395264
0.49166667461395264
0.49166667461395264
0.49166667461395264
0.49166667461395264
0.49166667461395264
0.49166667461395264
0.49166667461395264
0.49166667461395264
0.49166667461395264
0.49166667461395264
0.49166667461395264
0.49166667461395264
0.49166667461395264
0.49166667461395264
0.49166667461395264
0.49166667461395264
0.49166667461395264
0.49166667461395264
0.49166667461395264
0.49166667461395264
0.49166667461395264
0.49166667461395264
0.49166667461395264
0.49166667461395264
0.49166667461395264
0.49166667461395264
0.49166667461395264
0.49166667461395264

training history loss
0.701215386390686
0.6932268142700195
0.6931872367858887
0.6931724548339844
0.693173348903656
0.6931777596473694
0.6931569576263428
0.693170428276062
0.6931989789009094
0.6931582689285278
0.6931881904602051
0.6931727528572083
0.6931763887405396
0.6932080984115601
0.6931874752044678
0.6931959986686707
0.6931704878807068
0.6931746602058411
0.6932281851768494
0.6931688189506531
0.6931641101837158
0.6931981444358826
0.6931657791137695
0.6931986808776855
0.6932175159454346
0.693171501159668
0.6932312250137329
0.6931838393211365
0.6931858062744141
0.6932079792022705
0.6931718587875366

training history val loss
0.6930555105209351
0.6931427121162415
0.6931527853012085
0.6932066082954407
0.6932446956634521
0.6932476162910461
0.6932218670845032
0.6932010650634766
0.6931920051574707
0.693217396736145
0.6932346820831299
0.6932002305984497
0.6931931972503662
0.6932239532470703
0.6932373642921448
0.6932095885276794
0.6932080984115601
0.6931853294372559
0.6932592391967773
0.6932229399681091
0.6931908130645752
0.6931927800178528
0.6932240724563599
0.6931963562965393
0.693250298500061
0.6931820511817932
0.6931770443916321
0.6932662725448608
0.6931954026222229
0.6932310461997986
0.6932339072227478