test data loss : 0.6931582689285278
test data accyracy : 0.5

training history accuracy
0.4958333373069763
0.49958333373069763
0.4945833384990692
0.49958333373069763
0.49541667103767395
0.5020833611488342
0.5020833611488342
0.5020833611488342
0.49666666984558105
0.5020833611488342
0.4950000047683716
0.4895833432674408
0.5020833611488342
0.4987500011920929
0.5020833611488342
0.5020833611488342
0.5020833611488342
0.4958333373069763
0.5020833611488342
0.5020833611488342
0.4937500059604645
0.4895833432674408
0.5020833611488342
0.5020833611488342
0.5020833611488342
0.5020833611488342
0.5020833611488342
0.5020833611488342
0.4870833456516266
0.5020833611488342
0.5020833611488342

training history val accuracy
0.5083333253860474
0.49166667461395264
0.5083333253860474
0.49166667461395264
0.49166667461395264
0.49166667461395264
0.49166667461395264
0.49166667461395264
0.49166667461395264
0.49166667461395264
0.49166667461395264
0.49166667461395264
0.49166667461395264
0.49166667461395264
0.49166667461395264
0.49166667461395264
0.49166667461395264
0.49166667461395264
0.49166667461395264
0.49166667461395264
0.49166667461395264
0.49166667461395264
0.49166667461395264
0.49166667461395264
0.49166667461395264
0.49166667461395264
0.49166667461395264
0.49166667461395264
0.49166667461395264
0.49166667461395264
0.49166667461395264

training history loss
0.6957374811172485
0.6932109594345093
0.6932216882705688
0.6931778788566589
0.6931809186935425
0.6932291388511658
0.6931685209274292
0.6931723952293396
0.6931912899017334
0.6932045221328735
0.6931564211845398
0.6931750178337097
0.6931936144828796
0.6931679248809814
0.6931780576705933
0.6931850910186768
0.6931593418121338
0.6931715607643127
0.6932369470596313
0.6931852102279663
0.6932004690170288
0.6932111382484436
0.6932207345962524
0.6931901574134827
0.6931631565093994
0.6931630373001099
0.6931789517402649
0.6931889057159424
0.6931924819946289
0.6931616067886353
0.6931638121604919

training history val loss
0.6930798888206482
0.6932153105735779
0.6931410431861877
0.6931991577148438
0.6932107210159302
0.6931833624839783
0.6932064294815063
0.693171501159668
0.6932976245880127
0.6932739615440369
0.6931771636009216
0.6931816935539246
0.6932504773139954
0.6932406425476074
0.693202555179596
0.6932486891746521
0.6932725310325623
0.6932045817375183
0.6933014988899231
0.6932485103607178
0.693169355392456
0.6932010650634766
0.6932435035705566
0.693250298500061
0.693217396736145
0.6932420134544373
0.6932465434074402
0.69322270154953
0.6932068467140198
0.6932222247123718
0.6932642459869385