test data loss : 0.6931477189064026
test data accyracy : 0.5

training history accuracy
0.5066666603088379
0.5020833611488342
0.5020833611488342
0.49291667342185974
0.5020833611488342
0.4962500035762787
0.5020833611488342
0.5020833611488342
0.5020833611488342
0.5020833611488342
0.5020833611488342
0.49666666984558105
0.5020833611488342
0.5020833611488342
0.492083340883255
0.5020833611488342
0.5020833611488342
0.5020833611488342
0.4987500011920929
0.5020833611488342
0.5020833611488342
0.5020833611488342
0.4866666793823242
0.5020833611488342
0.5020833611488342
0.5020833611488342
0.5020833611488342
0.4975000023841858
0.5
0.5020833611488342
0.5020833611488342
0.49041667580604553
0.5020833611488342
0.5020833611488342

training history val accuracy
0.49166667461395264
0.49166667461395264
0.49166667461395264
0.49166667461395264
0.49166667461395264
0.49166667461395264
0.49166667461395264
0.49166667461395264
0.49166667461395264
0.49166667461395264
0.49166667461395264
0.49166667461395264
0.49166667461395264
0.49166667461395264
0.49166667461395264
0.49166667461395264
0.49166667461395264
0.49166667461395264
0.49166667461395264
0.49166667461395264
0.49166667461395264
0.49166667461395264
0.49166667461395264
0.49166667461395264
0.49166667461395264
0.49166667461395264
0.49166667461395264
0.49166667461395264
0.49166667461395264
0.49166667461395264
0.49166667461395264
0.49166667461395264
0.49166667461395264
0.49166667461395264

training history loss
0.6964700818061829
0.6931635141372681
0.6931748390197754
0.6932017207145691
0.6931806206703186
0.6932035088539124
0.6931626796722412
0.6931810975074768
0.6931750774383545
0.6931709051132202
0.6931660175323486
0.6931838393211365
0.6931864619255066
0.6931707859039307
0.693183183670044
0.6931948661804199
0.6931719183921814
0.6931768655776978
0.6931653022766113
0.6931888461112976
0.693155825138092
0.6931806802749634
0.6932260394096375
0.6931743621826172
0.6931666135787964
0.6931737065315247
0.6932007074356079
0.6931653022766113
0.6932011246681213
0.6931772828102112
0.6931746006011963
0.6932059526443481
0.6931840181350708
0.6932008266448975

training history val loss
0.6933421492576599
0.6932687163352966
0.6932833194732666
0.6931648254394531
0.6932287812232971
0.693256139755249
0.6932169198989868
0.6932231187820435
0.6932269334793091
0.6931772232055664
0.6932397484779358
0.6932334899902344
0.6932497024536133
0.6932519674301147
0.693166196346283
0.6932464838027954
0.6932071447372437
0.6932236552238464
0.6931726336479187
0.6932052373886108
0.6932170391082764
0.6932005286216736
0.6932249069213867
0.6931976675987244
0.6932749152183533
0.6932564973831177
0.6932003498077393
0.6932433843612671
0.6932716369628906
0.6932449340820312
0.6932634711265564
0.6931901574134827
0.6932440400123596
0.6932497620582581