test data loss : 0.6931480765342712
test data accyracy : 0.5

training history accuracy
0.4883333444595337
0.5020833611488342
0.5020833611488342
0.5020833611488342
0.5020833611488342
0.49000000953674316
0.5020833611488342
0.5020833611488342
0.49416667222976685
0.5020833611488342
0.5020833611488342
0.5020833611488342
0.5020833611488342
0.5020833611488342
0.5020833611488342
0.5020833611488342
0.5020833611488342
0.5020833611488342
0.49041667580604553
0.5020833611488342
0.492083340883255
0.49291667342185974
0.5020833611488342
0.5020833611488342
0.5020833611488342
0.4933333396911621
0.5020833611488342
0.5020833611488342
0.5020833611488342
0.5020833611488342
0.5020833611488342
0.5020833611488342
0.5020833611488342
0.49416667222976685
0.5020833611488342
0.5020833611488342
0.5020833611488342
0.4970833361148834
0.5020833611488342
0.5020833611488342
0.5020833611488342
0.5020833611488342
0.49916666746139526
0.5020833611488342
0.5020833611488342
0.5020833611488342
0.5020833611488342
0.5020833611488342
0.49666666984558105
0.5020833611488342
0.4854166805744171
0.5020833611488342
0.492083340883255
0.5020833611488342
0.5020833611488342
0.4908333420753479

training history val accuracy
0.49166667461395264
0.49166667461395264
0.49166667461395264
0.49166667461395264
0.49166667461395264
0.49166667461395264
0.49166667461395264
0.49166667461395264
0.49166667461395264
0.49166667461395264
0.49166667461395264
0.49166667461395264
0.49166667461395264
0.49166667461395264
0.49166667461395264
0.49166667461395264
0.49166667461395264
0.49166667461395264
0.49166667461395264
0.49166667461395264
0.49166667461395264
0.49166667461395264
0.49166667461395264
0.49166667461395264
0.49166667461395264
0.49166667461395264
0.49166667461395264
0.49166667461395264
0.49166667461395264
0.49166667461395264
0.49166667461395264
0.49166667461395264
0.49166667461395264
0.49166667461395264
0.49166667461395264
0.49166667461395264
0.49166667461395264
0.49166667461395264
0.49166667461395264
0.49166667461395264
0.49166667461395264
0.49166667461395264
0.49166667461395264
0.49166667461395264
0.49166667461395264
0.49166667461395264
0.49166667461395264
0.49166667461395264
0.49166667461395264
0.49166667461395264
0.49166667461395264
0.49166667461395264
0.49166667461395264
0.49166667461395264
0.49166667461395264
0.49166667461395264

training history loss
0.6931981444358826
0.6931852102279663
0.6931737065315247
0.6931632161140442
0.693192720413208
0.6931908130645752
0.693168580532074
0.6931766867637634
0.6931890845298767
0.6931509375572205
0.6931806206703186
0.6931712627410889
0.6931787729263306
0.693193793296814
0.6931618452072144
0.6931791305541992
0.6931759119033813
0.6931893229484558
0.6931794285774231
0.6931592226028442
0.6932215094566345
0.6932046413421631
0.6931752562522888
0.6931520700454712
0.6932260990142822
0.6931830644607544
0.6932203769683838
0.6931797862052917
0.6932013034820557
0.6931947469711304
0.6931712031364441
0.693162202835083
0.6931623816490173
0.6931918263435364
0.6932758688926697
0.693172037601471
0.6931583285331726
0.6931686401367188
0.6932033896446228
0.6931679844856262
0.6931911706924438
0.6931806206703186
0.6931635737419128
0.6931890845298767
0.6931958794593811
0.6931971311569214
0.6931689381599426
0.6931977272033691
0.6931799650192261
0.6931811571121216
0.6932085156440735
0.6932080388069153
0.6931881904602051
0.6931784152984619
0.6931938529014587
0.6931998133659363

training history val loss
0.6932041049003601
0.6932179927825928
0.6932491064071655
0.6932148337364197
0.693228542804718
0.6932284235954285
0.6932267546653748
0.6932708621025085
0.693202555179596
0.6932714581489563
0.6932857036590576
0.6932696104049683
0.6932191848754883
0.6932365298271179
0.6931835412979126
0.6932336688041687
0.6932395100593567
0.6932061910629272
0.6931785345077515
0.6932224631309509
0.6932593584060669
0.6932634711265564
0.693210780620575
0.6932368278503418
0.6931936144828796
0.6931711435317993
0.6932361125946045
0.693192183971405
0.6931712627410889
0.6932409405708313
0.6931814551353455
0.6932247877120972
0.693199872970581
0.6932267546653748
0.6933566927909851
0.6931968331336975
0.6931838989257812
0.6932336688041687
0.693304181098938
0.6931934356689453
0.6932122707366943
0.6931842565536499
0.6932547688484192
0.6932438611984253
0.6932768821716309
0.6932671666145325
0.6932012438774109
0.6932235956192017
0.6932277679443359
0.6932825446128845
0.6931787729263306
0.6931973695755005
0.6932113766670227
0.6932621598243713
0.6932711005210876
0.693210780620575