test data loss : 0.6931489109992981
test data accyracy : 0.5

training history accuracy
0.4908333420753479
0.48750001192092896
0.49291667342185974
0.5016666650772095
0.49416667222976685
0.5020833611488342
0.5020833611488342
0.5020833611488342
0.5020833611488342
0.5020833611488342
0.49291667342185974
0.5020833611488342
0.49958333373069763
0.49416667222976685
0.5020833611488342
0.5020833611488342
0.5020833611488342
0.4950000047683716
0.5020833611488342
0.5020833611488342
0.5020833611488342
0.48875001072883606
0.49166667461395264
0.5020833611488342
0.5020833611488342
0.5020833611488342
0.5020833611488342
0.4879166781902313
0.4970833361148834
0.5020833611488342
0.5020833611488342

training history val accuracy
0.5083333253860474
0.49166667461395264
0.5083333253860474
0.49166667461395264
0.49166667461395264
0.49166667461395264
0.49166667461395264
0.49166667461395264
0.49166667461395264
0.49166667461395264
0.49166667461395264
0.49166667461395264
0.49166667461395264
0.49166667461395264
0.49166667461395264
0.49166667461395264
0.49166667461395264
0.49166667461395264
0.49166667461395264
0.49166667461395264
0.49166667461395264
0.49166667461395264
0.49166667461395264
0.49166667461395264
0.49166667461395264
0.49166667461395264
0.49166667461395264
0.49166667461395264
0.49166667461395264
0.49166667461395264
0.49166667461395264

training history loss
0.6935869455337524
0.6931771039962769
0.6932277679443359
0.6931752562522888
0.6931754350662231
0.6931639909744263
0.6931667327880859
0.6931778192520142
0.6931756734848022
0.6931769847869873
0.6932294368743896
0.6931747794151306
0.6931667923927307
0.6931827068328857
0.6931867003440857
0.693166196346283
0.6932239532470703
0.6931752562522888
0.6931772828102112
0.6931792497634888
0.6931655406951904
0.6932071447372437
0.6931943893432617
0.6931880116462708
0.6931865215301514
0.6931771039962769
0.6931914687156677
0.6932534575462341
0.6931914687156677
0.6931872367858887
0.693196713924408

training history val loss
0.6931182146072388
0.6931968331336975
0.6931465864181519
0.693193256855011
0.6932272911071777
0.6932520270347595
0.6931996941566467
0.6932783722877502
0.6932549476623535
0.693210780620575
0.693148672580719
0.6932532787322998
0.6932135224342346
0.6932036876678467
0.6932332515716553
0.6932496428489685
0.6932218670845032
0.6931807994842529
0.6932485699653625
0.6932163238525391
0.6932458281517029
0.693221926689148
0.6932407021522522
0.6932353973388672
0.693239152431488
0.6932079195976257
0.6932533979415894
0.693206250667572
0.6932576298713684
0.6932314038276672
0.6931889057159424