test data loss : 0.022426707670092583
test data accyracy : 0.996999979019165

training history accuracy
0.4983333349227905
0.5454166531562805
0.9089583158493042
0.9697916507720947
0.9804166555404663
0.984375
0.9860416650772095
0.9902083277702332
0.9918749928474426
0.9902083277702332
0.9935416579246521
0.9962499737739563
0.9977083206176758
0.9993749856948853
1.0
1.0
0.9991666674613953
0.9950000047683716
1.0
1.0
1.0
1.0
1.0
1.0
1.0
1.0
1.0
1.0
1.0
1.0
1.0
1.0
1.0
1.0
1.0
1.0
1.0
1.0
1.0
1.0
1.0
1.0
1.0
1.0

training history val accuracy
0.5091666579246521
0.85916668176651
0.9616666436195374
0.9808333516120911
0.9783333539962769
0.9783333539962769
0.9858333468437195
0.9766666889190674
0.9933333396911621
0.9825000166893005
0.9900000095367432
0.9883333444595337
0.9925000071525574
0.9916666746139526
0.9900000095367432
0.987500011920929
0.9758333563804626
0.9916666746139526
0.9891666769981384
0.9916666746139526
0.9916666746139526
0.9908333420753479
0.9908333420753479
0.9908333420753479
0.9916666746139526
0.9916666746139526
0.9916666746139526
0.9916666746139526
0.9908333420753479
0.9908333420753479
0.9916666746139526
0.9916666746139526
0.9908333420753479
0.9916666746139526
0.9908333420753479
0.9908333420753479
0.9916666746139526
0.9908333420753479
0.9916666746139526
0.9916666746139526
0.9916666746139526
0.9916666746139526
0.9916666746139526
0.9916666746139526

training history loss
0.6974286437034607
0.6889702081680298
0.26228880882263184
0.08497796952724457
0.06319782882928848
0.04305049404501915
0.039437297731637955
0.0335470512509346
0.028124548494815826
0.02828894928097725
0.018325941637158394
0.010480358265340328
0.008988318033516407
0.0035054092295467854
0.0017065630527213216
0.001676762942224741
0.002931953640654683
0.013319877907633781
0.0006463265744969249
0.0005207372014410794
0.00035272701643407345
0.00020171910000499338
0.00016502277867402881
0.00014568849292118102
0.00013598946679849178
0.0001355785207124427
0.00011834458564408123
9.187719115288928e-05
8.041209366638213e-05
8.348190749529749e-05
7.662401185370982e-05
7.28613740648143e-05
5.983585651847534e-05
5.1620405429275706e-05
4.975677438778803e-05
4.460891796043143e-05
4.8610039812047035e-05
3.9283360820263624e-05
3.611088322941214e-05
3.366634336998686e-05
3.150272823404521e-05
3.4021093597402796e-05
2.8009873858536594e-05
2.4669958293088712e-05

training history val loss
0.6931251287460327
0.6415992975234985
0.12461122870445251
0.0669022873044014
0.06516113132238388
0.05967722460627556
0.037747934460639954
0.06482135504484177
0.028372764587402344
0.044789720326662064
0.02460877224802971
0.023622464388608932
0.02121107652783394
0.019594110548496246
0.022403351962566376
0.036369405686855316
0.07202473282814026
0.024800222367048264
0.019773487001657486
0.020896242931485176
0.019949570298194885
0.024404609575867653
0.024613022804260254
0.024095579981803894
0.033773042261600494
0.022899499163031578
0.02190791629254818
0.023600248619914055
0.0286197979003191
0.02732323296368122
0.022090597078204155
0.022944152355194092
0.026304347440600395
0.024755064398050308
0.027671445161104202
0.02831791527569294
0.02608715184032917
0.02722804993391037
0.02400386892259121
0.02375207282602787
0.023391220718622208
0.021754169836640358
0.027027904987335205
0.029653113335371017