test data loss : 0.6931474804878235
test data accyracy : 0.5

training history accuracy
0.49166667461395264
0.5008333325386047
0.5020833611488342
0.5020833611488342
0.4983333349227905
0.5020833611488342
0.5020833611488342
0.4933333396911621
0.5020833611488342
0.49416667222976685
0.4933333396911621
0.5020833611488342
0.49166667461395264
0.5020833611488342
0.5020833611488342
0.5020833611488342
0.5020833611488342
0.5020833611488342
0.49791666865348816
0.5
0.5020833611488342
0.5020833611488342
0.4950000047683716
0.5020833611488342
0.5020833611488342
0.5020833611488342
0.49416667222976685
0.5020833611488342
0.5020833611488342
0.5020833611488342
0.5020833611488342

training history val accuracy
0.5083333253860474
0.49166667461395264
0.49166667461395264
0.49166667461395264
0.49166667461395264
0.49166667461395264
0.49166667461395264
0.49166667461395264
0.49166667461395264
0.49166667461395264
0.49166667461395264
0.49166667461395264
0.49166667461395264
0.49166667461395264
0.49166667461395264
0.49166667461395264
0.49166667461395264
0.49166667461395264
0.49166667461395264
0.49166667461395264
0.49166667461395264
0.49166667461395264
0.49166667461395264
0.49166667461395264
0.49166667461395264
0.49166667461395264
0.49166667461395264
0.49166667461395264
0.49166667461395264
0.49166667461395264
0.49166667461395264

training history loss
0.6937858462333679
0.6931915283203125
0.6931560039520264
0.6931934952735901
0.6932435035705566
0.6931692361831665
0.6931840777397156
0.6931949853897095
0.6931923031806946
0.6932112574577332
0.6932302117347717
0.6931988596916199
0.6932368874549866
0.6931812763214111
0.6931740045547485
0.6931597590446472
0.6931698322296143
0.6931903958320618
0.6931957602500916
0.693361759185791
0.6932163238525391
0.6931644082069397
0.6931968331336975
0.6931610703468323
0.6931604743003845
0.6931800246238708
0.6931827664375305
0.6932027339935303
0.6931644678115845
0.6932247281074524
0.6932045221328735

training history val loss
0.6931324005126953
0.6932263970375061
0.6932461857795715
0.6932361721992493
0.693164050579071
0.6932052969932556
0.693236768245697
0.6931915283203125
0.6931748986244202
0.6932745575904846
0.6932085752487183
0.6933080554008484
0.6932029724121094
0.693271815776825
0.6932325959205627
0.6931809782981873
0.6932103037834167
0.6931952238082886
0.6932128071784973
0.6932230591773987
0.6932465434074402
0.6932079792022705
0.6931575536727905
0.6932350397109985
0.6932258009910583
0.6931768655776978
0.6931909918785095
0.6932520866394043
0.6932638883590698
0.693196713924408
0.6932426691055298