test data loss : 0.028724240139126778
test data accyracy : 0.9940000176429749

training history accuracy
0.5018749833106995
0.5035416483879089
0.7620833516120911
0.9477083086967468
0.9714583158493042
0.9791666865348816
0.981458306312561
0.9833333492279053
0.9862499833106995
0.9887499809265137
0.9885416626930237
0.9908333420753479
0.9912499785423279
0.9910416603088379
0.9918749928474426
0.9950000047683716
0.9947916865348816
0.9956250190734863
0.9960416555404663
0.9958333373069763
0.9987499713897705
0.9908333420753479
0.9993749856948853
0.9989583492279053
1.0
0.9989583492279053
1.0
1.0
1.0
1.0
1.0
1.0
1.0
1.0
1.0
1.0
1.0
1.0
1.0
1.0
1.0
1.0
1.0
1.0
1.0
1.0
1.0
1.0
1.0
1.0
1.0
1.0
1.0
1.0
1.0
1.0
1.0
1.0

training history val accuracy
0.5083333253860474
0.5083333253860474
0.925000011920929
0.9708333611488342
0.9750000238418579
0.9800000190734863
0.9791666865348816
0.9825000166893005
0.9808333516120911
0.9708333611488342
0.9866666793823242
0.9866666793823242
0.9850000143051147
0.9800000190734863
0.9916666746139526
0.9925000071525574
0.9850000143051147
0.987500011920929
0.9916666746139526
0.9916666746139526
0.9866666793823242
0.9908333420753479
0.9850000143051147
0.9925000071525574
0.9908333420753479
0.9925000071525574
0.9916666746139526
0.9925000071525574
0.9900000095367432
0.9925000071525574
0.9916666746139526
0.9925000071525574
0.9900000095367432
0.9925000071525574
0.9908333420753479
0.9933333396911621
0.9908333420753479
0.9925000071525574
0.9933333396911621
0.9933333396911621
0.9925000071525574
0.9933333396911621
0.9933333396911621
0.9933333396911621
0.9925000071525574
0.9925000071525574
0.9933333396911621
0.9933333396911621
0.9916666746139526
0.9908333420753479
0.9916666746139526
0.9925000071525574
0.9933333396911621
0.9925000071525574
0.9933333396911621
0.9916666746139526
0.9908333420753479
0.9916666746139526

training history loss
0.6955432891845703
0.693769097328186
0.46929076313972473
0.14001639187335968
0.07917015999555588
0.0646272748708725
0.056425705552101135
0.0509890541434288
0.04439595341682434
0.03994162380695343
0.03252518177032471
0.027698107063770294
0.030462440103292465
0.02477450482547283
0.0243894774466753
0.018901806324720383
0.015117683447897434
0.012233254499733448
0.012083316221833229
0.01078791357576847
0.004539178218692541
0.020659994333982468
0.00290248217061162
0.0035063079558312893
0.0011856816709041595
0.004148964770138264
0.0009173387079499662
0.0004827765515074134
0.0003363922005519271
0.0002535113599151373
0.0002108447952196002
0.00019030144903808832
0.0001588570448802784
0.0001460717903682962
0.00014019265654496849
0.00013762572780251503
0.00010587360884528607
0.00010437548189656809
8.57028499012813e-05
8.165121835190803e-05
7.991117308847606e-05
6.91922105033882e-05
5.50797012692783e-05
5.402480383054353e-05
4.8288606194546446e-05
4.6962013584561646e-05
4.359275408205576e-05
3.977166852564551e-05
3.749622919713147e-05
3.481726162135601e-05
3.3920547139132395e-05
3.400132845854387e-05
2.918156133091543e-05
2.6738494852907024e-05
2.631175630085636e-05
2.222144576080609e-05
2.4773913537501357e-05
2.2683920178678818e-05

training history val loss
0.692989706993103
0.690691351890564
0.3250998258590698
0.08074057102203369
0.07315811514854431
0.05776892229914665
0.05206889659166336
0.05220425873994827
0.05476301163434982
0.0987682193517685
0.032878488302230835
0.03814450278878212
0.038600824773311615
0.05260082706809044
0.02483181469142437
0.023114191368222237
0.033351488411426544
0.03043864294886589
0.020364323630928993
0.02042882703244686
0.0314597487449646
0.02296457253396511
0.044127412140369415
0.01982341706752777
0.024296371266245842
0.02191690169274807
0.022609306499361992
0.01974981464445591
0.02632531337440014
0.023749088868498802
0.024582384154200554
0.02262909524142742
0.031934987753629684
0.02467907778918743
0.03661882504820824
0.02319556474685669
0.027632087469100952
0.022182073444128036
0.02312885783612728
0.023822659626603127
0.022383855655789375
0.023919379338622093
0.023524615913629532
0.02515094354748726
0.02273385040462017
0.02353578247129917
0.023944372311234474
0.025436604395508766
0.026781082153320312
0.030169378966093063
0.027232512831687927
0.02668849565088749
0.0250923503190279
0.02381754480302334
0.025457169860601425
0.027646636590361595
0.029734497889876366
0.027293961495161057