test data loss : 0.6931491494178772
test data accyracy : 0.5

training history accuracy
0.4958333373069763
0.49416667222976685
0.49312499165534973
0.4937500059604645
0.49666666984558105
0.5020833611488342
0.5020833611488342
0.5020833611488342
0.5020833611488342
0.5020833611488342
0.4895833432674408
0.5020833611488342
0.5020833611488342
0.5020833611488342
0.4879166781902313
0.5020833611488342
0.5020833611488342
0.4933333396911621
0.5020833611488342
0.5020833611488342
0.4933333396911621
0.49125000834465027
0.5020833611488342
0.5020833611488342
0.5020833611488342
0.5020833611488342
0.5020833611488342
0.5020833611488342
0.5020833611488342
0.4854166805744171
0.5045833587646484
0.5020833611488342
0.5020833611488342

training history val accuracy
0.49166667461395264
0.49166667461395264
0.5083333253860474
0.49166667461395264
0.49166667461395264
0.49166667461395264
0.49166667461395264
0.49166667461395264
0.49166667461395264
0.49166667461395264
0.49166667461395264
0.49166667461395264
0.49166667461395264
0.49166667461395264
0.49166667461395264
0.49166667461395264
0.49166667461395264
0.49166667461395264
0.49166667461395264
0.49166667461395264
0.49166667461395264
0.49166667461395264
0.49166667461395264
0.49166667461395264
0.49166667461395264
0.49166667461395264
0.49166667461395264
0.49166667461395264
0.49166667461395264
0.5083333253860474
0.49166667461395264
0.49166667461395264
0.49166667461395264

training history loss
0.6995258927345276
0.6946455836296082
0.6933536529541016
0.6932226419448853
0.6931669116020203
0.6931670904159546
0.6931717395782471
0.6931878924369812
0.6931764483451843
0.6932191252708435
0.6932121515274048
0.6931641697883606
0.6931809782981873
0.6931872963905334
0.6932581067085266
0.6931858062744141
0.693202793598175
0.6931760907173157
0.6931809782981873
0.6932016611099243
0.6932007074356079
0.6931835412979126
0.6931800246238708
0.6931862235069275
0.6931748986244202
0.6931674480438232
0.6931663751602173
0.6931750774383545
0.6932021975517273
0.693256139755249
0.6931563019752502
0.6931663751602173
0.6931551098823547

training history val loss
0.693136990070343
0.714782178401947
0.6931163668632507
0.693155825138092
0.6932032108306885
0.693215012550354
0.6932216882705688
0.6932302713394165
0.6931838989257812
0.6932432651519775
0.6932066082954407
0.6932542324066162
0.6932336688041687
0.6932395696640015
0.6932377815246582
0.6932525634765625
0.6932211518287659
0.6931880712509155
0.6932871341705322
0.6931926608085632
0.693179190158844
0.6932123899459839
0.693214476108551
0.6932969689369202
0.6931774616241455
0.6932510137557983
0.6932071447372437
0.6932334899902344
0.6932496428489685
0.6931450963020325
0.693252682685852
0.693234384059906
0.6932398080825806