test data loss : 0.6931472420692444
test data accyracy : 0.5

training history accuracy
0.4964583218097687
0.4958333373069763
0.5020833611488342
0.49416667222976685
0.5020833611488342
0.5020833611488342
0.5020833611488342
0.5020833611488342
0.5020833611488342
0.5020833611488342
0.49166667461395264
0.5020833611488342
0.5020833611488342
0.5020833611488342
0.5020833611488342
0.49416667222976685
0.5020833611488342
0.5020833611488342
0.5020833611488342
0.5020833611488342
0.5020833611488342
0.5020833611488342
0.5020833611488342
0.5020833611488342
0.5020833611488342
0.5020833611488342
0.4895833432674408
0.5020833611488342
0.5020833611488342
0.49166667461395264
0.5020833611488342
0.48875001072883606
0.5020833611488342
0.5020833611488342
0.5020833611488342
0.492083340883255
0.4762499928474426
0.5020833611488342
0.5020833611488342
0.5020833611488342
0.5020833611488342
0.49291667342185974
0.5020833611488342
0.5020833611488342
0.49666666984558105
0.5020833611488342
0.5020833611488342
0.5020833611488342
0.5020833611488342
0.49541667103767395
0.4945833384990692
0.49125000834465027
0.5020833611488342
0.5020833611488342
0.49291667342185974
0.5020833611488342
0.5020833611488342
0.5020833611488342
0.5020833611488342
0.5020833611488342
0.5020833611488342
0.5020833611488342
0.4958333373069763
0.48500001430511475
0.5020833611488342
0.5020833611488342
0.5020833611488342
0.4925000071525574
0.5020833611488342
0.4908333420753479
0.49416667222976685
0.5020833611488342
0.5020833611488342
0.5020833611488342
0.5020833611488342
0.5020833611488342
0.5020833611488342
0.4925000071525574
0.5020833611488342
0.5020833611488342

training history val accuracy
0.49166667461395264
0.49166667461395264
0.49166667461395264
0.49166667461395264
0.49166667461395264
0.49166667461395264
0.49166667461395264
0.49166667461395264
0.49166667461395264
0.49166667461395264
0.49166667461395264
0.49166667461395264
0.49166667461395264
0.49166667461395264
0.49166667461395264
0.49166667461395264
0.49166667461395264
0.49166667461395264
0.49166667461395264
0.49166667461395264
0.49166667461395264
0.49166667461395264
0.49166667461395264
0.49166667461395264
0.49166667461395264
0.49166667461395264
0.49166667461395264
0.49166667461395264
0.49166667461395264
0.49166667461395264
0.49166667461395264
0.49166667461395264
0.49166667461395264
0.49166667461395264
0.49166667461395264
0.49166667461395264
0.49166667461395264
0.49166667461395264
0.49166667461395264
0.49166667461395264
0.49166667461395264
0.49166667461395264
0.49166667461395264
0.49166667461395264
0.49166667461395264
0.49166667461395264
0.49166667461395264
0.49166667461395264
0.49166667461395264
0.49166667461395264
0.49166667461395264
0.49166667461395264
0.49166667461395264
0.49166667461395264
0.49166667461395264
0.49166667461395264
0.49166667461395264
0.49166667461395264
0.49166667461395264
0.49166667461395264
0.49166667461395264
0.49166667461395264
0.49166667461395264
0.49166667461395264
0.49166667461395264
0.49166667461395264
0.49166667461395264
0.49166667461395264
0.49166667461395264
0.49166667461395264
0.49166667461395264
0.49166667461395264
0.49166667461395264
0.49166667461395264
0.49166667461395264
0.49166667461395264
0.49166667461395264
0.49166667461395264
0.49166667461395264
0.49166667461395264

training history loss
0.6989971399307251
0.6934548020362854
0.6932185888290405
0.6931947469711304
0.6931553483009338
0.6932024359703064
0.6931642293930054
0.6932121515274048
0.6931614279747009
0.693190336227417
0.6932125687599182
0.6932016611099243
0.6931816935539246
0.6932136416435242
0.6931800246238708
0.6931906342506409
0.6932123899459839
0.693169355392456
0.6931809186935425
0.6931563019752502
0.6931691765785217
0.6931860446929932
0.6931790709495544
0.6931824684143066
0.6931939125061035
0.6931580305099487
0.6931857466697693
0.6931720972061157
0.6931729316711426
0.6932311058044434
0.693181574344635
0.6932117938995361
0.6931859254837036
0.6931665539741516
0.6931901574134827
0.693202793598175
0.6932242512702942
0.6931905150413513
0.693175733089447
0.6931934356689453
0.6931678056716919
0.6931837797164917
0.693202793598175
0.6932026743888855
0.6931729912757874
0.6931670904159546
0.6931965351104736
0.6932387948036194
0.6931618452072144
0.6931899785995483
0.6931896209716797
0.6931918859481812
0.6932066679000854
0.6931867599487305
0.6931917071342468
0.6931663751602173
0.6931807398796082
0.693187415599823
0.6931974291801453
0.6931729912757874
0.6931992173194885
0.6931616067886353
0.6931791305541992
0.6932576894760132
0.6931626200675964
0.6931747198104858
0.6931788325309753
0.6932044625282288
0.6931641101837158
0.6932072043418884
0.6932336688041687
0.6931870579719543
0.6931933760643005
0.6932119131088257
0.6931648254394531
0.6931605339050293
0.6931614279747009
0.6931753754615784
0.6931667327880859
0.6932106614112854

training history val loss
0.6932619214057922
0.6953115463256836
0.6932387948036194
0.6932332515716553
0.6932697296142578
0.693291425704956
0.693210780620575
0.6932280659675598
0.6932076215744019
0.6931982636451721
0.6931864023208618
0.6932323575019836
0.6931833624839783
0.693216860294342
0.6932071447372437
0.693213701248169
0.6932350993156433
0.6932054162025452
0.6932538151741028
0.6931767463684082
0.6932218670845032
0.693207323551178
0.6932204961776733
0.6932151317596436
0.6932433843612671
0.6931701302528381
0.6932218670845032
0.6932005882263184
0.693244993686676
0.6932520866394043
0.6932674050331116
0.6931610703468323
0.693329393863678
0.693214476108551
0.6932874917984009
0.6932092905044556
0.6932646036148071
0.693263053894043
0.6932445764541626
0.6932213306427002
0.6932029128074646
0.6932377815246582
0.6932244896888733
0.6932001709938049
0.6932080984115601
0.6932140588760376
0.693240225315094
0.6931812763214111
0.6931760311126709
0.6931565999984741
0.6932278275489807
0.6932123303413391
0.6932356953620911
0.6932490468025208
0.6932717561721802
0.6932095885276794
0.6932352781295776
0.6931719183921814
0.6932019591331482
0.6932156085968018
0.6932716965675354
0.6932374835014343
0.693172812461853
0.6932358145713806
0.6932457685470581
0.6932206153869629
0.6931921243667603
0.6932436227798462
0.6932267546653748
0.6932151317596436
0.6932966709136963
0.693271279335022
0.6932269930839539
0.6932393908500671
0.6932368874549866
0.6932494640350342
0.6932492852210999
0.6932308673858643
0.693280816078186
0.6931905150413513