test data loss : 0.693157434463501
test data accyracy : 0.5

training history accuracy
0.49937498569488525
0.4983333349227905
0.5020833611488342
0.5020833611488342
0.5020833611488342
0.5020833611488342
0.5020833611488342
0.5020833611488342
0.5020833611488342
0.5020833611488342
0.5020833611488342
0.4983333349227905
0.5020833611488342
0.4891666769981384
0.502916693687439
0.49166667461395264
0.5020833611488342
0.5020833611488342
0.5020833611488342
0.5020833611488342
0.5020833611488342
0.4845833480358124
0.5020833611488342
0.5020833611488342
0.492083340883255
0.5020833611488342
0.5020833611488342
0.5020833611488342
0.5020833611488342
0.5020833611488342
0.5020833611488342

training history val accuracy
0.5083333253860474
0.49166667461395264
0.49166667461395264
0.49166667461395264
0.49166667461395264
0.49166667461395264
0.49166667461395264
0.49166667461395264
0.49166667461395264
0.49166667461395264
0.49166667461395264
0.49166667461395264
0.49166667461395264
0.5083333253860474
0.49166667461395264
0.49166667461395264
0.49166667461395264
0.49166667461395264
0.49166667461395264
0.49166667461395264
0.49166667461395264
0.49166667461395264
0.49166667461395264
0.49166667461395264
0.49166667461395264
0.49166667461395264
0.49166667461395264
0.49166667461395264
0.49166667461395264
0.49166667461395264
0.49166667461395264

training history loss
0.7052764296531677
0.6932001709938049
0.6931989789009094
0.6932355761528015
0.6931912302970886
0.6932088136672974
0.6931760907173157
0.6931976079940796
0.693155825138092
0.6931577324867249
0.6931720972061157
0.6931794285774231
0.6931881308555603
0.6932475566864014
0.6931913495063782
0.6932117938995361
0.6931912899017334
0.6931532025337219
0.6931622624397278
0.6932078003883362
0.6932309865951538
0.6932002305984497
0.6931622624397278
0.6931878924369812
0.6931900978088379
0.6931595802307129
0.6931849718093872
0.6931619644165039
0.6931599378585815
0.6931568384170532
0.6931830048561096

training history val loss
0.6931087374687195
0.6932101249694824
0.6932628750801086
0.6932812929153442
0.6932179927825928
0.6932017803192139
0.6932437419891357
0.6932640075683594
0.6932148337364197
0.6931812763214111
0.6931971311569214
0.6932067275047302
0.693251371383667
0.6931462287902832
0.6932714581489563
0.6932303309440613
0.693257749080658
0.6932078003883362
0.6932306885719299
0.6932553648948669
0.6932787299156189
0.6932017803192139
0.6932281851768494
0.6932235360145569
0.6932323575019836
0.6932508945465088
0.6932121515274048
0.6932079792022705
0.6932315826416016
0.6932193040847778
0.6932398676872253