test data loss : 0.6929937601089478
test data accyracy : 0.5

training history accuracy
0.49937498569488525
0.5077083110809326
0.48750001192092896
0.49916666746139526
0.5020833611488342
0.49541667103767395
0.5020833611488342
0.4925000071525574
0.5020833611488342
0.5020833611488342
0.5020833611488342
0.5020833611488342
0.5020833611488342
0.5020833611488342
0.4937500059604645
0.5020833611488342
0.5020833611488342
0.5020833611488342
0.5020833611488342
0.5020833611488342
0.5020833611488342
0.5020833611488342
0.5020833611488342
0.5020833611488342
0.4866666793823242
0.4958333373069763
0.5020833611488342
0.5020833611488342
0.5020833611488342
0.5020833611488342
0.5020833611488342
0.5020833611488342

training history val accuracy
0.49166667461395264
0.5083333253860474
0.5083333253860474
0.49166667461395264
0.49166667461395264
0.49166667461395264
0.49166667461395264
0.49166667461395264
0.49166667461395264
0.49166667461395264
0.49166667461395264
0.49166667461395264
0.49166667461395264
0.49166667461395264
0.49166667461395264
0.49166667461395264
0.49166667461395264
0.49166667461395264
0.49166667461395264
0.49166667461395264
0.49166667461395264
0.49166667461395264
0.49166667461395264
0.49166667461395264
0.49166667461395264
0.49166667461395264
0.49166667461395264
0.49166667461395264
0.49166667461395264
0.49166667461395264
0.49166667461395264
0.49166667461395264

training history loss
0.6967546939849854
0.6931156516075134
0.6932135820388794
0.6931905150413513
0.6931682825088501
0.6931853294372559
0.6931633353233337
0.6931988000869751
0.6931774616241455
0.6931673884391785
0.6931837201118469
0.6931709051132202
0.693213701248169
0.6931924223899841
0.6931798458099365
0.6931697130203247
0.6931745409965515
0.6931943893432617
0.6931739449501038
0.6932109594345093
0.6931968331336975
0.69319748878479
0.6931676864624023
0.6931835412979126
0.6932212710380554
0.6931796073913574
0.6931896805763245
0.6931740641593933
0.6932246088981628
0.6931986212730408
0.6931591629981995
0.6931858062744141

training history val loss
0.693251371383667
0.6929492354393005
0.693116307258606
0.6931560635566711
0.6932323575019836
0.6931960582733154
0.6932455897331238
0.6932674050331116
0.6932569742202759
0.6932426691055298
0.6932526230812073
0.693210780620575
0.6932934522628784
0.6931963562965393
0.6931886076927185
0.693196177482605
0.6932868957519531
0.6932582855224609
0.6932173371315002
0.6932901740074158
0.6932322978973389
0.693242609500885
0.6932047605514526
0.6932153105735779
0.6931988596916199
0.6932095885276794
0.6932489275932312
0.6932327151298523
0.6932655572891235
0.6932469606399536
0.6931745409965515
0.6931835412979126