test data loss : 0.6931474208831787
test data accyracy : 0.5

training history accuracy
0.5054166913032532
0.4908333420753479
0.48124998807907104
0.5020833611488342
0.5020833611488342
0.4937500059604645
0.5020833611488342
0.5020833611488342
0.5020833611488342
0.5020833611488342
0.5020833611488342
0.5020833611488342
0.5020833611488342
0.5020833611488342
0.49291667342185974
0.5020833611488342
0.5020833611488342
0.5020833611488342
0.5020833611488342
0.5020833611488342
0.5020833611488342
0.4950000047683716
0.4958333373069763
0.5020833611488342
0.5020833611488342
0.5020833611488342
0.5020833611488342
0.5020833611488342
0.5020833611488342
0.4883333444595337
0.5020833611488342
0.49916666746139526

training history val accuracy
0.49166667461395264
0.49166667461395264
0.49166667461395264
0.49166667461395264
0.49166667461395264
0.49166667461395264
0.49166667461395264
0.49166667461395264
0.49166667461395264
0.49166667461395264
0.49166667461395264
0.49166667461395264
0.49166667461395264
0.49166667461395264
0.49166667461395264
0.49166667461395264
0.49166667461395264
0.49166667461395264
0.49166667461395264
0.49166667461395264
0.49166667461395264
0.49166667461395264
0.49166667461395264
0.49166667461395264
0.49166667461395264
0.49166667461395264
0.49166667461395264
0.49166667461395264
0.49166667461395264
0.49166667461395264
0.49166667461395264
0.49166667461395264

training history loss
0.6997612714767456
0.6932176351547241
0.6931844353675842
0.6931790709495544
0.6931806206703186
0.6931793689727783
0.6931621432304382
0.6931652426719666
0.6931681632995605
0.6931811571121216
0.693169116973877
0.6931785345077515
0.6931749582290649
0.6931578516960144
0.6931701898574829
0.6932094693183899
0.6931972503662109
0.6931825876235962
0.6931686401367188
0.6931658387184143
0.6931874752044678
0.6931854486465454
0.6931995749473572
0.6931656002998352
0.6931828260421753
0.69317626953125
0.6932090520858765
0.6931585669517517
0.6932511329650879
0.6932389736175537
0.693177342414856
0.6931791305541992

training history val loss
0.6931601166725159
0.6931582689285278
0.693228006362915
0.6932215094566345
0.6931781768798828
0.6932414174079895
0.6932119727134705
0.6932109594345093
0.6932066082954407
0.6932270526885986
0.6932162642478943
0.6932437419891357
0.693280816078186
0.6932042241096497
0.6931847333908081
0.6931601762771606
0.6932773590087891
0.6931948065757751
0.6932411789894104
0.6932318210601807
0.6932790875434875
0.6931807994842529
0.6932433843612671
0.6932644248008728
0.6931840777397156
0.6932559609413147
0.6932374835014343
0.6932012438774109
0.6932463645935059
0.6932157874107361
0.6932156085968018
0.6931646466255188