test data loss : 0.01920853555202484
test data accyracy : 0.996999979019165

training history accuracy
0.5110416412353516
0.4937500059604645
0.5397916436195374
0.7727083563804626
0.9641666412353516
0.9764583110809326
0.9754166603088379
0.9797916412353516
0.9827083349227905
0.9768750071525574
0.9881250262260437
0.9902083277702332
0.987500011920929
0.9908333420753479
0.9906250238418579
0.9925000071525574
0.9929166436195374
0.9935416579246521
0.9943749904632568
0.9947916865348816
0.9925000071525574
0.9945833086967468
0.9945833086967468
0.9954166412353516
0.9952083230018616
0.996874988079071
0.9960416555404663
0.9950000047683716
0.9960416555404663
0.9981250166893005
0.9993749856948853
0.9989583492279053
0.9858333468437195
0.9962499737739563
0.9979166388511658
0.9989583492279053
0.9989583492279053
1.0
1.0
1.0
1.0
1.0
1.0
1.0
1.0
1.0
1.0
1.0
1.0
1.0
1.0
1.0
1.0
1.0
1.0
1.0
1.0
1.0
1.0
1.0
1.0

training history val accuracy
0.49166667461395264
0.6733333468437195
0.49166667461395264
0.9566666483879089
0.9708333611488342
0.9741666913032532
0.9750000238418579
0.9766666889190674
0.9741666913032532
0.9725000262260437
0.9775000214576721
0.9850000143051147
0.9775000214576721
0.9850000143051147
0.9866666793823242
0.9883333444595337
0.9891666769981384
0.9883333444595337
0.9900000095367432
0.9816666841506958
0.9858333468437195
0.9908333420753479
0.9783333539962769
0.9883333444595337
0.9933333396911621
0.9891666769981384
0.9925000071525574
0.9891666769981384
0.9916666746139526
0.9916666746139526
0.9933333396911621
0.9825000166893005
0.9825000166893005
0.9866666793823242
0.9891666769981384
0.9908333420753479
0.9925000071525574
0.9916666746139526
0.9925000071525574
0.9916666746139526
0.9925000071525574
0.9933333396911621
0.9925000071525574
0.9925000071525574
0.9916666746139526
0.9933333396911621
0.9925000071525574
0.9925000071525574
0.9925000071525574
0.9925000071525574
0.9925000071525574
0.9925000071525574
0.9925000071525574
0.9941666722297668
0.9933333396911621
0.9925000071525574
0.9925000071525574
0.9941666722297668
0.9925000071525574
0.9941666722297668
0.9941666722297668

training history loss
0.6989274024963379
0.6932396292686462
0.6926101446151733
0.5284191966056824
0.1058516800403595
0.06990686058998108
0.0696919709444046
0.056307610124349594
0.05095430836081505
0.06936682760715485
0.03619113937020302
0.03278820216655731
0.04278634861111641
0.026402141898870468
0.02702045440673828
0.02497558481991291
0.02099517360329628
0.020042089745402336
0.020238840952515602
0.01719193533062935
0.021308796480298042
0.01712881587445736
0.016341660171747208
0.014755919575691223
0.014338111504912376
0.009058857336640358
0.013149295933544636
0.011423449963331223
0.009034926071763039
0.005515247583389282
0.0028393231332302094
0.003273461712524295
0.04373469948768616
0.012695667333900928
0.0070891412906348705
0.003755626967176795
0.0031208274886012077
0.0011289664544165134
0.0008845881675370038
0.0006377730751410127
0.00045290603884495795
0.00032386553357355297
0.0004221565031912178
0.00028551649302244186
0.00028769715572707355
0.0002550434146542102
0.00021179948817007244
0.00014962852583266795
0.0001470347779104486
0.0001229485060321167
0.00011576448741834611
9.566839435137808e-05
9.747480362420902e-05
8.892166806617752e-05
8.474851347273216e-05
7.175774953793734e-05
6.75695700920187e-05
7.16394351911731e-05
6.0559847042895854e-05
5.281376434140839e-05
5.4876512876944616e-05

training history val loss
0.6935384273529053
0.6927834749221802
0.6911036968231201
0.15539968013763428
0.0816490426659584
0.08379948139190674
0.0635794922709465
0.06297417730093002
0.06529475748538971
0.08125679939985275
0.05394025892019272
0.043231528252363205
0.06757964193820953
0.04309644550085068
0.036106791347265244
0.03363782539963722
0.030547160655260086
0.031755052506923676
0.02718764916062355
0.04762882739305496
0.03270259127020836
0.03227100893855095
0.07314804941415787
0.02596106566488743
0.02027657814323902
0.028799349442124367
0.024954194203019142
0.032923534512519836
0.022173333913087845
0.02663423679769039
0.016451168805360794
0.060312315821647644
0.04892370104789734
0.047103188931941986
0.032591111958026886
0.023285800591111183
0.021756455302238464
0.02045348286628723
0.020838739350438118
0.02010030299425125
0.025188300758600235
0.02616068720817566
0.022779282182455063
0.02248895727097988
0.022223835811018944
0.031867098063230515
0.02493893913924694
0.023034343495965004
0.022467905655503273
0.024191487580537796
0.024917585775256157
0.022350886836647987
0.023328537121415138
0.027209948748350143
0.025699816644191742
0.023555437102913857
0.02468285895884037
0.0311307143419981
0.02520294114947319
0.031585562974214554
0.026910817250609398