test data loss : 0.01999875158071518
test data accyracy : 0.9950000047683716

training history accuracy
0.5168750286102295
0.6002083420753479
0.9347916841506958
0.92208331823349
0.9708333611488342
0.9856250286102295
0.9893749952316284
0.9906250238418579
0.9910416603088379
0.9910416603088379
0.9918749928474426
0.9908333420753479
0.9950000047683716
0.9945833086967468
0.9962499737739563
0.9956250190734863
0.996666669845581
0.9979166388511658
0.9983333349227905
0.9985416531562805
0.99979168176651
0.9983333349227905
1.0
1.0
1.0
1.0
1.0
1.0
1.0
1.0
1.0
1.0
1.0
1.0
1.0
1.0
1.0
1.0
1.0
1.0
1.0
1.0
1.0
1.0
1.0
1.0
1.0
1.0
1.0

training history val accuracy
0.49166667461395264
0.9441666603088379
0.9391666650772095
0.9241666793823242
0.9825000166893005
0.9825000166893005
0.9866666793823242
0.9891666769981384
0.9858333468437195
0.98416668176651
0.9850000143051147
0.9916666746139526
0.9933333396911621
0.9925000071525574
0.9925000071525574
0.9941666722297668
0.9908333420753479
0.9866666793823242
0.9916666746139526
0.9916666746139526
0.9883333444595337
0.9916666746139526
0.9925000071525574
0.9925000071525574
0.9908333420753479
0.9933333396911621
0.9908333420753479
0.9933333396911621
0.9933333396911621
0.9933333396911621
0.9933333396911621
0.9933333396911621
0.9933333396911621
0.9941666722297668
0.9950000047683716
0.9933333396911621
0.9933333396911621
0.9933333396911621
0.9941666722297668
0.9916666746139526
0.9933333396911621
0.9933333396911621
0.9933333396911621
0.9933333396911621
0.9933333396911621
0.9950000047683716
0.9916666746139526
0.9925000071525574
0.9941666722297668

training history loss
0.6993255019187927
0.6604588627815247
0.18106330931186676
0.20349058508872986
0.09661013633012772
0.046823665499687195
0.03671928495168686
0.031122982501983643
0.03159285709261894
0.02769502066075802
0.02540820837020874
0.02675764076411724
0.018630895763635635
0.01526596024632454
0.01232056599110365
0.012177209369838238
0.010205559432506561
0.008549959398806095
0.005259817931801081
0.005774942226707935
0.0017148085171356797
0.00439166696742177
0.0008960086852312088
0.0006705538835376501
0.00040197381167672575
0.0003332369960844517
0.0002713241265155375
0.0002350519789615646
0.00020526096341200173
0.00018242555961478502
0.00016015053552109748
0.00014333335275296122
0.00012549702660180628
0.00011677527072606608
9.255492477677763e-05
8.931567572290078e-05
0.000104410013591405
7.759629806969315e-05
6.685049447696656e-05
6.2982362578623e-05
6.159822805784643e-05
5.5259297369048e-05
4.725814505945891e-05
4.143264959566295e-05
3.8303780456772074e-05
3.7661742680938914e-05
3.3714048186084256e-05
3.310727697680704e-05
2.915118784585502e-05

training history val loss
0.6941941976547241
0.37804603576660156
0.1603623777627945
0.2857823669910431
0.05881151929497719
0.05399911850690842
0.04117363318800926
0.03179926052689552
0.03802910074591637
0.03572731465101242
0.04296496883034706
0.032594144344329834
0.027465347200632095
0.02333901822566986
0.020975010469555855
0.022567950189113617
0.025484450161457062
0.04138524830341339
0.01926855742931366
0.02336694486439228
0.028040984645485878
0.026793403550982475
0.02654598467051983
0.023741615936160088
0.033416930586099625
0.02460232935845852
0.03119526617228985
0.028168534860014915
0.02623194269835949
0.02539701759815216
0.02564774453639984
0.025588691234588623
0.026831302791833878
0.026035016402602196
0.025783121585845947
0.02712496742606163
0.027775822207331657
0.029381100088357925
0.02688579261302948
0.032317474484443665
0.02826901152729988
0.029857203364372253
0.02889806032180786
0.029868071898818016
0.029274437576532364
0.027158549055457115
0.031083403155207634
0.030941197648644447
0.028701452538371086