test data loss : 0.02364584617316723
test data accyracy : 0.9950000047683716

training history accuracy
0.5041666626930237
0.4937500059604645
0.5181249976158142
0.7672916650772095
0.9506250023841858
0.9733333587646484
0.9808333516120911
0.9837499856948853
0.9883333444595337
0.9889583587646484
0.9889583587646484
0.9927083253860474
0.9918749928474426
0.9950000047683716
0.9956250190734863
0.9972916841506958
0.9977083206176758
0.9977083206176758
0.9987499713897705
0.9985416531562805
1.0
0.9985416531562805
0.9991666674613953
1.0
1.0
1.0
1.0
1.0
1.0
1.0
1.0
1.0
1.0
1.0
1.0
1.0
1.0
1.0
1.0
1.0
1.0
1.0
1.0
1.0
1.0
1.0
1.0
1.0

training history val accuracy
0.49166667461395264
0.49166667461395264
0.64083331823349
0.6758333444595337
0.9691666960716248
0.9783333539962769
0.9766666889190674
0.98416668176651
0.9733333587646484
0.98416668176651
0.9858333468437195
0.9908333420753479
0.9908333420753479
0.9833333492279053
0.9916666746139526
0.9900000095367432
0.9891666769981384
0.9925000071525574
0.9925000071525574
0.987500011920929
0.9891666769981384
0.9866666793823242
0.9883333444595337
0.9925000071525574
0.9916666746139526
0.9900000095367432
0.9916666746139526
0.9916666746139526
0.9908333420753479
0.9916666746139526
0.9908333420753479
0.9900000095367432
0.9908333420753479
0.9925000071525574
0.9908333420753479
0.9908333420753479
0.9908333420753479
0.9908333420753479
0.9908333420753479
0.9908333420753479
0.9908333420753479
0.9908333420753479
0.9908333420753479
0.9908333420753479
0.9925000071525574
0.9908333420753479
0.9908333420753479
0.9908333420753479

training history loss
0.6988686919212341
0.6931868195533752
0.691964328289032
0.5158082842826843
0.13279405236244202
0.08285380899906158
0.05467754974961281
0.04696259647607803
0.03694756701588631
0.03781311213970184
0.03140939027070999
0.024829601868987083
0.02221658267080784
0.01597306877374649
0.012396392412483692
0.008479218930006027
0.008303532376885414
0.007168975658714771
0.005714602302759886
0.005450562573969364
0.0017689280211925507
0.004281200468540192
0.0032251288648694754
0.0008252497063949704
0.0006631692522205412
0.0004298939893487841
0.0003619843628257513
0.00028543444932438433
0.00024075988039840013
0.00022146990522742271
0.00017576248501427472
0.00017353410657960922
0.00014104715955909342
0.00013049121480435133
0.00010978952195728198
9.654121095081791e-05
9.075414709514007e-05
7.969354919623584e-05
7.358572474913672e-05
7.293336238944903e-05
6.39688951196149e-05
5.757819235441275e-05
5.098636029288173e-05
4.509524296736345e-05
4.1008028347278014e-05
4.059636557940394e-05
3.561798803275451e-05
3.240359001210891e-05

training history val loss
0.6931608319282532
0.6929202079772949
0.6743810772895813
0.5019554495811462
0.08512556552886963
0.06966719776391983
0.060852427035570145
0.04280565679073334
0.08140983432531357
0.0367913581430912
0.04460855573415756
0.02953067421913147
0.027874762192368507
0.03590288758277893
0.02714785560965538
0.02967550978064537
0.031547144055366516
0.025746097788214684
0.027073046192526817
0.04281722009181976
0.031077079474925995
0.04414639621973038
0.04007139056921005
0.032638467848300934
0.033379651606082916
0.03793155774474144
0.03473073989152908
0.03477434813976288
0.0364898145198822
0.034493084996938705
0.036559827625751495
0.03992142155766487
0.03925703838467598
0.03571686893701553
0.03794312849640846
0.03701900318264961
0.04089324548840523
0.03910649195313454
0.039340756833553314
0.03988721966743469
0.037444595247507095
0.04158329218626022
0.04013049602508545
0.039793893694877625
0.03799305111169815
0.03966613486409187
0.038954004645347595
0.04019421711564064