test data loss : 0.6930899024009705
test data accyracy : 0.5

training history accuracy
0.4964583218097687
0.4958333373069763
0.49958333373069763
0.49291667342185974
0.5020833611488342
0.49791666865348816
0.5020833611488342
0.492083340883255
0.5020833611488342
0.5020833611488342
0.5020833611488342
0.5020833611488342
0.4925000071525574
0.5020833611488342
0.5020833611488342
0.5020833611488342
0.49541667103767395
0.5020833611488342
0.4866666793823242
0.5020833611488342
0.4870833456516266
0.5020833611488342
0.5020833611488342
0.5020833611488342
0.5020833611488342
0.5020833611488342
0.5020833611488342
0.5020833611488342
0.5020833611488342
0.5020833611488342
0.5020833611488342

training history val accuracy
0.49166667461395264
0.5083333253860474
0.49166667461395264
0.49166667461395264
0.49166667461395264
0.49166667461395264
0.49166667461395264
0.49166667461395264
0.49166667461395264
0.49166667461395264
0.49166667461395264
0.49166667461395264
0.49166667461395264
0.49166667461395264
0.49166667461395264
0.49166667461395264
0.49166667461395264
0.49166667461395264
0.49166667461395264
0.49166667461395264
0.49166667461395264
0.49166667461395264
0.49166667461395264
0.49166667461395264
0.49166667461395264
0.49166667461395264
0.49166667461395264
0.49166667461395264
0.49166667461395264
0.49166667461395264
0.49166667461395264

training history loss
0.6951826810836792
0.6931917667388916
0.693204939365387
0.6931660175323486
0.6931802034378052
0.6931709051132202
0.6931781768798828
0.6931840777397156
0.6932359933853149
0.6931616067886353
0.69318026304245
0.6931653022766113
0.6931801438331604
0.6931899785995483
0.6931807398796082
0.6932019591331482
0.6931878328323364
0.6931874752044678
0.693270206451416
0.6932014226913452
0.6932129263877869
0.6931762099266052
0.6931676864624023
0.6931701302528381
0.6931682825088501
0.6931899189949036
0.693175733089447
0.6931830048561096
0.6931792497634888
0.6931658983230591
0.6931769847869873

training history val loss
0.6931120157241821
0.6931383609771729
0.6931889653205872
0.6932018399238586
0.6932300329208374
0.693193256855011
0.6931993961334229
0.693256139755249
0.6932709813117981
0.6931995153427124
0.6932622790336609
0.6932108402252197
0.6931933760643005
0.6932386755943298
0.6932284235954285
0.693216860294342
0.6932405829429626
0.6932617425918579
0.6932715773582458
0.6932181715965271
0.6932065486907959
0.6932328343391418
0.6932652592658997
0.6932346820831299
0.6932352185249329
0.6932822465896606
0.693192720413208
0.693246603012085
0.693193793296814
0.6932405829429626
0.6931955218315125