test data loss : 0.6931836009025574
test data accyracy : 0.5

training history accuracy
0.49937498569488525
0.49791666865348816
0.4983333349227905
0.49416667222976685
0.4883333444595337
0.4945833384990692
0.5020833611488342
0.5020833611488342
0.5020833611488342
0.5020833611488342
0.48750001192092896
0.5020833611488342
0.5020833611488342
0.5020833611488342
0.5020833611488342
0.4908333420753479
0.5020833611488342
0.4891666769981384
0.5020833611488342
0.5020833611488342
0.49416667222976685
0.5020833611488342
0.4933333396911621
0.5020833611488342
0.5020833611488342
0.5020833611488342
0.5020833611488342
0.5020833611488342
0.5020833611488342
0.5020833611488342
0.5020833611488342

training history val accuracy
0.5083333253860474
0.5083333253860474
0.49166667461395264
0.5083333253860474
0.49166667461395264
0.49166667461395264
0.49166667461395264
0.49166667461395264
0.49166667461395264
0.49166667461395264
0.49166667461395264
0.49166667461395264
0.49166667461395264
0.49166667461395264
0.49166667461395264
0.49166667461395264
0.49166667461395264
0.49166667461395264
0.49166667461395264
0.49166667461395264
0.49166667461395264
0.49166667461395264
0.49166667461395264
0.49166667461395264
0.49166667461395264
0.49166667461395264
0.49166667461395264
0.49166667461395264
0.49166667461395264
0.49166667461395264
0.49166667461395264

training history loss
0.6940683722496033
0.6931850910186768
0.6931642889976501
0.6931870579719543
0.6932070851325989
0.6931941509246826
0.6931636333465576
0.693202793598175
0.6932229399681091
0.6931877136230469
0.693228542804718
0.6931660771369934
0.6932135224342346
0.6931764483451843
0.6932081580162048
0.6931886076927185
0.6931740045547485
0.6932499408721924
0.6931565403938293
0.6931697130203247
0.6931951642036438
0.6931837201118469
0.6931833624839783
0.693166971206665
0.6931596994400024
0.6931858658790588
0.6931667923927307
0.6931590437889099
0.6931630373001099
0.6932016611099243
0.6931788921356201

training history val loss
0.6930415630340576
0.6931235790252686
0.6931915283203125
0.6931385397911072
0.6931861042976379
0.6932053565979004
0.6932408809661865
0.6932960748672485
0.6932525634765625
0.6932031512260437
0.6932414770126343
0.6932139992713928
0.6932097673416138
0.6932550072669983
0.6932676434516907
0.6931859254837036
0.6932499408721924
0.6931900382041931
0.6932980418205261
0.6932380795478821
0.693291425704956
0.6932305693626404
0.6932569146156311
0.6932390332221985
0.6932566165924072
0.6932259202003479
0.6931962370872498
0.6932736039161682
0.6932423114776611
0.6931820511817932
0.693246603012085