test data loss : 0.6931473612785339
test data accyracy : 0.5

training history accuracy
0.5043749809265137
0.4950000047683716
0.5020833611488342
0.5020833611488342
0.5014583468437195
0.4879166781902313
0.5020833611488342
0.49416667222976685
0.5020833611488342
0.5020833611488342
0.5020833611488342
0.5020833611488342
0.5020833611488342
0.5020833611488342
0.5020833611488342
0.5020833611488342
0.49541667103767395
0.5020833611488342
0.49416667222976685
0.5020833611488342
0.4933333396911621
0.4983333349227905
0.5020833611488342
0.5020833611488342
0.5020833611488342
0.4950000047683716
0.5020833611488342
0.5020833611488342
0.5020833611488342
0.49291667342185974
0.5020833611488342
0.5020833611488342
0.5020833611488342
0.5008333325386047
0.5020833611488342
0.5020833611488342
0.5020833611488342
0.5020833611488342
0.5020833611488342
0.5020833611488342
0.5020833611488342
0.5020833611488342
0.5012500286102295
0.49125000834465027
0.5020833611488342
0.5020833611488342
0.5020833611488342
0.48750001192092896
0.5020833611488342
0.5020833611488342
0.49666666984558105
0.5020833611488342
0.5020833611488342
0.5020833611488342
0.5020833611488342
0.49166667461395264
0.5020833611488342
0.5020833611488342
0.4925000071525574
0.5020833611488342
0.5020833611488342
0.5020833611488342
0.49416667222976685
0.5020833611488342
0.5020833611488342
0.5020833611488342
0.48625001311302185
0.5020833611488342
0.5020833611488342
0.5020833611488342
0.48875001072883606
0.5020833611488342
0.4970833361148834
0.5020833611488342
0.5020833611488342
0.5020833611488342
0.5020833611488342
0.5020833611488342
0.49541667103767395
0.5020833611488342
0.5020833611488342

training history val accuracy
0.49166667461395264
0.49166667461395264
0.49166667461395264
0.49166667461395264
0.49166667461395264
0.49166667461395264
0.49166667461395264
0.49166667461395264
0.49166667461395264
0.49166667461395264
0.49166667461395264
0.49166667461395264
0.49166667461395264
0.49166667461395264
0.49166667461395264
0.49166667461395264
0.49166667461395264
0.49166667461395264
0.49166667461395264
0.49166667461395264
0.49166667461395264
0.49166667461395264
0.49166667461395264
0.49166667461395264
0.49166667461395264
0.49166667461395264
0.49166667461395264
0.49166667461395264
0.49166667461395264
0.49166667461395264
0.49166667461395264
0.49166667461395264
0.49166667461395264
0.49166667461395264
0.49166667461395264
0.49166667461395264
0.49166667461395264
0.49166667461395264
0.49166667461395264
0.49166667461395264
0.49166667461395264
0.49166667461395264
0.49166667461395264
0.49166667461395264
0.49166667461395264
0.49166667461395264
0.49166667461395264
0.49166667461395264
0.49166667461395264
0.49166667461395264
0.49166667461395264
0.49166667461395264
0.49166667461395264
0.49166667461395264
0.49166667461395264
0.49166667461395264
0.49166667461395264
0.49166667461395264
0.49166667461395264
0.49166667461395264
0.49166667461395264
0.49166667461395264
0.49166667461395264
0.49166667461395264
0.49166667461395264
0.49166667461395264
0.49166667461395264
0.49166667461395264
0.49166667461395264
0.49166667461395264
0.49166667461395264
0.49166667461395264
0.49166667461395264
0.49166667461395264
0.49166667461395264
0.49166667461395264
0.49166667461395264
0.49166667461395264
0.49166667461395264
0.49166667461395264
0.49166667461395264

training history loss
0.6941432356834412
0.6934346556663513
0.6931629180908203
0.6931979656219482
0.6931782364845276
0.6932281255722046
0.6931753158569336
0.6931886672973633
0.6932117938995361
0.6931975483894348
0.6931672096252441
0.6931992173194885
0.6931872963905334
0.6931892037391663
0.6931702494621277
0.6931793689727783
0.693184494972229
0.6931724548339844
0.6932107210159302
0.6931785345077515
0.6931767463684082
0.6932057738304138
0.6931577920913696
0.6931560039520264
0.6931654810905457
0.6931790709495544
0.6931771636009216
0.6931770443916321
0.6931615471839905
0.693191647529602
0.6932465434074402
0.693171501159668
0.6931689977645874
0.6931762099266052
0.6931649446487427
0.6931785941123962
0.693189263343811
0.6931906938552856
0.693169891834259
0.693195104598999
0.6931633353233337
0.693164050579071
0.6931872963905334
0.6931912899017334
0.6932021379470825
0.6932125091552734
0.6931548118591309
0.6932216286659241
0.6932451128959656
0.6931728720664978
0.693195104598999
0.6931666731834412
0.6931699514389038
0.6931872367858887
0.69319748878479
0.693163275718689
0.6931700110435486
0.6931962966918945
0.6932044625282288
0.6931785941123962
0.6931920647621155
0.6931648254394531
0.6931834816932678
0.6932319402694702
0.6931866407394409
0.6931847929954529
0.6932846307754517
0.6931809782981873
0.6931821703910828
0.6931672096252441
0.6932372450828552
0.6932066082954407
0.6931799650192261
0.693164050579071
0.6931613683700562
0.6931894421577454
0.6932048797607422
0.6931726932525635
0.6932212710380554
0.6931556463241577
0.6931975483894348

training history val loss
0.6945822834968567
0.6932281255722046
0.6932141780853271
0.6932947039604187
0.6932132244110107
0.6932560801506042
0.6932616233825684
0.6932294964790344
0.6932089328765869
0.6931930184364319
0.6932263970375061
0.6932045817375183
0.6932427883148193
0.6932565569877625
0.6932118535041809
0.6932358145713806
0.6932019591331482
0.6932666301727295
0.6932196617126465
0.6932185888290405
0.6932370662689209
0.6932687163352966
0.6932416558265686
0.6932246685028076
0.6932476758956909
0.6932229995727539
0.6932968497276306
0.6931737065315247
0.6932100653648376
0.693203866481781
0.693220317363739
0.6932379007339478
0.6932079792022705
0.693240225315094
0.6932750344276428
0.6932308673858643
0.6932836771011353
0.6932287812232971
0.6932655572891235
0.6932607293128967
0.6932206749916077
0.6932100653648376
0.6932307481765747
0.6932364106178284
0.6932229995727539
0.6932159662246704
0.6932151317596436
0.6931878924369812
0.6932355761528015
0.6932273507118225
0.6931524276733398
0.6932603716850281
0.6932123899459839
0.6932246685028076
0.693173348903656
0.6931748390197754
0.6931807398796082
0.6931850910186768
0.6931692361831665
0.6932381391525269
0.6932739019393921
0.6932447552680969
0.6931921243667603
0.6931849122047424
0.6932260394096375
0.6931883096694946
0.6931685209274292
0.693296492099762
0.6932430267333984
0.6932014226913452
0.693245530128479
0.6932191848754883
0.6932230591773987
0.6932300329208374
0.6932416558265686
0.6932007074356079
0.6932274699211121
0.6932276487350464
0.6932708024978638
0.6932443976402283
0.6932787299156189