test data loss : 0.023531217128038406
test data accyracy : 0.9959999918937683

training history accuracy
0.4975000023841858
0.49541667103767395
0.492083340883255
0.4937500059604645
0.5020833611488342
0.5514583587646484
0.8558333516120911
0.9591666460037231
0.9777083396911621
0.9770833253860474
0.9856250286102295
0.9833333492279053
0.9833333492279053
0.987708330154419
0.9906250238418579
0.9920833110809326
0.9910416603088379
0.9927083253860474
0.9933333396911621
0.9922916889190674
0.9918749928474426
0.9935416579246521
0.9947916865348816
0.9939583539962769
0.9947916865348816
0.9941666722297668
0.9954166412353516
0.9954166412353516
0.9931250214576721
0.9964583516120911
0.9958333373069763
0.9962499737739563
0.9979166388511658
0.9977083206176758
0.9977083206176758
0.9954166412353516
0.9977083206176758
0.9972916841506958
0.98416668176651
0.9908333420753479
0.996874988079071
0.9975000023841858
0.996874988079071
0.9958333373069763
0.9972916841506958
0.9989583492279053
0.9993749856948853
0.9991666674613953
0.9995833039283752
0.99979168176651
0.9995833039283752
0.99979168176651
0.99979168176651
1.0
1.0
1.0
1.0
1.0
1.0
1.0
1.0
1.0
1.0
1.0
1.0
1.0
1.0
1.0
1.0
1.0
1.0
1.0
1.0
1.0
1.0
1.0
1.0
1.0
1.0
1.0
1.0

training history val accuracy
0.49166667461395264
0.49166667461395264
0.49166667461395264
0.49166667461395264
0.49166667461395264
0.5366666913032532
0.809166669845581
0.9666666388511658
0.9633333086967468
0.9816666841506958
0.971666693687439
0.98416668176651
0.9816666841506958
0.9850000143051147
0.9833333492279053
0.987500011920929
0.987500011920929
0.9858333468437195
0.9900000095367432
0.987500011920929
0.9916666746139526
0.9883333444595337
0.9900000095367432
0.9858333468437195
0.9941666722297668
0.9850000143051147
0.9833333492279053
0.9916666746139526
0.9883333444595337
0.9891666769981384
0.9958333373069763
0.9891666769981384
0.9941666722297668
0.9891666769981384
0.9858333468437195
0.9900000095367432
0.9925000071525574
0.9925000071525574
0.9733333587646484
0.9900000095367432
0.9941666722297668
0.9916666746139526
0.9908333420753479
0.9916666746139526
0.9916666746139526
0.9900000095367432
0.9950000047683716
0.9908333420753479
0.9908333420753479
0.9933333396911621
0.9958333373069763
0.9908333420753479
0.9925000071525574
0.9900000095367432
0.9933333396911621
0.9908333420753479
0.9941666722297668
0.9941666722297668
0.9941666722297668
0.9958333373069763
0.9908333420753479
0.9925000071525574
0.9925000071525574
0.9958333373069763
0.9958333373069763
0.9925000071525574
0.9925000071525574
0.9916666746139526
0.9941666722297668
0.996666669845581
0.9925000071525574
0.9925000071525574
0.9941666722297668
0.9941666722297668
0.9925000071525574
0.9925000071525574
0.9925000071525574
0.9941666722297668
0.9933333396911621
0.9925000071525574
0.9925000071525574

training history loss
0.6948941349983215
0.6932926177978516
0.6932566165924072
0.6932353377342224
0.6931623816490173
0.6841890811920166
0.34517887234687805
0.11364654451608658
0.06101140379905701
0.06463100761175156
0.046530429273843765
0.047432947903871536
0.04748710244894028
0.037767596542835236
0.0299375057220459
0.02469131164252758
0.026845676824450493
0.022494321689009666
0.022173359990119934
0.022756703197956085
0.02244066633284092
0.019266389310359955
0.015699947252869606
0.016125261783599854
0.014729841612279415
0.015975184738636017
0.013702532276511192
0.013665548525750637
0.02161094732582569
0.011809756979346275
0.010876158252358437
0.011819988489151001
0.0077310712076723576
0.007383732125163078
0.00665936479344964
0.010645842179656029
0.005684743169695139
0.006790142972022295
0.044084951281547546
0.03717567026615143
0.008261198177933693
0.005635167006403208
0.00844277162104845
0.009964827448129654
0.007856424897909164
0.0034110716078430414
0.0023472898174077272
0.0022433148697018623
0.0013330972287803888
0.0010874364525079727
0.0011170079233124852
0.0010110161965712905
0.0009537282749079168
0.0008026995346881449
0.0002909354807343334
0.00028779174317605793
0.00021431362256407738
0.00030899225384928286
0.00019072201394010335
0.00022543780505657196
0.00035414000740274787
0.0001848448591772467
0.00012580363545566797
0.00010085455141961575
8.83915345184505e-05
9.767401934368536e-05
8.451805479126051e-05
8.002530375961214e-05
7.847677625250071e-05
6.550406396854669e-05
0.0001898400514619425
7.372714026132599e-05
5.581924051512033e-05
5.333788794814609e-05
5.140813664183952e-05
4.6049670345382765e-05
7.96680833445862e-05
5.2086281357333064e-05
5.122189031681046e-05
3.762430787901394e-05
3.303267658338882e-05

training history val loss
0.693240761756897
0.6931881308555603
0.6932736039161682
0.6932697892189026
0.6932090520858765
0.6613423228263855
0.4060468375682831
0.09489332884550095
0.11228233575820923
0.06336930394172668
0.07837244868278503
0.04254409298300743
0.0428435318171978
0.04537932947278023
0.04765033349394798
0.032532330602407455
0.03217451274394989
0.03895946964621544
0.02819005399942398
0.03084639459848404
0.027477610856294632
0.037106093019247055
0.02320719324052334
0.0365326814353466
0.022442756220698357
0.035776637494564056
0.039482295513153076
0.024604657664895058
0.03412248566746712
0.023626364767551422
0.020316187292337418
0.023875603452324867
0.020484158769249916
0.02163756638765335
0.048970457166433334
0.024996401742100716
0.022611580789089203
0.01946324296295643
0.08182244002819061
0.03299962356686592
0.020571889355778694
0.02299930714070797
0.021164262667298317
0.023903140798211098
0.023068895563483238
0.027972685173153877
0.017563700675964355
0.025584513321518898
0.02051292546093464
0.017219645902514458
0.015232511796057224
0.01982804387807846
0.02029673382639885
0.030328061431646347
0.01886957883834839
0.021602829918265343
0.017458230257034302
0.016761021688580513
0.016530506312847137
0.01618780568242073
0.02556135691702366
0.017143452540040016
0.018055060878396034
0.015896933153271675
0.015809159725904465
0.017844077199697495
0.018638020381331444
0.021013593301177025
0.0171191543340683
0.015704648569226265
0.023200402036309242
0.0222453773021698
0.01703081838786602
0.017377417534589767
0.017894074320793152
0.018640611320734024
0.020351281389594078
0.01688326522707939
0.017506854608654976
0.017803946509957314
0.019282497465610504