test data loss : 0.022060954943299294
test data accyracy : 0.996999979019165

training history accuracy
0.49291667342185974
0.6354166865348816
0.9479166865348816
0.9770833253860474
0.9829166531562805
0.9866666793823242
0.9879166483879089
0.9895833134651184
0.9912499785423279
0.9918749928474426
0.9912499785423279
0.9914583563804626
0.9931250214576721
0.9929166436195374
0.9954166412353516
0.9954166412353516
0.996874988079071
0.9981250166893005
0.9975000023841858
0.9979166388511658
0.9987499713897705
1.0
1.0
1.0
1.0
1.0
1.0
1.0
1.0
1.0
1.0
1.0
1.0
1.0
1.0
1.0
1.0
1.0
1.0
1.0
1.0
1.0
1.0
1.0
1.0
1.0
1.0
1.0
1.0
1.0
1.0
1.0
1.0
1.0

training history val accuracy
0.5083333253860474
0.909166693687439
0.9674999713897705
0.9783333539962769
0.9833333492279053
0.9775000214576721
0.987500011920929
0.987500011920929
0.9825000166893005
0.9900000095367432
0.9883333444595337
0.9925000071525574
0.9900000095367432
0.987500011920929
0.987500011920929
0.9900000095367432
0.9908333420753479
0.9908333420753479
0.9850000143051147
0.9916666746139526
0.9900000095367432
0.9925000071525574
0.9916666746139526
0.9933333396911621
0.9933333396911621
0.9933333396911621
0.9941666722297668
0.9950000047683716
0.9941666722297668
0.9941666722297668
0.9941666722297668
0.9941666722297668
0.9941666722297668
0.9950000047683716
0.9950000047683716
0.9950000047683716
0.9941666722297668
0.9950000047683716
0.9941666722297668
0.9941666722297668
0.9950000047683716
0.9941666722297668
0.9958333373069763
0.9950000047683716
0.9941666722297668
0.9950000047683716
0.9950000047683716
0.9941666722297668
0.9958333373069763
0.9950000047683716
0.9941666722297668
0.9950000047683716
0.9950000047683716
0.9950000047683716

training history loss
0.6936867237091064
0.6390886306762695
0.151580348610878
0.06747744232416153
0.05370088666677475
0.04556503891944885
0.04047182947397232
0.033660825341939926
0.02845134772360325
0.025930151343345642
0.023989617824554443
0.02386254072189331
0.020523779094219208
0.018928736448287964
0.014205414801836014
0.011751350946724415
0.009809725917875767
0.005827355198562145
0.005827717948704958
0.0056889960542321205
0.0032095450442284346
0.0011103750439360738
0.0005171452648937702
0.0003808593610301614
0.0003158647450618446
0.00020285350910853595
0.0001695798127911985
0.00016533296729903668
0.00021763543190900236
0.000113414935185574
0.00010427322558825836
8.866001007845625e-05
7.020702469162643e-05
7.661880226805806e-05
6.465764454333112e-05
5.815332769998349e-05
5.023421181249432e-05
4.119235381949693e-05
3.791890776483342e-05
3.827736509265378e-05
3.4168202546425164e-05
3.0407189115067013e-05
2.5977185941883363e-05
2.7870371923199855e-05
2.5639761588536203e-05
2.2820870071882382e-05
2.0203609892632812e-05
2.2986183466855437e-05
2.0367733668535948e-05
1.7625938198762015e-05
1.556898860144429e-05
1.4810998436587397e-05
1.3932905858382583e-05
1.1975465895375237e-05

training history val loss
0.6930092573165894
0.2926784157752991
0.09961208701133728
0.07282720506191254
0.05373481661081314
0.06513822823762894
0.033696725964546204
0.03286203742027283
0.040642932057380676
0.02626681886613369
0.029289038851857185
0.022415192797780037
0.02287342958152294
0.03254073113203049
0.03688367083668709
0.025569362565875053
0.020173385739326477
0.025393305346369743
0.050212085247039795
0.01796882040798664
0.0207134410738945
0.021714674308896065
0.019864264875650406
0.016321243718266487
0.021345775574445724
0.020575707778334618
0.018053239211440086
0.017398687079548836
0.01858045905828476
0.02465963177382946
0.02416730299592018
0.021199045702815056
0.022020729258656502
0.019398191943764687
0.01836719550192356
0.019734473899006844
0.022558923810720444
0.01915685087442398
0.02115798182785511
0.02361314371228218
0.019086401909589767
0.022541172802448273
0.01760362833738327
0.024480905383825302
0.022550584748387337
0.02113817259669304
0.01930820755660534
0.023357277736067772
0.01933283917605877
0.02168891206383705
0.02195361815392971
0.021667951717972755
0.023866374045610428
0.02102596126496792