test data loss : 0.6931486129760742
test data accyracy : 0.5

training history accuracy
0.4958333373069763
0.4945833384990692
0.4958333373069763
0.4970833361148834
0.5012500286102295
0.5020833611488342
0.49416667222976685
0.5020833611488342
0.5020833611488342
0.5020833611488342
0.5020833611488342
0.4879166781902313
0.5020833611488342
0.5020833611488342
0.5020833611488342
0.5020833611488342
0.49291667342185974
0.5020833611488342
0.5020833611488342
0.5020833611488342
0.5020833611488342
0.5020833611488342
0.5020833611488342
0.5020833611488342
0.4958333373069763
0.5020833611488342
0.5020833611488342
0.49000000953674316
0.5020833611488342
0.5020833611488342
0.5020833611488342
0.5020833611488342
0.5020833611488342
0.4937500059604645

training history val accuracy
0.49166667461395264
0.49166667461395264
0.49166667461395264
0.5083333253860474
0.49166667461395264
0.49166667461395264
0.49166667461395264
0.49166667461395264
0.49166667461395264
0.49166667461395264
0.49166667461395264
0.49166667461395264
0.49166667461395264
0.49166667461395264
0.49166667461395264
0.49166667461395264
0.49166667461395264
0.49166667461395264
0.49166667461395264
0.49166667461395264
0.49166667461395264
0.49166667461395264
0.49166667461395264
0.49166667461395264
0.49166667461395264
0.49166667461395264
0.49166667461395264
0.49166667461395264
0.49166667461395264
0.49166667461395264
0.49166667461395264
0.49166667461395264
0.49166667461395264
0.49166667461395264

training history loss
0.6972401738166809
0.6931940317153931
0.6931724548339844
0.693301796913147
0.6931952834129333
0.6931841969490051
0.6931794285774231
0.6931607723236084
0.6932086944580078
0.6931601166725159
0.6931787133216858
0.6932930946350098
0.6931951642036438
0.6931731700897217
0.6931986808776855
0.6931798458099365
0.6931953430175781
0.6932166218757629
0.6931653022766113
0.6931648254394531
0.6931776404380798
0.6931706666946411
0.6931829452514648
0.693174421787262
0.693213701248169
0.6931710243225098
0.6931965351104736
0.6931865215301514
0.693159282207489
0.693199098110199
0.6932103633880615
0.69318026304245
0.6932250261306763
0.6931795477867126

training history val loss
0.6932298541069031
0.6932199597358704
0.6931713819503784
0.6931386590003967
0.6932911276817322
0.6932410597801208
0.693244457244873
0.6932028532028198
0.6932075619697571
0.6931965351104736
0.6932264566421509
0.6931847929954529
0.6933147311210632
0.693215012550354
0.6932201981544495
0.6931708455085754
0.6932038068771362
0.6932913661003113
0.6932175755500793
0.6932424902915955
0.6932151913642883
0.693190336227417
0.6932482719421387
0.6932204961776733
0.6931729912757874
0.6932676434516907
0.6932402849197388
0.6931724548339844
0.6931824684143066
0.6932056546211243
0.6931948661804199
0.6931975483894348
0.6932094097137451
0.6932019591331482