test data loss : 0.6931559443473816
test data accyracy : 0.5

training history accuracy
0.49437499046325684
0.5058333277702332
0.4870833456516266
0.492083340883255
0.5020833611488342
0.5020833611488342
0.5020833611488342
0.49416667222976685
0.5020833611488342
0.5020833611488342
0.5020833611488342
0.5020833611488342
0.5020833611488342
0.4908333420753479
0.5020833611488342
0.5020833611488342
0.5020833611488342
0.5020833611488342
0.4925000071525574
0.4891666769981384
0.5020833611488342
0.48875001072883606
0.5020833611488342
0.5020833611488342
0.5020833611488342
0.5020833611488342
0.5020833611488342
0.5020833611488342
0.5020833611488342
0.4962500035762787
0.5020833611488342
0.49416667222976685

training history val accuracy
0.49166667461395264
0.5083333253860474
0.49166667461395264
0.49166667461395264
0.49166667461395264
0.49166667461395264
0.49166667461395264
0.49166667461395264
0.49166667461395264
0.49166667461395264
0.49166667461395264
0.49166667461395264
0.49166667461395264
0.49166667461395264
0.49166667461395264
0.49166667461395264
0.49166667461395264
0.49166667461395264
0.49166667461395264
0.49166667461395264
0.49166667461395264
0.49166667461395264
0.49166667461395264
0.49166667461395264
0.49166667461395264
0.49166667461395264
0.49166667461395264
0.49166667461395264
0.49166667461395264
0.49166667461395264
0.49166667461395264
0.49166667461395264

training history loss
0.6943790912628174
0.6932156682014465
0.6932811737060547
0.6931830048561096
0.6931641101837158
0.6931987404823303
0.693214476108551
0.6931955218315125
0.6931598782539368
0.6931992173194885
0.6931636929512024
0.6931752562522888
0.6931780576705933
0.6931987404823303
0.6931710243225098
0.693172037601471
0.6931725144386292
0.6931694746017456
0.6931930780410767
0.6932226419448853
0.6931657195091248
0.6931900978088379
0.6932190656661987
0.6932172179222107
0.6931705474853516
0.6931875348091125
0.6931661367416382
0.6931697130203247
0.6931852102279663
0.6932283043861389
0.6931911110877991
0.6931924819946289

training history val loss
0.6931664943695068
0.6930860280990601
0.6931792497634888
0.6931533217430115
0.6931996941566467
0.6931958794593811
0.6931981444358826
0.6931676864624023
0.6932133436203003
0.693198025226593
0.6932167410850525
0.6932061910629272
0.6932094097137451
0.6932133436203003
0.6932187080383301
0.6932229399681091
0.6932206749916077
0.6932177543640137
0.6931968927383423
0.6932746767997742
0.6932641863822937
0.6931785345077515
0.6933140158653259
0.6933152079582214
0.693206250667572
0.6932053565979004
0.6932421326637268
0.6932414770126343
0.6931950449943542
0.6931990385055542
0.6932694315910339
0.6932029128074646