test data loss : 0.01654692366719246
test data accyracy : 0.9980000257492065

training history accuracy
0.5131250023841858
0.67166668176651
0.9127083420753479
0.9570833444595337
0.9662500023841858
0.9768750071525574
0.9854166507720947
0.9881250262260437
0.9887499809265137
0.9914583563804626
0.9920833110809326
0.9900000095367432
0.9900000095367432
0.9925000071525574
0.9918749928474426
0.9935416579246521
0.9939583539962769
0.9964583516120911
0.9947916865348816
0.9929166436195374
0.9964583516120911
0.9929166436195374
0.9952083230018616
0.9977083206176758
0.9977083206176758
0.9975000023841858
0.9972916841506958
0.997083306312561
0.9979166388511658
0.9925000071525574
0.996666669845581
0.9995833039283752
1.0
0.99979168176651
0.9995833039283752
1.0
1.0
1.0
1.0
1.0
1.0
1.0
1.0
1.0
1.0
1.0
1.0
1.0
1.0
1.0
1.0
1.0

training history val accuracy
0.5174999833106995
0.6625000238418579
0.9483333230018616
0.9191666841506958
0.9616666436195374
0.9825000166893005
0.9808333516120911
0.9883333444595337
0.9825000166893005
0.9908333420753479
0.98416668176651
0.9883333444595337
0.9950000047683716
0.9950000047683716
0.98416668176651
0.9891666769981384
0.9916666746139526
0.9950000047683716
0.9933333396911621
0.9933333396911621
0.98416668176651
0.9941666722297668
0.9858333468437195
0.9891666769981384
0.9908333420753479
0.9900000095367432
0.9908333420753479
0.9933333396911621
0.9941666722297668
0.9916666746139526
0.987500011920929
0.9925000071525574
0.9950000047683716
0.9950000047683716
0.9891666769981384
0.9925000071525574
0.9941666722297668
0.9933333396911621
0.9925000071525574
0.9925000071525574
0.9941666722297668
0.9925000071525574
0.9925000071525574
0.9941666722297668
0.9941666722297668
0.9941666722297668
0.9933333396911621
0.9941666722297668
0.9941666722297668
0.9941666722297668
0.9941666722297668
0.9925000071525574

training history loss
0.6933990120887756
0.673744261264801
0.2089662253856659
0.11147308349609375
0.09742693603038788
0.06595546752214432
0.044662583619356155
0.037288445979356766
0.03790905699133873
0.027413003146648407
0.026721324771642685
0.02975419908761978
0.02967781387269497
0.022552266716957092
0.022151926532387733
0.022076144814491272
0.01732667349278927
0.013146884739398956
0.01409684307873249
0.020763220265507698
0.011137166060507298
0.018183333799242973
0.01426412258297205
0.006256005726754665
0.008362033404409885
0.006870212499052286
0.0090022599324584
0.00894260685890913
0.004636944737285376
0.021736595779657364
0.007563475985080004
0.0023860782384872437
0.0010955323232337832
0.0019286660244688392
0.0012743149418383837
0.0005255263531580567
0.00041968876030296087
0.000317315076244995
0.0002617689606267959
0.0002455405774526298
0.0002068613684969023
0.00019237157539464533
0.00017043501429725438
0.00016983192472252995
0.00012944918125867844
0.0001041415671352297
0.00010772850509965792
9.572391718393192e-05
8.741492638364434e-05
7.745375478407368e-05
9.093154949368909e-05
9.339378448203206e-05

training history val loss
0.6926860213279724
0.5144985914230347
0.13859307765960693
0.20449642837047577
0.10766740143299103
0.05158231407403946
0.051243856549263
0.03569062799215317
0.04465450718998909
0.027838315814733505
0.03938217833638191
0.028752516955137253
0.025149278342723846
0.022114945575594902
0.03599755838513374
0.031609147787094116
0.024480164051055908
0.019548894837498665
0.029323434457182884
0.026849297806620598
0.04511788859963417
0.01875457726418972
0.04415534436702728
0.028613917529582977
0.027507223188877106
0.023077674210071564
0.030968541279435158
0.02118992805480957
0.023377368226647377
0.030566588044166565
0.04381037503480911
0.026161707937717438
0.022010069340467453
0.02216898836195469
0.03195855766534805
0.02641058713197708
0.025197161361575127
0.024663269519805908
0.026176612824201584
0.026492323726415634
0.023968927562236786
0.02627401426434517
0.026297228410840034
0.02279273234307766
0.025967707857489586
0.024640433490276337
0.026152487844228745
0.02596590481698513
0.025376873090863228
0.024560153484344482
0.023134825751185417
0.028720004484057426