8.880000000000000000e+02 1.220000000000000000e+02 4.400000000000000000e+01
5.680000000000000000e+02 6.380000000000000000e+02 4.200000000000000000e+01
7.980000000000000000e+02 6.340000000000000000e+02 4.100000000000000000e+01
7.260000000000000000e+02 3.120000000000000000e+02 3.200000000000000000e+01
6.320000000000000000e+02 2.720000000000000000e+02 3.700000000000000000e+01
8.700000000000000000e+02 2.920000000000000000e+02 4.400000000000000000e+01
2.700000000000000000e+02 6.780000000000000000e+02 2.500000000000000000e+01
3.000000000000000000e+01 7.880000000000000000e+02 3.200000000000000000e+01
2.320000000000000000e+02 9.980000000000000000e+02 4.100000000000000000e+01
9.000000000000000000e+02 5.360000000000000000e+02 4.300000000000000000e+01
