training history accuracy
0.7902083396911621
0.9068750143051147
0.9254166483879089
0.9260416626930237
0.9275000095367432
0.9335416555404663
0.940833330154419
0.9489583373069763
0.949791669845581
0.9558333158493042
0.9593750238418579
0.965624988079071
0.9570833444595337
0.9666666388511658
0.96895831823349
0.9735416769981384
0.9735416769981384
0.9795833230018616
0.9802083373069763
0.9793750047683716
0.9827083349227905
0.9833333492279053
0.9850000143051147
0.9854166507720947
0.9864583611488342
0.9822916388511658
0.9895833134651184
0.9866666793823242
0.9939583539962769
0.984375
0.9916666746139526
0.9908333420753479
0.987708330154419
0.9931250214576721
0.9902083277702332
0.9891666769981384
0.9933333396911621
0.9906250238418579
0.9860416650772095
0.9945833086967468
0.9902083277702332
0.9945833086967468
0.9983333349227905
0.9945833086967468
0.9904166460037231
0.9929166436195374
0.9885416626930237
0.9927083253860474
0.9972916841506958
0.9962499737739563
0.9958333373069763
0.9958333373069763
0.9918749928474426
0.9975000023841858
0.9937499761581421
0.9922916889190674
0.9914583563804626
0.9920833110809326
0.9950000047683716
0.9943749904632568
0.9931250214576721
0.9920833110809326
0.9945833086967468
0.9987499713897705
0.9922916889190674
0.9922916889190674
0.9939583539962769
0.9943749904632568
0.9943749904632568
0.9954166412353516
0.9937499761581421
0.9962499737739563
0.9910416603088379

training history val accuracy
0.9200000166893005
0.6233333349227905
0.6675000190734863
0.9133333563804626
0.9291666746139526
0.5475000143051147
0.9516666531562805
0.5083333253860474
0.5241666436195374
0.49166667461395264
0.7091666460037231
0.7141666412353516
0.9366666674613953
0.5975000262260437
0.4983333349227905
0.9766666889190674
0.9491666555404663
0.7825000286102295
0.5416666865348816
0.9516666531562805
0.7875000238418579
0.49166667461395264
0.6050000190734863
0.49166667461395264
0.9608333110809326
0.8774999976158142
0.9308333396911621
0.8208333253860474
0.6549999713897705
0.9233333468437195
0.9683333039283752
0.5141666531562805
0.9725000262260437
0.9325000047683716
0.8725000023841858
0.8958333134651184
0.5833333134651184
0.9441666603088379
0.9783333539962769
0.9766666889190674
0.9733333587646484
0.9599999785423279
0.9783333539962769
0.8358333110809326
0.8858333230018616
0.8916666507720947
0.971666693687439
0.9616666436195374
0.9783333539962769
0.5224999785423279
0.5108333230018616
0.49166667461395264
0.815833330154419
0.9791666865348816
0.9325000047683716
0.7599999904632568
0.9599999785423279
0.6941666603088379
0.862500011920929
0.9775000214576721
0.9800000190734863
0.9649999737739563
0.7124999761581421
0.9366666674613953
0.5899999737739563
0.9449999928474426
0.5149999856948853
0.9725000262260437
0.7975000143051147
0.9524999856948853
0.9750000238418579
0.965833306312561
0.9816666841506958

training history loss
0.4380906820297241
0.25550025701522827
0.21233710646629333
0.20647616684436798
0.20168066024780273
0.19027814269065857
0.18602271378040314
0.14712685346603394
0.15485523641109467
0.13874295353889465
0.1218983605504036
0.10484524071216583
0.11707894504070282
0.10393091291189194
0.09147247672080994
0.09280060976743698
0.09046027809381485
0.08066872507333755
0.0675349161028862
0.060334764420986176
0.06507011502981186
0.050108443945646286
0.051254671066999435
0.05042643845081329
0.05350705608725548
0.06487202644348145
0.0511525422334671
0.04550611227750778
0.025012122467160225
0.05765172466635704
0.03579297661781311
0.03252240642905235
0.04637620598077774
0.02723381109535694
0.03495015576481819
0.04264412075281143
0.022444067522883415
0.03238574042916298
0.0426102913916111
0.022540943697094917
0.03304899483919144
0.025018509477376938
0.00608291057869792
0.01704777404665947
0.03434668481349945
0.02614458091557026
0.038761720061302185
0.026599489152431488
0.008160233497619629
0.01504889503121376
0.014068015851080418
0.016383713111281395
0.03220456466078758
0.009677156805992126
0.024296816438436508
0.025475306436419487
0.030774196609854698
0.024228578433394432
0.017574647441506386
0.020738327875733376
0.022116806358098984
0.02602151222527027
0.015231924131512642
0.005263298749923706
0.034746840596199036
0.028673622757196426
0.02261616848409176
0.015215649269521236
0.018230173736810684
0.01701783761382103
0.022913457825779915
0.014223559759557247
0.033275846391916275

training history val loss
0.2283245027065277
0.5102658867835999
0.9314841628074646
0.2530098855495453
0.1887664794921875
3.5141313076019287
0.15484483540058136
14.281194686889648
4.917171478271484
4.166115760803223
0.6114572882652283
0.6017314195632935
0.1989326924085617
3.077085018157959
1.0434699058532715
0.0876149982213974
0.12881265580654144
0.4596148729324341
5.613064765930176
0.15988898277282715
0.6196239590644836
7.827646255493164
3.0249075889587402
3.143186330795288
0.1285039782524109
0.27299821376800537
0.19929632544517517
0.5570666790008545
1.194204330444336
0.27272891998291016
0.10556849092245102
13.98823070526123
0.09208562225103378
0.17756341397762299
0.29822051525115967
0.2661559581756592
2.332023859024048
0.14986059069633484
0.08602967858314514
0.08698096126317978
0.08779465407133102
0.16194932162761688
0.06386695802211761
0.8354208469390869
0.3123425841331482
0.5088692307472229
0.08834493905305862
0.1227618157863617
0.09147179871797562
8.921820640563965
12.793498992919922
2.909524440765381
0.7815553545951843
0.08524137735366821
0.30439913272857666
1.4640251398086548
0.13326233625411987
0.923873782157898
0.6347711682319641
0.07372931391000748
0.06604044139385223
0.1420682817697525
1.886515498161316
0.2579166293144226
1.119676947593689
0.13720251619815826
1.5210816860198975
0.08896219730377197
0.4543817639350891
0.1498612016439438
0.08496155589818954
0.11611118167638779
0.07798993587493896