training history accuracy
0.7802083492279053
0.846666693687439
0.8616666793823242
0.8479166626930237
0.8612499833106995
0.8645833134651184
0.878125011920929
0.871874988079071
0.8885416388511658
0.8835416436195374
0.8964583277702332
0.8895833492279053
0.902916669845581
0.9106249809265137
0.9066666960716248
0.909583330154419
0.9229166507720947
0.9150000214576721
0.9133333563804626
0.9231250286102295
0.92208331823349
0.9275000095367432
0.9291666746139526
0.9281250238418579
0.9293749928474426
0.9414583444595337
0.9347916841506958
0.940416693687439
0.9456250071525574
0.9477083086967468
0.9483333230018616
0.9456250071525574
0.9445833563804626
0.9483333230018616
0.9495833516120911
0.9524999856948853
0.9599999785423279
0.9568750262260437
0.9443749785423279
0.9633333086967468
0.9522916674613953
0.953125
0.9700000286102295
0.9620833396911621
0.9624999761581421
0.9620833396911621
0.9583333134651184
0.9577083587646484
0.9741666913032532
0.9679166674613953
0.9660416841506958
0.9593750238418579
0.9618750214576721
0.9710416793823242
0.9706249833106995
0.9674999713897705
0.9672916531562805
0.9743750095367432
0.9702083468437195
0.9677083492279053
0.96895831823349

training history val accuracy
0.6383333206176758
0.5766666531562805
0.4983333349227905
0.49166667461395264
0.6566666960716248
0.8958333134651184
0.9524999856948853
0.8650000095367432
0.7574999928474426
0.5516666769981384
0.8324999809265137
0.7808333039283752
0.9008333086967468
0.903333306312561
0.8866666555404663
0.4958333373069763
0.6833333373069763
0.49166667461395264
0.737500011920929
0.4925000071525574
0.9449999928474426
0.8166666626930237
0.8033333420753479
0.5391666889190674
0.6683333516120911
0.5733333230018616
0.6191666722297668
0.8799999952316284
0.6866666674613953
0.8766666650772095
0.9683333039283752
0.9325000047683716
0.5299999713897705
0.9325000047683716
0.9358333349227905
0.9491666555404663
0.6675000190734863
0.9466666579246521
0.9424999952316284
0.5758333206176758
0.7566666603088379
0.721666693687439
0.8883333206176758
0.7858333587646484
0.9233333468437195
0.949999988079071
0.49166667461395264
0.9649999737739563
0.9599999785423279
0.8216666579246521
0.8691666722297668
0.6258333325386047
0.8199999928474426
0.5616666674613953
0.934166669845581
0.5916666388511658
0.9608333110809326
0.9674999713897705
0.7350000143051147
0.6983333230018616
0.753333330154419

training history loss
0.48276907205581665
0.37212660908699036
0.3565894365310669
0.3672451674938202
0.34385740756988525
0.33235085010528564
0.30754807591438293
0.3166140019893646
0.28806591033935547
0.2791045010089874
0.25923311710357666
0.2751549184322357
0.2394833117723465
0.2305828034877777
0.22378036379814148
0.2166178673505783
0.1951228827238083
0.20709414780139923
0.21383880078792572
0.1836186945438385
0.19230090081691742
0.17977915704250336
0.17275112867355347
0.17542271316051483
0.16972240805625916
0.14938563108444214
0.1557057946920395
0.14958128333091736
0.14380142092704773
0.13017554581165314
0.12694311141967773
0.12302332371473312
0.14016203582286835
0.12603573501110077
0.12567579746246338
0.12517698109149933
0.10177155584096909
0.10745029151439667
0.13434891402721405
0.09055504947900772
0.11441009491682053
0.1170145571231842
0.08129902184009552
0.0968124270439148
0.09260525554418564
0.09595642238855362
0.10369713604450226
0.10797745734453201
0.0717938095331192
0.08249852806329727
0.09268710762262344
0.10728432983160019
0.08989101648330688
0.07517817616462708
0.07640715688467026
0.09016197174787521
0.07828855514526367
0.07128940522670746
0.07714620232582092
0.08599565923213959
0.07660435140132904

training history val loss
0.8738040924072266
1.2835533618927002
2.927809953689575
10.565319061279297
0.9714874029159546
0.2662297189235687
0.15585333108901978
0.3136868178844452
0.5033041834831238
1.2961057424545288
0.4575394093990326
0.5173490643501282
0.2522934675216675
0.2280704230070114
0.24223726987838745
2.084566354751587
1.125494122505188
11.08529281616211
0.6873388886451721
3.9884350299835205
0.1592610478401184
0.41498035192489624
0.557338535785675
1.9828057289123535
0.8904961347579956
1.292731761932373
1.4080848693847656
0.3205185830593109
0.7107135653495789
0.29863253235816956
0.08915182203054428
0.17310361564159393
3.223187208175659
0.1943817436695099
0.16510920226573944
0.14420484006404877
1.2761250734329224
0.14323842525482178
0.15586115419864655
2.087918519973755
0.8730939626693726
0.8277286887168884
0.30938825011253357
0.636147141456604
0.201389342546463
0.1323973536491394
4.579984188079834
0.1148376315832138
0.11293959617614746
0.5644515156745911
0.4491223096847534
1.737317681312561
0.5884789228439331
2.083585739135742
0.23896335065364838
2.0431954860687256
0.11505456268787384
0.10754048824310303
1.1982979774475098
1.286639928817749
0.8618621826171875