training history accuracy
0.8035416603088379
0.8491666913032532
0.87520831823349
0.877916693687439
0.8802083134651184
0.8912500143051147
0.9114583134651184
0.8997916579246521
0.8929166793823242
0.9056249856948853
0.90645831823349
0.9125000238418579
0.9137499928474426
0.9172916412353516
0.9212499856948853
0.9147916436195374
0.9125000238418579
0.9191666841506958
0.9281250238418579
0.9208333492279053
0.9370833039283752
0.9352083206176758
0.9412500262260437
0.9443749785423279
0.93729168176651
0.9412500262260437
0.9495833516120911
0.9591666460037231
0.9424999952316284
0.9479166865348816
0.95291668176651
0.9618750214576721
0.9518749713897705
0.9545833468437195
0.9545833468437195
0.9597916603088379
0.9602083563804626
0.9570833444595337
0.9645833373069763
0.95291668176651
0.9674999713897705
0.9633333086967468
0.9664583206176758
0.9664583206176758
0.96854168176651
0.9649999737739563
0.9702083468437195
0.9750000238418579
0.9695833325386047
0.972083330154419
0.9710416793823242
0.9708333611488342
0.971666693687439
0.9777083396911621
0.9691666960716248
0.972083330154419
0.9795833230018616
0.9737499952316284
0.9710416793823242
0.9781249761581421
0.9727083444595337
0.9772916436195374
0.9795833230018616
0.9783333539962769
0.9760416746139526
0.9772916436195374
0.9785416722297668
0.9783333539962769

training history val accuracy
0.5083333253860474
0.9399999976158142
0.4958333373069763
0.512499988079071
0.5091666579246521
0.7608333230018616
0.7133333086967468
0.5799999833106995
0.6691666841506958
0.9424999952316284
0.8308333158493042
0.9424999952316284
0.7950000166893005
0.9583333134651184
0.8983333110809326
0.9158333539962769
0.9599999785423279
0.9300000071525574
0.7566666603088379
0.9308333396911621
0.9558333158493042
0.9583333134651184
0.89083331823349
0.9641666412353516
0.9474999904632568
0.9066666960716248
0.9158333539962769
0.5891666412353516
0.9641666412353516
0.9758333563804626
0.8475000262260437
0.6349999904632568
0.949999988079071
0.9741666913032532
0.9599999785423279
0.9741666913032532
0.9691666960716248
0.9791666865348816
0.971666693687439
0.8858333230018616
0.9750000238418579
0.95333331823349
0.9266666769981384
0.9175000190734863
0.9750000238418579
0.9083333611488342
0.9624999761581421
0.9383333325386047
0.9758333563804626
0.9766666889190674
0.9458333253860474
0.4566666781902313
0.9225000143051147
0.9466666579246521
0.8308333158493042
0.9633333086967468
0.9691666960716248
0.9366666674613953
0.9733333587646484
0.9725000262260437
0.9633333086967468
0.9449999928474426
0.9599999785423279
0.9633333086967468
0.9608333110809326
0.9516666531562805
0.9491666555404663
0.9633333086967468

training history loss
0.43640202283859253
0.3680259585380554
0.32426270842552185
0.3177092969417572
0.30842554569244385
0.2863633334636688
0.24969784915447235
0.2528599500656128
0.2709629535675049
0.24175043404102325
0.23157350718975067
0.21897819638252258
0.22024445235729218
0.20510119199752808
0.20402255654335022
0.2052498310804367
0.20060592889785767
0.19206203520298004
0.1728079915046692
0.19210602343082428
0.15255743265151978
0.14640256762504578
0.14834710955619812
0.14232419431209564
0.15463444590568542
0.14515161514282227
0.12172538787126541
0.1112387478351593
0.14184175431728363
0.12928429245948792
0.1122133880853653
0.09818432480096817
0.11042623966932297
0.11320465058088303
0.10539411753416061
0.09457308799028397
0.10049274563789368
0.10191447287797928
0.0897228866815567
0.10854843258857727
0.08580689132213593
0.09253274649381638
0.08278073370456696
0.08893019706010818
0.08115030080080032
0.08643964678049088
0.0724802315235138
0.06721452623605728
0.07461607456207275
0.07283077389001846
0.07504379004240036
0.08249370753765106
0.07290095835924149
0.060263797640800476
0.07859939336776733
0.07204911857843399
0.05537740886211395
0.0707542821764946
0.07363776117563248
0.056204650551080704
0.07763522118330002
0.06094667315483093
0.053750958293676376
0.059842512011528015
0.06619683653116226
0.05986125394701958
0.05704168975353241
0.056817278265953064

training history val loss
2.1657662391662598
0.1562241166830063
2.9782931804656982
5.129944801330566
8.540589332580566
0.5227560997009277
0.7785961627960205
1.3990199565887451
0.9428104758262634
0.14670415222644806
0.30785784125328064
0.15216726064682007
0.38943421840667725
0.12139461189508438
0.2551228702068329
0.2656185030937195
0.1440204530954361
0.1732734888792038
0.7546486258506775
0.2249799370765686
0.14367009699344635
0.12209845334291458
0.2441842406988144
0.09083406627178192
0.16440171003341675
0.21517497301101685
0.20711170136928558
0.9976950883865356
0.10254308581352234
0.07575123012065887
0.39955928921699524
1.0431991815567017
0.12914708256721497
0.09090834110975266
0.1271674931049347
0.08124171942472458
0.10611320286989212
0.058815404772758484
0.09651096165180206
0.3335833251476288
0.08191768079996109
0.16447234153747559
0.1907731145620346
0.23243580758571625
0.061551906168460846
0.2638666033744812
0.11107105016708374
0.1805998831987381
0.07068755477666855
0.0612914003431797
0.15564487874507904
1.788723349571228
0.24779193103313446
0.17187221348285675
0.4680619239807129
0.11571156978607178
0.0867825448513031
0.18525899946689606
0.08224420249462128
0.07996749132871628
0.12295651435852051
0.13698118925094604
0.1319751739501953
0.11074557155370712
0.10589142888784409
0.14468128979206085
0.18654577434062958
0.11331503838300705