test data loss : 0.11402235180139542
test data accyracy : 0.9509999752044678

training history accuracy
0.9725000262260437
0.9920833110809326
0.9943749904632568
0.9972916841506958
0.9956250190734863
0.9972916841506958
0.9991666674613953
0.9941666722297668
0.9979166388511658
0.9979166388511658
0.9991666674613953
0.9972916841506958
0.9985416531562805
0.9987499713897705
0.99979168176651
0.9989583492279053
0.9995833039283752
0.9975000023841858
1.0
0.9964583516120911
0.99979168176651
0.9995833039283752
0.99979168176651
0.9983333349227905
0.9979166388511658
0.99979168176651
1.0
0.9993749856948853
0.9979166388511658
0.9985416531562805

training history val accuracy
0.5083333253860474
0.5083333253860474
0.5083333253860474
0.5083333253860474
0.5083333253860474
0.5083333253860474
0.5083333253860474
0.9950000047683716
0.9683333039283752
0.9816666841506958
0.996666669845581
0.7808333039283752
0.8858333230018616
0.5608333349227905
0.9991666674613953
0.5116666555404663
0.5
0.9925000071525574
0.9958333373069763
0.9616666436195374
0.596666693687439
0.4950000047683716
0.9991666674613953
0.5116666555404663
0.4950000047683716
0.9908333420753479
0.9908333420753479
0.8866666555404663
0.6474999785423279
0.9458333253860474

training history loss
0.06465621292591095
0.02434573508799076
0.013606907799839973
0.008656146004796028
0.014516059309244156
0.0077624511905014515
0.002339443424716592
0.019381504505872726
0.008158741518855095
0.006704328116029501
0.003414347069337964
0.007590264547616243
0.003999033011496067
0.003903682343661785
0.0007711598300375044
0.0029079709202051163
0.0013658386887982488
0.0054954541847109795
0.0003390233323443681
0.0076584951020777225
0.002411525696516037
0.001203031511977315
0.0009691204759292305
0.004099755547940731
0.00654255598783493
0.0006619634805247188
0.0004921244108118117
0.0017399644711986184
0.00519594457000494
0.0037976412568241358

training history val loss
5.913280487060547
6.355876445770264
6.116344451904297
4.062605381011963
6.748876094818115
5.2102532386779785
5.039233207702637
0.017439179122447968
0.09986285120248795
0.050023920834064484
0.006576910614967346
0.7648168802261353
0.474274605512619
1.7096041440963745
0.0025498841423541307
3.3844430446624756
4.263470649719238
0.023641200736165047
0.008928588591516018
0.12264368683099747
2.311774730682373
4.222534656524658
0.0046140169724822044
4.469017505645752
7.272716522216797
0.02452714368700981
0.027008647099137306
0.44389745593070984
1.6222385168075562
0.14689674973487854