test data loss : 0.010759808123111725
test data accyracy : 0.9990000128746033

training history accuracy
0.9791666865348816
0.9939583539962769
0.9954166412353516
0.9941666722297668
0.9952083230018616
0.9975000023841858
0.997083306312561
0.9993749856948853
0.9987499713897705
0.9989583492279053
0.9979166388511658
0.99979168176651
1.0
1.0
1.0
1.0
1.0
0.99979168176651
0.9956250190734863
0.996666669845581
0.9983333349227905
0.9987499713897705
0.996666669845581
0.9991666674613953
0.9993749856948853
0.99979168176651
0.9977083206176758
0.9975000023841858
1.0
1.0

training history val accuracy
0.5083333253860474
0.5083333253860474
0.5083333253860474
0.5083333253860474
0.5083333253860474
0.5299999713897705
0.5258333086967468
0.6583333611488342
0.4925000071525574
0.4958333373069763
0.9933333396911621
1.0
0.9333333373069763
0.9941666722297668
1.0
1.0
0.9491666555404663
0.9733333587646484
0.5083333253860474
0.996666669845581
0.4950000047683716
0.4950000047683716
0.4925000071525574
0.9991666674613953
0.9883333444595337
0.5099999904632568
0.49166667461395264
0.715833306312561
1.0
0.9991666674613953

training history loss
0.05319155752658844
0.01736261695623398
0.013709713704884052
0.01667766645550728
0.013341924175620079
0.007898603565990925
0.009998498484492302
0.003240920603275299
0.0043319640681147575
0.003972350154072046
0.008121638558804989
0.0009411531500518322
0.00028679065871983767
0.0001638110406929627
0.00020257817232050002
0.00010840470349648967
0.00016506061365362257
0.000684630183968693
0.014946306124329567
0.010226799175143242
0.005253583192825317
0.003272965084761381
0.009152714163064957
0.003504193155094981
0.002132181776687503
0.00061351916519925
0.008429289795458317
0.007682205643504858
0.0005759520572610199
0.00020684284390881658

training history val loss
4.989749431610107
2.4495315551757812
4.168589115142822
5.732697010040283
5.408738613128662
2.202892303466797
2.927072525024414
1.6342462301254272
4.793718338012695
3.7368786334991455
0.018964847549796104
0.0004945404944010079
0.2240884155035019
0.01834796741604805
8.766460086917505e-05
7.194090721895918e-05
0.18542362749576569
0.11657074093818665
15.320758819580078
0.007460924796760082
6.434164524078369
3.687915563583374
5.644961357116699
0.002336160745471716
0.041709981858730316
3.2547614574432373
42.10679626464844
0.9771667718887329
0.0011357303010299802
0.0025525642558932304