test data loss : 6.843745231628418
test data accyracy : 0.5

training history accuracy
0.9754166603088379
0.9958333373069763
0.9918749928474426
0.9943749904632568
0.996874988079071
0.9979166388511658
0.9975000023841858
0.996874988079071
0.9987499713897705
0.9975000023841858
0.9977083206176758
0.9985416531562805
0.996874988079071
0.9975000023841858
0.9993749856948853
0.997083306312561
0.9995833039283752
1.0
1.0
1.0
1.0
1.0
1.0
1.0
0.9937499761581421
0.997083306312561
0.9956250190734863
0.9987499713897705
0.9977083206176758
0.9985416531562805

training history val accuracy
0.5083333253860474
0.5083333253860474
0.5083333253860474
0.5083333253860474
0.5083333253860474
0.5083333253860474
0.5208333134651184
0.5083333253860474
0.9933333396911621
0.8033333420753479
0.9816666841506958
0.996666669845581
0.5366666913032532
0.7166666388511658
0.8458333611488342
0.6791666746139526
0.9858333468437195
1.0
0.9991666674613953
1.0
1.0
0.9991666674613953
0.9275000095367432
0.9983333349227905
0.49166667461395264
0.9950000047683716
0.49166667461395264
0.9016666412353516
0.9075000286102295
0.5083333253860474

training history loss
0.064040407538414
0.014535697177052498
0.023137670010328293
0.01711985655128956
0.010892919264733791
0.006327799055725336
0.007407951168715954
0.009643700905144215
0.005028615240007639
0.007562665268778801
0.006911769509315491
0.006142975762486458
0.010431322269141674
0.00828538741916418
0.002228445839136839
0.006528026890009642
0.001019373768940568
0.00020855337788816541
0.0001655599189689383
0.00033119277213700116
7.282965088961646e-05
0.00011689277016557753
0.00019219901878386736
0.00014125379675533623
0.019504429772496223
0.01018902100622654
0.014554147608578205
0.0032459828071296215
0.006864284630864859
0.002945369342342019

training history val loss
5.8139328956604
5.741808891296387
4.039164066314697
5.956067085266113
5.869802951812744
7.549519062042236
4.710575580596924
6.5861687660217285
0.019953642040491104
0.5411797165870667
0.07307867705821991
0.007901419885456562
5.367762088775635
1.0113991498947144
0.7973869442939758
1.033165693283081
0.03513014316558838
0.0004056388861499727
0.0024122472386807203
7.409496902255341e-05
0.00020606676116585732
0.0020649642683565617
0.25626593828201294
0.007567672058939934
47.7661247253418
0.014159032143652439
42.79615783691406
0.2509778141975403
0.6035146117210388
6.790747165679932