test data loss : 0.3931847810745239
test data accyracy : 0.8980000019073486

training history accuracy
0.9764583110809326
0.9956250190734863
0.9922916889190674
0.997083306312561
0.9975000023841858
0.9958333373069763
0.9962499737739563
0.9983333349227905
0.9979166388511658
0.9975000023841858
0.9983333349227905
0.9991666674613953
0.9981250166893005
0.9979166388511658
0.9989583492279053
0.9993749856948853
0.9977083206176758
0.9981250166893005
0.9979166388511658
0.9995833039283752
0.99979168176651
1.0
1.0
0.99979168176651
0.9985416531562805
0.9987499713897705
0.9987499713897705
0.9991666674613953
0.9987499713897705
0.9993749856948853

training history val accuracy
0.5083333253860474
0.5083333253860474
0.5083333253860474
0.5083333253860474
0.5083333253860474
0.5083333253860474
0.9283333420753479
0.5666666626930237
0.8274999856948853
0.7250000238418579
0.8833333253860474
0.590833306312561
0.9900000095367432
0.5099999904632568
1.0
0.5550000071525574
0.4975000023841858
0.8858333230018616
0.6658333539962769
0.9941666722297668
1.0
1.0
0.9383333325386047
0.5824999809265137
0.49166667461395264
0.49166667461395264
0.49166667461395264
0.4950000047683716
0.528333306312561
0.8933333158493042

training history loss
0.060312602669000626
0.01918022707104683
0.02085171826183796
0.010414759628474712
0.008437034673988819
0.013477793894708157
0.013649646192789078
0.006257651839405298
0.006611492019146681
0.007774284575134516
0.005399120040237904
0.0024515369441360235
0.006592659279704094
0.004893493838608265
0.003983902744948864
0.0016691668424755335
0.0068016983568668365
0.005085665266960859
0.0059875561855733395
0.001476034289225936
0.0005522503051906824
9.9984958069399e-05
0.0002526315802242607
0.0005846581771038473
0.006099088117480278
0.00439507095143199
0.0034441256430000067
0.0020297325681895018
0.0035058145876973867
0.0021466934122145176

training history val loss
6.288032531738281
5.898573398590088
5.268963813781738
4.596461772918701
6.029240608215332
4.628933429718018
0.20759057998657227
2.845848321914673
0.41948091983795166
0.8999833464622498
0.40502265095710754
3.24727201461792
0.04323858395218849
6.7478227615356445
0.0021765416022390127
2.781810998916626
8.651775360107422
0.4837379455566406
2.274846076965332
0.02368788793683052
0.0005815301556140184
0.00043572246795520186
0.1936333030462265
2.731731653213501
8.881348609924316
21.141239166259766
9.240861892700195
8.748488426208496
5.249260902404785
0.4059014618396759