test data loss : 1.6719934940338135
test data accyracy : 0.6380000114440918

training history accuracy
0.9802083373069763
0.9935416579246521
0.9943749904632568
0.9964583516120911
0.9977083206176758
0.9933333396911621
0.9977083206176758
0.9985416531562805
0.9993749856948853
0.9950000047683716
0.996666669845581
0.9991666674613953
0.996666669845581
0.9989583492279053
0.9989583492279053
0.9993749856948853
1.0
0.99979168176651
0.996666669845581
0.9993749856948853
1.0
0.9995833039283752
0.9991666674613953
1.0
0.99979168176651
0.9985416531562805
0.9985416531562805
0.9989583492279053
0.9993749856948853
0.9993749856948853

training history val accuracy
0.5083333253860474
0.5083333253860474
0.5083333253860474
0.49166667461395264
0.5083333253860474
0.5174999833106995
0.8808333277702332
0.8125
0.7758333086967468
0.49416667222976685
0.5708333253860474
0.5008333325386047
0.971666693687439
0.565833330154419
0.4925000071525574
1.0
1.0
0.5133333206176758
0.9691666960716248
0.9616666436195374
0.9599999785423279
0.5
0.9850000143051147
0.996666669845581
0.9725000262260437
0.9833333492279053
0.9633333086967468
0.6324999928474426
0.9925000071525574
0.6466666460037231

training history loss
0.052994731813669205
0.02034972608089447
0.016485195606946945
0.010640528984367847
0.007310289423912764
0.016864053905010223
0.009075576439499855
0.005046531558036804
0.0030165689531713724
0.012683511711657047
0.009315833449363708
0.00263340980745852
0.009193560108542442
0.0031709913164377213
0.0047423867508769035
0.0028430491220206022
0.0003032713430002332
0.0009727739379741251
0.010815000161528587
0.002180153504014015
0.0005185460322536528
0.0008298821048811078
0.0027587732765823603
0.00030225113732740283
0.0010897460160776973
0.00563783198595047
0.004426083527505398
0.0031432383693754673
0.0022785391192883253
0.0022379697766155005

training history val loss
5.3724212646484375
3.9669904708862305
4.925639629364014
0.7747116088867188
6.1318864822387695
3.1519978046417236
0.39584434032440186
0.7920639514923096
0.7968915104866028
3.9222099781036377
3.0730621814727783
3.26339054107666
0.14919710159301758
3.1727023124694824
3.7711894512176514
0.0004195447836536914
9.868738561635837e-05
5.477470874786377
0.12496784329414368
0.10128400474786758
0.11174169927835464
3.2412595748901367
0.04942275211215019
0.006610609125345945
0.15079806745052338
0.05121585354208946
0.10147302597761154
1.8652856349945068
0.023681269958615303
1.6815541982650757