test data loss : 7.36270809173584
test data accyracy : 0.5

training history accuracy
0.9789583086967468
0.9943749904632568
0.9943749904632568
0.9958333373069763
0.9981250166893005
0.9950000047683716
0.9972916841506958
0.9989583492279053
0.9985416531562805
0.997083306312561
0.9989583492279053
0.9983333349227905
0.9991666674613953
0.9993749856948853
0.9979166388511658
0.996666669845581
0.9979166388511658
0.99979168176651
0.9981250166893005
0.9987499713897705
1.0
0.99979168176651
0.9995833039283752
0.9960416555404663
0.996874988079071
0.9995833039283752
0.9995833039283752
1.0
0.99979168176651
0.9979166388511658

training history val accuracy
0.5083333253860474
0.5083333253860474
0.5083333253860474
0.5083333253860474
0.5083333253860474
0.5083333253860474
0.9933333396911621
0.5133333206176758
0.8633333444595337
0.6449999809265137
0.4933333396911621
0.4950000047683716
0.9858333468437195
0.6816666722297668
0.6608333587646484
0.9316666722297668
0.5674999952316284
0.9850000143051147
0.4925000071525574
0.9700000286102295
0.8125
0.9483333230018616
0.9908333420753479
0.49166667461395264
0.49166667461395264
0.9316666722297668
0.9975000023841858
1.0
0.8616666793823242
0.49166667461395264

training history loss
0.055607814341783524
0.018974710255861282
0.015511137433350086
0.012427346780896187
0.006145418621599674
0.015484984964132309
0.007773967459797859
0.004576777573674917
0.005138255190104246
0.00911820400506258
0.0039612608961761
0.006351757794618607
0.0034304670989513397
0.0026375914458185434
0.007040585856884718
0.007968997582793236
0.007381719537079334
0.0011126251192763448
0.006947483401745558
0.0045860810205340385
0.0005664487835019827
0.0007850566762499511
0.0016287214821204543
0.009518580511212349
0.007241965737193823
0.001500585931353271
0.0015417146496474743
0.0004843673959840089
0.0009701373055577278
0.004803130403161049

training history val loss
6.709644317626953
5.770289421081543
4.0257182121276855
5.407045841217041
5.164755344390869
7.16383695602417
0.020965762436389923
3.239348888397217
0.5235739350318909
1.1800756454467773
7.517052173614502
5.65110969543457
0.07118254154920578
1.5205297470092773
2.1000471115112305
0.2633962631225586
1.718720555305481
0.04358465224504471
22.044857025146484
0.0949513241648674
0.5867951512336731
0.16374258697032928
0.0325552374124527
47.09666442871094
5.851858139038086
0.18797288835048676
0.003099495079368353
0.0002010826428886503
0.5475695729255676
7.525705337524414