test data loss : 0.7766302824020386
test data accyracy : 0.8519999980926514

training history accuracy
0.9789583086967468
0.9939583539962769
0.9950000047683716
0.9927083253860474
0.9927083253860474
0.9979166388511658
0.9979166388511658
0.9979166388511658
0.9993749856948853
0.9991666674613953
0.9981250166893005
0.9983333349227905
0.9945833086967468
0.9987499713897705
0.9989583492279053
0.9975000023841858
0.9977083206176758
0.9991666674613953
0.9989583492279053
1.0
1.0
1.0
1.0
0.996874988079071
0.9975000023841858
0.9985416531562805
0.9995833039283752
0.9977083206176758
0.9985416531562805
0.9993749856948853

training history val accuracy
0.5083333253860474
0.5083333253860474
0.5083333253860474
0.5083333253860474
0.5083333253860474
0.5083333253860474
0.5116666555404663
0.8441666960716248
0.7191666960716248
0.6625000238418579
0.5274999737739563
0.49166667461395264
0.4958333373069763
0.9983333349227905
0.4925000071525574
0.6641666889190674
0.5074999928474426
0.5083333253860474
0.49166667461395264
0.4950000047683716
0.9883333444595337
0.9558333158493042
0.9991666674613953
0.4950000047683716
0.5083333253860474
0.9950000047683716
0.4950000047683716
0.9750000238418579
0.6008333563804626
0.8541666865348816

training history loss
0.059813812375068665
0.021888315677642822
0.013921532779932022
0.022290844470262527
0.021879568696022034
0.009724625386297703
0.009238207712769508
0.005989967379719019
0.0034547916147857904
0.003428357420489192
0.004200539086014032
0.004757104907184839
0.017354482784867287
0.003920623566955328
0.00443413807079196
0.006776447407901287
0.004594149999320507
0.0025453923735767603
0.003488072892650962
0.0006261373055167496
0.00038294188561849296
0.00036185039789415896
0.0004465860256459564
0.010778390802443027
0.008111820556223392
0.0032499097287654877
0.0015631814021617174
0.00715892156586051
0.002784240525215864
0.0013246308080852032

training history val loss
5.566152095794678
7.162997245788574
6.568077564239502
3.992767333984375
3.784546375274658
5.620022773742676
3.4656143188476562
0.5141193866729736
1.0672286748886108
2.058953285217285
4.418703556060791
7.555332660675049
6.932818412780762
0.009359460324048996
9.57482624053955
3.6541080474853516
3.2056000232696533
8.326899528503418
20.86833953857422
3.7439138889312744
0.044605787843465805
0.1483401358127594
0.001952483202330768
12.033050537109375
8.65445327758789
0.013819773681461811
6.779826641082764
0.08515166491270065
3.4481303691864014
0.7898798584938049