test data loss : 0.03025961108505726
test data accyracy : 0.9940000176429749

training history accuracy
0.9806249737739563
0.9929166436195374
0.9929166436195374
0.9945833086967468
0.9975000023841858
0.9956250190734863
0.9979166388511658
0.9987499713897705
0.997083306312561
0.9991666674613953
0.9958333373069763
0.9981250166893005
0.9977083206176758
0.9962499737739563
0.9989583492279053
0.9991666674613953
0.9983333349227905
0.9995833039283752
0.9991666674613953
0.9993749856948853
0.99979168176651
1.0
1.0
1.0
1.0
0.9985416531562805
0.9945833086967468
0.9991666674613953
1.0
1.0

training history val accuracy
0.5083333253860474
0.5083333253860474
0.5083333253860474
0.5083333253860474
0.5083333253860474
0.5083333253860474
0.5199999809265137
0.8841666579246521
0.6033333539962769
0.9916666746139526
0.6474999785423279
0.9766666889190674
0.5024999976158142
0.8575000166893005
0.8866666555404663
0.987500011920929
0.6808333396911621
0.8383333086967468
0.5166666507720947
1.0
0.9291666746139526
1.0
1.0
1.0
0.9975000023841858
0.5724999904632568
0.8924999833106995
0.7666666507720947
0.8791666626930237
0.9833333492279053

training history loss
0.053160250186920166
0.022897180169820786
0.02324843965470791
0.015607968904078007
0.010392804630100727
0.015488562174141407
0.005741937085986137
0.0038385235238820314
0.011420349590480328
0.0030646855011582375
0.013273359276354313
0.004816446453332901
0.005459217820316553
0.010761408135294914
0.003578724805265665
0.003507486544549465
0.00475658755749464
0.002631704555824399
0.0031796423718333244
0.001966375857591629
0.0011907079024240375
0.00026461033849045634
6.443926395149902e-05
0.00011554771481314674
0.00019981108198408037
0.003982855938374996
0.014213123358786106
0.0020401403307914734
0.0003573627909645438
0.00015761455870233476

training history val loss
4.951228618621826
7.408073902130127
4.370167255401611
7.113195896148682
6.518925189971924
6.12724494934082
2.7448432445526123
0.41764557361602783
1.8263373374938965
0.02177429385483265
1.476788878440857
0.07411696016788483
3.3679709434509277
0.4813252389431
0.4601186215877533
0.047360848635435104
1.6870149374008179
0.5247806906700134
5.636994361877441
0.0004839871253352612
0.20391321182250977
0.0002257703454233706
5.2477636927505955e-05
2.838676118699368e-05
0.0057889861054718494
4.808402061462402
0.6974546313285828
1.506675124168396
0.5768266916275024
0.04831821098923683