test data loss : 0.009744824841618538
test data accyracy : 0.9990000128746033

training history accuracy
0.9758333563804626
0.9954166412353516
0.9922916889190674
0.9952083230018616
0.9962499737739563
0.996874988079071
0.9943749904632568
0.9979166388511658
0.9981250166893005
0.9981250166893005
0.9979166388511658
0.9991666674613953
0.9987499713897705
0.9985416531562805
0.9987499713897705
0.9989583492279053
0.9991666674613953
0.9964583516120911
0.9991666674613953
0.9985416531562805
0.9989583492279053
0.9975000023841858
0.9975000023841858
0.99979168176651
0.99979168176651
0.9993749856948853
0.9991666674613953
0.9991666674613953
0.99979168176651
0.99979168176651

training history val accuracy
0.5083333253860474
0.5083333253860474
0.5083333253860474
0.5083333253860474
0.5083333253860474
0.5183333158493042
0.5083333253860474
0.5083333253860474
0.9708333611488342
0.6725000143051147
0.9399999976158142
0.9975000023841858
0.5183333158493042
0.5291666388511658
0.57833331823349
0.9950000047683716
0.5083333253860474
0.49416667222976685
0.965833306312561
0.9958333373069763
0.7883333563804626
0.49166667461395264
0.6933333277702332
0.9983333349227905
0.996666669845581
0.9941666722297668
0.49416667222976685
0.49416667222976685
0.6683333516120911
0.996666669845581

training history loss
0.05865009129047394
0.015939926728606224
0.024224670603871346
0.014461222104728222
0.011654093861579895
0.01166792307049036
0.01334881316870451
0.005287801846861839
0.005903140176087618
0.005158275831490755
0.007361161056905985
0.003447952214628458
0.005407283548265696
0.005407337564975023
0.0028719317633658648
0.0030814383644610643
0.002054540440440178
0.00920041836798191
0.0021024916786700487
0.0053220344707369804
0.003125373274087906
0.006640499457716942
0.008611263707280159
0.001130289281718433
0.0007503954111598432
0.0012690863804891706
0.003167947754263878
0.0033302672673016787
0.0006552617414854467
0.000493611500132829

training history val loss
6.290350914001465
4.504887580871582
5.420199394226074
3.8689277172088623
5.219474792480469
3.2954769134521484
8.081621170043945
6.073002338409424
0.09893342852592468
1.1749259233474731
0.23199620842933655
0.010151611641049385
3.8851428031921387
2.5212297439575195
1.5395092964172363
0.017216818407177925
7.70876932144165
8.700737953186035
0.10188829153776169
0.015092696994543076
1.2851614952087402
8.358904838562012
3.0966711044311523
0.0030405649449676275
0.02010369300842285
0.023343149572610855
4.3951897621154785
4.836549282073975
2.1147427558898926
0.00834830105304718