test data loss : 0.014844772405922413
test data accyracy : 0.9990000128746033

training history accuracy
0.9789583086967468
0.9941666722297668
0.996874988079071
0.9962499737739563
0.9943749904632568
0.9983333349227905
0.9987499713897705
0.9989583492279053
0.9981250166893005
0.9987499713897705
0.9962499737739563
0.9987499713897705
0.9975000023841858
0.9995833039283752
0.9995833039283752
0.9983333349227905
0.9981250166893005
0.9964583516120911
0.9985416531562805
0.9987499713897705
0.9995833039283752
0.9975000023841858
0.9993749856948853
0.99979168176651
0.9987499713897705
1.0
1.0
0.9995833039283752
1.0
1.0

training history val accuracy
0.5083333253860474
0.5083333253860474
0.5083333253860474
0.5083333253860474
0.5083333253860474
0.5083333253860474
0.5083333253860474
0.5083333253860474
0.9983333349227905
0.9183333516120911
0.9958333373069763
0.5525000095367432
0.5425000190734863
0.6741666793823242
0.7483333349227905
0.5083333253860474
0.9925000071525574
0.5191666483879089
0.4933333396911621
0.49166667461395264
0.4950000047683716
0.746666669845581
0.9983333349227905
0.9983333349227905
0.8199999928474426
0.9491666555404663
0.9850000143051147
0.6650000214576721
0.9975000023841858
0.9991666674613953

training history loss
0.0544360913336277
0.018466968089342117
0.011139698326587677
0.010221104137599468
0.016500765457749367
0.006236530374735594
0.005158068612217903
0.0031129946000874043
0.007269698195159435
0.004239141009747982
0.013139539398252964
0.00392944784834981
0.008015868254005909
0.0012832923093810678
0.00177851936314255
0.004692949820309877
0.006728742737323046
0.009190150536596775
0.0048058368265628815
0.005386962555348873
0.001181305036880076
0.00585018889978528
0.0016563022509217262
0.00040978012839332223
0.00416276790201664
0.0005302204517647624
9.3696522526443e-05
0.0005718856118619442
6.067498179618269e-05
2.959896119136829e-05

training history val loss
5.984679698944092
5.428260326385498
6.399661064147949
4.954860210418701
5.463345050811768
6.116326808929443
5.941231727600098
5.000658988952637
0.004563631024211645
0.37647268176078796
0.011656886897981167
2.4412901401519775
2.654783010482788
1.4096744060516357
1.7378660440444946
6.366580963134766
0.023549316450953484
2.5668792724609375
9.09735107421875
10.918268203735352
3.847351551055908
2.0725772380828857
0.0082715954631567
0.003092064755037427
0.6901590824127197
0.15628381073474884
0.03720612823963165
2.2095909118652344
0.008705109357833862
0.0009489108924753964