test data loss : 3.5760719776153564
test data accyracy : 0.5040000081062317

training history accuracy
0.9739583134651184
0.9922916889190674
0.9958333373069763
0.9962499737739563
0.9962499737739563
0.9979166388511658
0.9981250166893005
0.9950000047683716
0.9977083206176758
0.9943749904632568
0.9985416531562805
0.9995833039283752
0.99979168176651
0.9975000023841858
0.997083306312561
0.9987499713897705
0.9991666674613953
0.9972916841506958
0.9979166388511658
0.9989583492279053
0.9991666674613953
0.9987499713897705
1.0
0.99979168176651
1.0
0.9995833039283752
0.996874988079071
0.996666669845581
0.9985416531562805
0.9985416531562805

training history val accuracy
0.5083333253860474
0.5083333253860474
0.5083333253860474
0.5083333253860474
0.5083333253860474
0.5083333253860474
0.5083333253860474
0.6016666889190674
0.5649999976158142
0.8349999785423279
0.996666669845581
0.9975000023841858
0.9608333110809326
0.9783333539962769
0.4925000071525574
0.5133333206176758
0.6991666555404663
0.4950000047683716
0.987500011920929
0.5149999856948853
0.5616666674613953
1.0
0.9975000023841858
0.5799999833106995
1.0
0.5791666507720947
0.49166667461395264
0.528333306312561
0.54666668176651
0.4975000023841858

training history loss
0.07418577373027802
0.02323409914970398
0.015405002050101757
0.012596355751156807
0.010694408789277077
0.006742140278220177
0.007350191939622164
0.015407487750053406
0.007144858129322529
0.016866333782672882
0.004774313885718584
0.0017817046027630568
0.0010209628380835056
0.006622905842959881
0.008469128981232643
0.0038424478843808174
0.002478269627317786
0.00694230617955327
0.0054094223305583
0.002378826728090644
0.005297146271914244
0.0037934111896902323
0.0002646420616656542
0.0004105029220227152
0.00026605030870996416
0.0013970682630315423
0.009190869517624378
0.008552535437047482
0.00307853682897985
0.004958399571478367

training history val loss
5.373833656311035
5.014305591583252
4.588482856750488
5.462453365325928
4.585973739624023
4.421960830688477
4.030054092407227
2.1317055225372314
2.5278756618499756
0.26399722695350647
0.010318473912775517
0.006430812645703554
0.1026783362030983
0.10291928797960281
5.552882194519043
6.5400238037109375
1.642974853515625
2.8152523040771484
0.03486208990216255
5.405480861663818
2.7355153560638428
0.0007138625369407237
0.004135068506002426
1.870553970336914
0.00042631448013707995
3.1084234714508057
19.9498233795166
5.0475993156433105
2.2659432888031006
3.7001113891601562