test data loss : 2.4934473037719727
test data accyracy : 0.5109999775886536

training history accuracy
0.9702083468437195
0.9908333420753479
0.9964583516120911
0.9972916841506958
0.9950000047683716
0.9981250166893005
0.9987499713897705
0.996874988079071
0.9975000023841858
0.99979168176651
0.9981250166893005
0.9972916841506958
0.9979166388511658
0.9993749856948853
0.9981250166893005
0.9989583492279053
0.9989583492279053
1.0
0.9989583492279053
0.9989583492279053
0.9985416531562805
0.9987499713897705
0.9981250166893005
0.9991666674613953
1.0
0.9995833039283752
0.9983333349227905
0.9995833039283752
0.9991666674613953
0.9991666674613953

training history val accuracy
0.5083333253860474
0.5083333253860474
0.5083333253860474
0.5083333253860474
0.5083333253860474
0.5083333253860474
0.5083333253860474
0.9916666746139526
0.5083333253860474
0.9524999856948853
0.996666669845581
0.49416667222976685
0.4950000047683716
0.996666669845581
0.5308333039283752
0.9991666674613953
0.5149999856948853
0.9549999833106995
0.6650000214576721
0.5008333325386047
0.9741666913032532
0.8841666579246521
0.949999988079071
0.9933333396911621
0.5724999904632568
0.49166667461395264
0.4975000023841858
0.903333306312561
0.9975000023841858
0.503333330154419

training history loss
0.07553207874298096
0.027890412136912346
0.01065500546246767
0.01020072866231203
0.016315048560500145
0.006246107164770365
0.004460507538169622
0.008583820424973965
0.006392547860741615
0.00146831339225173
0.006932468619197607
0.00837018433958292
0.006151601672172546
0.00225603929720819
0.00597460987046361
0.0027701130602508783
0.0023793084546923637
0.0009651122381910682
0.0034528295509517193
0.0035242349840700626
0.006589362397789955
0.002711791079491377
0.005576070863753557
0.0022657508961856365
0.0004841847694478929
0.0009635744499973953
0.004948190413415432
0.0018266959814354777
0.003817210206761956
0.0023158923722803593

training history val loss
7.381096363067627
7.034719944000244
6.853078842163086
7.03847074508667
7.0416131019592285
6.837326526641846
5.6528639793396
0.02587825432419777
4.846628189086914
0.13929502665996552
0.01503886841237545
9.417909622192383
7.365144729614258
0.008275751024484634
3.15810489654541
0.002405785955488682
2.3448638916015625
0.13193842768669128
1.043172001838684
4.239974021911621
0.10853708535432816
0.2531494200229645
0.2506534457206726
0.021765246987342834
1.9532318115234375
4.114424705505371
4.353684902191162
0.28954410552978516
0.005056966096162796
2.529472589492798