test data loss : 0.9342706203460693
test data accyracy : 0.7929999828338623

training history accuracy
0.9758333563804626
0.9939583539962769
0.9950000047683716
0.9960416555404663
0.9975000023841858
0.9943749904632568
0.9950000047683716
0.9975000023841858
0.9977083206176758
0.996666669845581
0.9975000023841858
0.9983333349227905
0.9960416555404663
0.9995833039283752
0.99979168176651
0.9989583492279053
0.9960416555404663
0.996666669845581
0.9985416531562805
0.99979168176651
1.0
0.9987499713897705
0.997083306312561
0.9977083206176758
0.9987499713897705
1.0
0.99979168176651
0.9991666674613953
0.99979168176651
0.99979168176651

training history val accuracy
0.5083333253860474
0.5083333253860474
0.5083333253860474
0.5083333253860474
0.5083333253860474
0.5174999833106995
0.5091666579246521
0.5083333253860474
0.5166666507720947
0.9300000071525574
0.5083333253860474
0.9850000143051147
0.7699999809265137
0.6183333396911621
0.8149999976158142
0.5600000023841858
0.6008333563804626
0.49166667461395264
0.7950000166893005
0.9908333420753479
0.9158333539962769
0.6324999928474426
0.4975000023841858
0.49416667222976685
0.6141666769981384
0.9950000047683716
0.5083333253860474
0.7674999833106995
0.9933333396911621
0.7883333563804626

training history loss
0.06055910140275955
0.017565561458468437
0.020338907837867737
0.012171716429293156
0.008559688925743103
0.01404157280921936
0.015475943684577942
0.005934970453381538
0.007144702132791281
0.010900251567363739
0.00720961345359683
0.0043785180896520615
0.012646459974348545
0.002167875412851572
0.0007659170078113675
0.0021725923288613558
0.011321412399411201
0.010206217877566814
0.004934588447213173
0.0005447441944852471
0.00028645433485507965
0.0035669493954628706
0.007136637344956398
0.004621725529432297
0.0020221746526658535
0.0005130309145897627
0.0009309431188739836
0.0016483153449371457
0.0008516733068972826
0.00091071444330737

training history val loss
7.948848247528076
6.880830764770508
6.420758247375488
6.437168598175049
7.054429531097412
3.933689832687378
5.925397872924805
4.9405364990234375
2.7115180492401123
0.18324749171733856
7.539573669433594
0.043800730258226395
1.1410340070724487
1.8969122171401978
0.5785912871360779
1.5281881093978882
2.257662534713745
17.224658966064453
1.0571140050888062
0.03454352170228958
0.2248574048280716
2.0552237033843994
4.38381290435791
9.904128074645996
1.6676214933395386
0.01487026084214449
10.709312438964844
1.1880601644515991
0.029099054634571075
0.9684557914733887