test data loss : 0.5562862157821655
test data accyracy : 0.8149999976158142

training history accuracy
0.9725000262260437
0.9929166436195374
0.9943749904632568
0.9962499737739563
0.9981250166893005
0.9954166412353516
0.9977083206176758
0.996666669845581
0.9964583516120911
0.9977083206176758
0.9983333349227905
1.0
1.0
1.0
1.0
1.0
1.0
1.0
1.0
0.9956250190734863
0.9985416531562805
0.9972916841506958
0.9964583516120911
0.9979166388511658
0.99979168176651
0.99979168176651
0.9964583516120911
0.9985416531562805
0.9995833039283752
1.0

training history val accuracy
0.5083333253860474
0.5083333253860474
0.5083333253860474
0.5083333253860474
0.5083333253860474
0.5325000286102295
0.5083333253860474
0.5608333349227905
0.49666666984558105
0.9266666769981384
0.9950000047683716
0.9933333396911621
0.9941666722297668
0.9975000023841858
1.0
0.9991666674613953
0.9991666674613953
0.9150000214576721
0.9891666769981384
0.4925000071525574
0.9333333373069763
0.8675000071525574
0.9649999737739563
0.7891666889190674
0.5
0.9858333468437195
0.49416667222976685
0.98416668176651
0.9591666460037231
0.8191666603088379

training history loss
0.07423550635576248
0.020202867686748505
0.01664104498922825
0.01298021525144577
0.006185504142194986
0.012491659261286259
0.00807709340006113
0.011373026296496391
0.009193102829158306
0.006584339775145054
0.004695299547165632
0.0005557637196034193
0.0005371001898311079
0.0003984424693044275
0.00012423058797139674
0.00014677744184155017
9.176471940008923e-05
0.0001421047782059759
0.00015528866788372397
0.013185547664761543
0.00441329088062048
0.007403185591101646
0.006863360293209553
0.005597895942628384
0.0012470704969018698
0.0005117887048982084
0.009534946642816067
0.0034429042134433985
0.0015334774507209659
0.00044047285337001085

training history val loss
8.803908348083496
9.541879653930664
7.08203125
5.691082000732422
5.599017143249512
3.999485969543457
7.219864845275879
3.791180372238159
2.7762367725372314
0.15617944300174713
0.017390236258506775
0.0193041879683733
0.01455648709088564
0.004377769306302071
0.000147801183629781
0.0009623672813177109
0.0022103246301412582
0.2932591736316681
0.0336105078458786
8.899418830871582
0.261794775724411
0.3733261823654175
0.14967840909957886
0.6742643713951111
3.220292329788208
0.04698437452316284
6.691382884979248
0.0400809720158577
0.1404942274093628
0.5437085032463074