test data loss : 0.020983170717954636
test data accyracy : 0.9959999918937683

training history accuracy
0.9777083396911621
0.9925000071525574
0.996666669845581
0.9935416579246521
0.9956250190734863
0.996666669845581
0.996874988079071
0.9975000023841858
0.9979166388511658
0.9989583492279053
0.9958333373069763
0.9995833039283752
0.9977083206176758
0.9985416531562805
0.9979166388511658
0.9981250166893005
1.0
1.0
0.997083306312561
0.9989583492279053
0.9991666674613953
0.9981250166893005
0.9987499713897705
0.9983333349227905
0.9983333349227905
0.9995833039283752
0.9991666674613953
0.9995833039283752
1.0
1.0

training history val accuracy
0.5083333253860474
0.5083333253860474
0.5083333253860474
0.5083333253860474
0.5083333253860474
0.5083333253860474
0.5233333110809326
0.5083333253860474
0.5833333134651184
0.5625
0.9941666722297668
0.9991666674613953
0.6883333325386047
0.5008333325386047
0.8174999952316284
0.9474999904632568
0.9866666793823242
0.9991666674613953
0.49166667461395264
0.5083333253860474
0.7950000166893005
0.9125000238418579
0.9666666388511658
0.4958333373069763
0.5
0.7716666460037231
0.5108333230018616
0.9958333373069763
1.0
0.9933333396911621

training history loss
0.054607320576906204
0.024576939642429352
0.01251786109060049
0.018125483766198158
0.014051059260964394
0.009726699441671371
0.009758615866303444
0.007663358934223652
0.006782319396734238
0.0034792497754096985
0.012556460686028004
0.001907821511849761
0.007368369027972221
0.005139507353305817
0.008039500564336777
0.004601593594998121
0.00022454358986578882
0.00022935966262593865
0.008082752116024494
0.0043865349143743515
0.003055466106161475
0.005775718949735165
0.004876398015767336
0.005747584626078606
0.0037275878712534904
0.001374944462440908
0.003041898598894477
0.001509933383204043
0.00023045031412038952
0.00017106003360822797

training history val loss
4.468016624450684
4.8701491355896
3.9251363277435303
7.257943630218506
7.074946403503418
6.259025573730469
3.653883457183838
6.220590591430664
2.7292537689208984
2.129758834838867
0.015457850880920887
0.0012850825442001224
2.144885778427124
2.8645150661468506
0.603594183921814
0.2385980188846588
0.03502783924341202
0.00501791387796402
15.16903305053711
7.215816974639893
0.5389031767845154
0.36385786533355713
0.14774587750434875
3.4526660442352295
4.174431800842285
0.9221616387367249
4.904915809631348
0.014056039042770863
0.0008470940520055592
0.01991872861981392