test data loss : 11.95887279510498
test data accyracy : 0.5

training history accuracy
0.9762499928474426
0.9920833110809326
0.9958333373069763
0.9954166412353516
0.9950000047683716
0.9991666674613953
0.997083306312561
0.9960416555404663
0.9977083206176758
0.997083306312561
0.9983333349227905
0.9983333349227905
0.996874988079071
0.9995833039283752
0.9987499713897705
0.99979168176651
0.9975000023841858
0.99979168176651
0.9989583492279053
0.9991666674613953
0.9995833039283752
0.9937499761581421
0.9962499737739563
0.9979166388511658
0.9985416531562805
0.9987499713897705
0.99979168176651
0.99979168176651
0.9975000023841858
0.9989583492279053

training history val accuracy
0.5083333253860474
0.5083333253860474
0.5083333253860474
0.5083333253860474
0.5083333253860474
0.5083333253860474
0.5083333253860474
0.9916666746139526
0.9850000143051147
0.9916666746139526
0.9941666722297668
0.9825000166893005
0.4925000071525574
0.9183333516120911
0.9275000095367432
0.8349999785423279
0.5041666626930237
0.9783333539962769
0.9383333325386047
0.8933333158493042
0.7975000143051147
0.612500011920929
0.49416667222976685
0.5533333420753479
0.5091666579246521
0.9983333349227905
0.996666669845581
0.5391666889190674
0.9350000023841858
0.5083333253860474

training history loss
0.06118108704686165
0.024713367223739624
0.013358510099351406
0.016750846058130264
0.017172157764434814
0.0033371110912412405
0.011728671379387379
0.014312692917883396
0.007624371908605099
0.008926915004849434
0.005326635204255581
0.004750619642436504
0.009082695469260216
0.0016307408222928643
0.003459786530584097
0.0018463339656591415
0.005617390386760235
0.0008747944957576692
0.0023373011499643326
0.002879803068935871
0.0015842616558074951
0.020203137770295143
0.009956211782991886
0.006494835950434208
0.003721656510606408
0.003855415154248476
0.0012358134845271707
0.0005610294174402952
0.005710633471608162
0.0033354361075907946

training history val loss
6.772054672241211
6.491421222686768
4.300713062286377
0.6985300779342651
6.119580268859863
4.928650379180908
5.19087553024292
0.03144695609807968
0.056804854422807693
0.027654139325022697
0.018807753920555115
0.07069942355155945
8.038966178894043
0.3208176791667938
0.3115730285644531
0.5100708603858948
3.2789807319641113
0.06984738260507584
0.28362923860549927
0.39208582043647766
0.5310351848602295
3.0888867378234863
5.820561408996582
2.045969247817993
6.120481491088867
0.004567998461425304
0.006094849202781916
5.566522598266602
0.3622851073741913
11.82218074798584