test data loss : 2.249891996383667
test data accyracy : 0.5730000138282776

training history accuracy
0.9760416746139526
0.9912499785423279
0.9964583516120911
0.9975000023841858
0.9933333396911621
0.9941666722297668
0.9962499737739563
0.9991666674613953
0.9991666674613953
0.9958333373069763
0.9977083206176758
0.9985416531562805
1.0
1.0
0.9991666674613953
0.9993749856948853
1.0
0.99979168176651
0.9987499713897705
0.996666669845581
0.9972916841506958
0.9991666674613953
0.9993749856948853
0.99979168176651
0.9991666674613953
0.9989583492279053
0.9993749856948853
0.99979168176651
0.9991666674613953
0.9987499713897705

training history val accuracy
0.5083333253860474
0.5083333253860474
0.5083333253860474
0.5083333253860474
0.5083333253860474
0.5083333253860474
0.8050000071525574
0.5583333373069763
0.6041666865348816
0.4950000047683716
0.9624999761581421
0.4950000047683716
0.9933333396911621
0.9983333349227905
0.7475000023841858
0.7483333349227905
0.987500011920929
0.9991666674613953
0.5233333110809326
0.4950000047683716
0.9383333325386047
0.9975000023841858
0.996666669845581
0.8125
0.5891666412353516
1.0
0.5383333563804626
0.9375
0.9941666722297668
0.5633333325386047

training history loss
0.06159420683979988
0.026863854378461838
0.011352717876434326
0.008340843953192234
0.018046043813228607
0.018390005454421043
0.011529725976288319
0.0034371553920209408
0.0026018351782113314
0.00903337448835373
0.006462848745286465
0.00569348968565464
0.0006934586563147604
0.00024561092141084373
0.0018323743715882301
0.0027617907617241144
0.00022393341350834817
0.0009170760749839246
0.004783846903592348
0.011182604357600212
0.0065917023457586765
0.002809800673276186
0.0020479587838053703
0.0015588914975523949
0.0029807991813868284
0.004286939278244972
0.001457076519727707
0.0009974922286346555
0.0012193912407383323
0.0036117180716246367

training history val loss
4.490909576416016
4.3543829917907715
5.119964599609375
5.157441139221191
3.2201852798461914
3.6727495193481445
0.4239240884780884
2.3446829319000244
2.8733417987823486
12.946294784545898
0.16426801681518555
3.944479465484619
0.018431276082992554
0.005445755552500486
1.1509921550750732
1.505659818649292
0.05620184540748596
0.003185040084645152
1.2536453008651733
6.327142238616943
0.17249563336372375
0.007832417264580727
0.00862056203186512
0.6798315644264221
4.45139741897583
0.00025399067089892924
2.9391958713531494
0.1671149879693985
0.01925516314804554
2.376913547515869