test data loss : 14.068730354309082
test data accyracy : 0.5

training history accuracy
0.9777083396911621
0.9947916865348816
0.996874988079071
0.9952083230018616
0.9987499713897705
0.9964583516120911
0.9985416531562805
0.9972916841506958
0.9985416531562805
0.9922916889190674
0.9975000023841858
0.9983333349227905
0.9981250166893005
0.996874988079071
1.0
1.0
1.0
0.9991666674613953
0.9985416531562805
0.997083306312561
0.9987499713897705
0.9985416531562805
0.9995833039283752
0.9989583492279053
0.99979168176651
1.0
1.0
0.99979168176651
0.9993749856948853
0.9975000023841858

training history val accuracy
0.5083333253860474
0.5083333253860474
0.5083333253860474
0.5083333253860474
0.5083333253860474
0.5083333253860474
0.5083333253860474
0.7699999809265137
0.9958333373069763
0.49166667461395264
0.4925000071525574
0.5899999737739563
0.9916666746139526
1.0
1.0
0.9975000023841858
0.9983333349227905
0.9975000023841858
0.9325000047683716
0.7566666603088379
0.9683333039283752
0.9908333420753479
0.6558333039283752
0.4950000047683716
0.9941666722297668
0.9991666674613953
0.9983333349227905
0.6958333253860474
0.7016666531562805
0.4950000047683716

training history loss
0.056983981281518936
0.02026497945189476
0.011730792932212353
0.013178970664739609
0.006422634236514568
0.010494748130440712
0.005865824408829212
0.007408360484987497
0.003833624068647623
0.024610010907053947
0.008067941293120384
0.005582439247518778
0.007494642864912748
0.007560663856565952
0.0006212237640284002
0.0004099256475456059
0.00024350787862204015
0.0034467335790395737
0.004683921113610268
0.00865141861140728
0.00365834916010499
0.002735709771513939
0.0028482857160270214
0.0026374314911663532
0.0006444219616241753
7.989869482116774e-05
0.00014349188131745905
0.0007142125978134573
0.0019695127848535776
0.009530487470328808

training history val loss
5.3923821449279785
6.130145072937012
5.533834457397461
6.077714920043945
4.871899604797363
5.325723648071289
5.602388381958008
1.197320818901062
0.008200661279261112
4.651557922363281
5.158000946044922
2.9702470302581787
0.030057795345783234
0.0022079795598983765
0.0011339383199810982
0.006010707467794418
0.0041184453293681145
0.00900183618068695
0.24236711859703064
1.160266399383545
0.1408529430627823
0.030496984720230103
2.3775599002838135
11.293065071105957
0.0152913061901927
0.003148120129480958
0.004169920925050974
1.3314884901046753
2.790797233581543
14.398174285888672