test data loss : 0.010976497083902359
test data accyracy : 0.9980000257492065

training history accuracy
0.9756249785423279
0.9912499785423279
0.9945833086967468
0.9945833086967468
0.9960416555404663
0.9972916841506958
0.997083306312561
0.9995833039283752
0.9985416531562805
0.9979166388511658
0.9956250190734863
0.9991666674613953
0.9993749856948853
1.0
0.9987499713897705
0.9958333373069763
0.9989583492279053
0.9975000023841858
0.9964583516120911
0.9995833039283752
1.0
1.0
1.0
1.0
1.0
0.9995833039283752
0.99979168176651
0.996874988079071
0.9985416531562805
0.99979168176651

training history val accuracy
0.5083333253860474
0.5083333253860474
0.5083333253860474
0.5083333253860474
0.5083333253860474
0.5083333253860474
0.5083333253860474
0.6549999713897705
0.9783333539962769
0.9925000071525574
0.49166667461395264
0.7291666865348816
0.778333306312561
0.9991666674613953
0.6650000214576721
0.6850000023841858
0.512499988079071
0.5083333253860474
0.9908333420753479
0.9991666674613953
1.0
0.9983333349227905
0.9975000023841858
0.9991666674613953
1.0
0.9883333444595337
0.6008333563804626
0.5174999833106995
0.6558333039283752
0.9975000023841858

training history loss
0.0623176135122776
0.023637020960450172
0.015267349779605865
0.016724999994039536
0.011429522186517715
0.009702533483505249
0.01051276084035635
0.002770018996670842
0.004228346049785614
0.0069144596345722675
0.014636514708399773
0.0027962680906057358
0.0021595016587525606
0.0005078667891211808
0.0037810213398188353
0.015633290633559227
0.0035703349858522415
0.005853623151779175
0.009542974643409252
0.002175154397264123
0.00024123229377437383
0.00022250389156397432
0.0002770030696410686
8.192991663236171e-05
8.547856123186648e-05
0.0006736263167113066
0.0009361832053400576
0.009211348369717598
0.005070109385997057
0.0015870081260800362

training history val loss
6.645358562469482
6.218592643737793
3.0966944694519043
7.478386402130127
7.576385974884033
5.222393989562988
4.484897613525391
1.3685534000396729
0.05245083197951317
0.021735969930887222
15.873380661010742
1.3871344327926636
0.957514226436615
0.0032663175370544195
3.0054004192352295
1.7083544731140137
3.59230637550354
8.753619194030762
0.025911934673786163
0.004415307659655809
0.0006068242946639657
0.003522548358887434
0.004502924624830484
0.0015893778763711452
0.0004394893767312169
0.03578219562768936
3.0497496128082275
7.320411205291748
1.9060620069503784
0.00615197466686368