test data loss : 2.792717456817627
test data accyracy : 0.5490000247955322

training history accuracy
0.9754166603088379
0.9945833086967468
0.9947916865348816
0.996874988079071
0.9972916841506958
0.9979166388511658
0.9979166388511658
0.996874988079071
0.9995833039283752
0.9985416531562805
0.9958333373069763
0.9979166388511658
0.9987499713897705
0.997083306312561
0.9993749856948853
0.997083306312561
0.9991666674613953
0.9989583492279053
1.0
0.9985416531562805
0.9987499713897705
0.9991666674613953
0.9991666674613953
0.9995833039283752
1.0
1.0
1.0
1.0
0.9991666674613953
0.9972916841506958

training history val accuracy
0.5083333253860474
0.5083333253860474
0.5083333253860474
0.5083333253860474
0.5083333253860474
0.5083333253860474
0.5083333253860474
0.9316666722297668
0.8725000023841858
0.5
0.49166667461395264
0.4958333373069763
0.5508333444595337
0.6033333539962769
0.9891666769981384
0.51583331823349
0.4950000047683716
0.49166667461395264
0.7291666865348816
0.971666693687439
0.4950000047683716
0.49666666984558105
0.49166667461395264
0.9775000214576721
0.9916666746139526
0.9750000238418579
1.0
1.0
0.49416667222976685
0.5325000286102295

training history loss
0.06387532502412796
0.015717478469014168
0.016276538372039795
0.010423542931675911
0.009069934487342834
0.00771977286785841
0.0067324512638151646
0.00716577610000968
0.001927679986692965
0.0066012488678097725
0.011348368600010872
0.005169603507965803
0.003946148324757814
0.006964700296521187
0.001498530968092382
0.0074155996553599834
0.0040575736202299595
0.002934676595032215
0.00019346605404280126
0.004096949938684702
0.004047709051519632
0.0025018989108502865
0.002319755032658577
0.0013549242867156863
0.0003575487935449928
0.00022008096857462078
8.565056486986578e-05
0.00010146643035113811
0.0028751464560627937
0.0085929986089468

training history val loss
6.933438301086426
5.987858295440674
5.262799263000488
7.094999313354492
6.4938225746154785
7.236032485961914
5.86422872543335
0.2337871789932251
0.45712336897850037
3.478684425354004
34.89798355102539
3.3089449405670166
3.680908679962158
3.3992180824279785
0.04240240156650543
3.2168922424316406
5.789753437042236
7.458959102630615
1.2407134771347046
0.11491595208644867
8.966606140136719
4.7337327003479
10.796493530273438
0.12158696353435516
0.02026691660284996
0.09777786582708359
6.902439781697467e-05
0.00012705865083262324
5.34408712387085
2.881701946258545