training history accuracy
0.6327083110809326
0.8045833110809326
0.8324999809265137
0.8485416769981384
0.8543750047683716
0.8668749928474426
0.8789583444595337
0.8806250095367432
0.89083331823349
0.8958333134651184
0.9137499928474426
0.9212499856948853
0.9206249713897705
0.934583306312561
0.934374988079071
0.9393749833106995
0.950208306312561
0.9554166793823242
0.9581249952316284
0.9643750190734863
0.965624988079071
0.971875011920929
0.9722916483879089
0.9747916460037231
0.9735416769981384
0.9870833158493042
0.9739583134651184
0.9804166555404663
0.9791666865348816
0.9781249761581421
0.9860416650772095
0.98458331823349
0.9862499833106995
0.9864583611488342
0.9847916960716248
0.9829166531562805
0.9839583039283752
0.9783333539962769
0.987291693687439
0.9891666769981384
0.9906250238418579
0.987708330154419
0.9906250238418579
0.9910416603088379
0.9885416626930237
0.9889583587646484
0.9887499809265137
0.9870833158493042
0.9925000071525574
0.9889583587646484
0.9927083253860474
0.9887499809265137
0.9912499785423279

training history val accuracy
0.5099999904632568
0.7191666960716248
0.5083333253860474
0.5083333253860474
0.49166667461395264
0.6424999833106995
0.6541666388511658
0.49166667461395264
0.5291666388511658
0.512499988079071
0.4925000071525574
0.5083333253860474
0.7983333468437195
0.49166667461395264
0.5866666436195374
0.49166667461395264
0.7774999737739563
0.7258333563804626
0.862500011920929
0.5274999737739563
0.512499988079071
0.49416667222976685
0.8799999952316284
0.7774999737739563
0.8858333230018616
0.5291666388511658
0.8974999785423279
0.8391666412353516
0.7433333396911621
0.67166668176651
0.6025000214576721
0.800000011920929
0.7191666960716248
0.5733333230018616
0.7975000143051147
0.7950000166893005
0.7699999809265137
0.8841666579246521
0.6258333325386047
0.7558333277702332
0.7916666865348816
0.85916668176651
0.8141666650772095
0.89083331823349
0.7066666483879089
0.7791666388511658
0.6650000214576721
0.6150000095367432
0.8766666650772095
0.8600000143051147
0.8291666507720947
0.6700000166893005
0.8808333277702332

training history loss
0.6545205116271973
0.43568551540374756
0.390503853559494
0.35583582520484924
0.3484894931316376
0.32317233085632324
0.3095296323299408
0.29900816082954407
0.27715030312538147
0.2556619644165039
0.2301647961139679
0.20647230744361877
0.2037280946969986
0.18239188194274902
0.18913723528385162
0.1683701127767563
0.1414618045091629
0.13015586137771606
0.1250227689743042
0.1132817342877388
0.10362455248832703
0.0915716141462326
0.0892854779958725
0.08652906119823456
0.08221559971570969
0.04694599285721779
0.08410821110010147
0.06383105367422104
0.07164441794157028
0.06665513664484024
0.045102037489414215
0.059869036078453064
0.048649322241544724
0.046593908220529556
0.057541847229003906
0.05601748079061508
0.050659652799367905
0.07206932455301285
0.0460687130689621
0.036188334226608276
0.03138643875718117
0.04108262062072754
0.03170686960220337
0.033152636140584946
0.03777075558900833
0.030579013749957085
0.04378429800271988
0.042279407382011414
0.03144032508134842
0.03644859790802002
0.02386617474257946
0.04208298400044441
0.03448212146759033

training history val loss
1.5131211280822754
0.557611882686615
1.6724025011062622
3.7329792976379395
4.81920862197876
0.9998785257339478
1.1009517908096313
6.627110958099365
1.1297729015350342
1.8535571098327637
1.1577290296554565
2.1146905422210693
0.696364164352417
2.0677599906921387
0.6569763422012329
2.1487035751342773
0.5428674817085266
0.5479492545127869
0.34217512607574463
1.2396913766860962
6.306634902954102
1.0604276657104492
0.2935391366481781
0.7022004723548889
0.43778538703918457
2.0555832386016846
0.3052484691143036
0.45760372281074524
1.2099502086639404
0.6211986541748047
2.844141721725464
0.6797279119491577
1.3957757949829102
1.4346845149993896
0.42524415254592896
1.1169512271881104
0.4679863452911377
0.3052123188972473
1.9180306196212769
0.4789509177207947
0.5127878785133362
0.5708019137382507
0.38133957982063293
0.32140129804611206
0.8700156807899475
0.9939424395561218
1.2647409439086914
1.6122004985809326
0.32572701573371887
0.35509076714515686
0.3828534781932831
0.6466240882873535
0.3727395236492157