training history accuracy
0.8037499785423279
0.8847916722297668
0.9006249904632568
0.9139583110809326
0.9191666841506958
0.9233333468437195
0.9327083230018616
0.9410416483879089
0.9397916793823242
0.9466666579246521
0.95291668176651
0.950208306312561
0.9589583277702332
0.9595833420753479
0.9622916579246521
0.9691666960716248
0.972083330154419
0.971875011920929
0.9779166579246521
0.9770833253860474
0.9806249737739563
0.9802083373069763
0.9827083349227905
0.9795833230018616
0.98458331823349
0.9837499856948853
0.9893749952316284
0.9852083325386047
0.9868749976158142
0.9883333444595337
0.987500011920929
0.9891666769981384
0.9891666769981384
0.9808333516120911
0.9893749952316284
0.9860416650772095
0.9895833134651184
0.9893749952316284
0.9910416603088379
0.9860416650772095
0.9885416626930237
0.9933333396911621
0.9927083253860474
0.9879166483879089
0.9916666746139526
0.9910416603088379
0.9906250238418579
0.9933333396911621
0.9908333420753479
0.9910416603088379
0.9943749904632568
0.9912499785423279
0.9922916889190674
0.9906250238418579
0.9902083277702332
0.9941666722297668
0.996874988079071
0.9956250190734863
0.9922916889190674
0.9922916889190674
0.9927083253860474
0.9922916889190674
0.987708330154419

training history val accuracy
0.5116666555404663
0.8999999761581421
0.8833333253860474
0.49166667461395264
0.9208333492279053
0.49166667461395264
0.49166667461395264
0.6816666722297668
0.49166667461395264
0.5083333253860474
0.6691666841506958
0.7958333492279053
0.49166667461395264
0.9424999952316284
0.9258333444595337
0.8558333516120911
0.4925000071525574
0.7541666626930237
0.5116666555404663
0.9691666960716248
0.8508333563804626
0.8924999833106995
0.6783333420753479
0.7599999904632568
0.9333333373069763
0.5883333086967468
0.9700000286102295
0.8066666722297668
0.8683333396911621
0.5074999928474426
0.6058333516120911
0.8116666674613953
0.9791666865348816
0.7316666841506958
0.95333331823349
0.9558333158493042
0.6816666722297668
0.903333306312561
0.8808333277702332
0.8366666436195374
0.9075000286102295
0.9666666388511658
0.9075000286102295
0.7191666960716248
0.5
0.7758333086967468
0.9583333134651184
0.6758333444595337
0.5950000286102295
0.9108333587646484
0.49416667222976685
0.9375
0.925000011920929
0.7458333373069763
0.6666666865348816
0.9375
0.5074999928474426
0.8050000071525574
0.8933333158493042
0.5299999713897705
0.9616666436195374
0.8500000238418579
0.8500000238418579

training history loss
0.4354325830936432
0.2835351824760437
0.256364643573761
0.22705107927322388
0.21871653199195862
0.21221564710140228
0.19468681514263153
0.18058659136295319
0.1720966249704361
0.1580796092748642
0.14233501255512238
0.14119075238704681
0.12014925479888916
0.12662377953529358
0.11690717190504074
0.09533890336751938
0.09596958756446838
0.08273719251155853
0.07451771199703217
0.07259725779294968
0.06969348341226578
0.06952717155218124
0.06215772032737732
0.06443819403648376
0.06081147491931915
0.060226745903491974
0.03952469304203987
0.052186816930770874
0.04373849183320999
0.049041371792554855
0.04662356153130531
0.03197602927684784
0.041921358555555344
0.06216898560523987
0.03769716992974281
0.04616280272603035
0.034185416996479034
0.039291154593229294
0.031177358701825142
0.048503171652555466
0.03794413432478905
0.020445840433239937
0.030050992965698242
0.044115230441093445
0.02757812850177288
0.032136134803295135
0.03728175908327103
0.023359911516308784
0.03191395848989487
0.032516077160835266
0.019498324021697044
0.031122220680117607
0.021258249878883362
0.032443176954984665
0.03081798553466797
0.01907639391720295
0.014297476969659328
0.016534024849534035
0.02529478259384632
0.025140630081295967
0.01972729153931141
0.02423257566988468
0.03933000564575195

training history val loss
2.9463260173797607
0.24725547432899475
0.2751057744026184
7.91693115234375
0.20820467174053192
6.854452133178711
10.500189781188965
0.8800663352012634
5.112359046936035
5.421894073486328
0.9625883102416992
0.5302569270133972
8.915719985961914
0.1420336812734604
0.17702379822731018
0.3710104525089264
10.165535926818848
1.1656088829040527
4.656450271606445
0.10354781150817871
0.6740919351577759
0.38813304901123047
1.6048003435134888
0.6586293578147888
0.21985341608524323
2.2135117053985596
0.10301888734102249
0.5631316900253296
0.48057714104652405
5.861212253570557
3.183330774307251
0.7575706839561462
0.054413266479969025
0.9144421219825745
0.1273423582315445
0.1296105831861496
1.260581612586975
0.3050939440727234
0.36190173029899597
0.3691738247871399
0.24719706177711487
0.09833776205778122
0.23922625184059143
1.1197727918624878
6.372328758239746
0.9766057133674622
0.10558023303747177
1.3932074308395386
2.351044178009033
0.334250271320343
10.490165710449219
0.20246195793151855
0.22962115705013275
1.0465800762176514
0.7374474406242371
0.19756151735782623
4.206737518310547
0.7164013981819153
0.29289552569389343
4.730922698974609
0.10333310812711716
0.37457746267318726
0.4832339584827423