test data loss : 0.6963901519775391
test data accyracy : 0.8009999990463257

training history accuracy
0.6497916579246521
0.8100000023841858
0.840833306312561
0.8518750071525574
0.8675000071525574
0.8766666650772095
0.8862500190734863
0.9118750095367432
0.9362499713897705
0.9320833086967468
0.9616666436195374
0.9697916507720947
0.9768750071525574
0.9777083396911621
0.9764583110809326
0.9808333516120911
0.9897916913032532
0.9900000095367432
0.9925000071525574
0.9822916388511658
0.9816666841506958
0.9908333420753479
0.9925000071525574
0.9908333420753479
0.9883333444595337
0.9900000095367432
0.9929166436195374
0.9858333468437195
0.9910416603088379
0.9945833086967468
0.9950000047683716
0.9943749904632568
0.9912499785423279
0.9895833134651184
0.9910416603088379
0.9927083253860474
0.9895833134651184
0.9939583539962769
0.9929166436195374
0.9902083277702332
0.9960416555404663
0.9972916841506958
0.9987499713897705
0.9954166412353516
0.9943749904632568
0.9937499761581421
0.9908333420753479
0.9929166436195374
0.9897916913032532
0.9945833086967468
0.9954166412353516
0.9964583516120911
0.9945833086967468
0.9920833110809326

training history val accuracy
0.5083333253860474
0.5083333253860474
0.5083333253860474
0.5083333253860474
0.5083333253860474
0.5083333253860474
0.5083333253860474
0.5083333253860474
0.5083333253860474
0.49166667461395264
0.7233333587646484
0.5583333373069763
0.54666668176651
0.6100000143051147
0.800000011920929
0.49166667461395264
0.5233333110809326
0.4983333349227905
0.784166693687439
0.54666668176651
0.5083333253860474
0.73416668176651
0.7541666626930237
0.7716666460037231
0.5508333444595337
0.5983333587646484
0.512499988079071
0.5083333253860474
0.5191666483879089
0.5550000071525574
0.6700000166893005
0.5083333253860474
0.5083333253860474
0.5083333253860474
0.7866666913032532
0.6675000190734863
0.7583333253860474
0.6150000095367432
0.5308333039283752
0.7766666412353516
0.6633333563804626
0.7666666507720947
0.6474999785423279
0.6000000238418579
0.5199999809265137
0.7316666841506958
0.5141666531562805
0.6433333158493042
0.5083333253860474
0.5375000238418579
0.7091666460037231
0.5450000166893005
0.7508333325386047
0.5083333253860474

training history loss
0.652099609375
0.44011256098747253
0.3798384964466095
0.3529098331928253
0.3239433467388153
0.2976768910884857
0.2646559476852417
0.21942296624183655
0.1616416573524475
0.16982342302799225
0.10452486574649811
0.08401180803775787
0.06295505166053772
0.061675235629081726
0.06398963183164597
0.052957188338041306
0.03276344761252403
0.02691333182156086
0.02471124567091465
0.04769054800271988
0.04958818107843399
0.027219664305448532
0.018636714667081833
0.024991542100906372
0.030646177008748055
0.027387110516428947
0.019379280507564545
0.038547221571207047
0.02691536955535412
0.015947706997394562
0.01578960381448269
0.012958448380231857
0.018866831436753273
0.028783846646547318
0.024448053911328316
0.022900516167283058
0.02630498632788658
0.016361238434910774
0.021461021155118942
0.027589978650212288
0.012438238598406315
0.006862218491733074
0.004551731515675783
0.011058712378144264
0.01632983796298504
0.01645895279943943
0.02503274567425251
0.01717326045036316
0.026825638487935066
0.01642201840877533
0.011699825525283813
0.012581334449350834
0.01372408028692007
0.021219495683908463

training history val loss
4.611229419708252
9.081318855285645
8.140178680419922
7.624216079711914
6.6198835372924805
8.662947654724121
6.743343830108643
8.181884765625
8.746062278747559
12.168193817138672
0.8133384585380554
2.502957820892334
2.3901381492614746
1.6426531076431274
0.80147784948349
5.648312568664551
5.882230281829834
4.681711673736572
1.0541268587112427
4.3219685554504395
10.08614444732666
0.9104015827178955
1.0028985738754272
0.766808271408081
3.190439462661743
3.328014850616455
3.820902109146118
8.428034782409668
5.943793773651123
3.836334705352783
1.1216626167297363
7.9909348487854
8.362422943115234
8.74223518371582
0.9100264310836792
1.7128928899765015
0.944841206073761
2.264202117919922
4.133793830871582
1.0353035926818848
1.8669909238815308
1.079170823097229
2.3105642795562744
2.453066349029541
5.223072052001953
1.3487282991409302
7.073148727416992
2.658926486968994
12.636259078979492
3.5829243659973145
1.6249668598175049
5.1156158447265625
1.0647547245025635
9.159316062927246