test data loss : 0.5495672821998596
test data accyracy : 0.8190000057220459

training history accuracy
0.6806250214576721
0.8108333349227905
0.8364583253860474
0.856458306312561
0.8658333420753479
0.8849999904632568
0.9002083539962769
0.9356250166893005
0.9460416436195374
0.9583333134651184
0.9725000262260437
0.98416668176651
0.971666693687439
0.9775000214576721
0.9912499785423279
0.9941666722297668
0.9837499856948853
0.9781249761581421
0.9891666769981384
0.9927083253860474
0.9950000047683716
0.9895833134651184
0.9825000166893005
0.981041669845581
0.9835416674613953
0.9933333396911621
0.9962499737739563
0.9935416579246521
0.9941666722297668
0.9860416650772095
0.9864583611488342
0.9933333396911621
0.9975000023841858
0.9987499713897705
0.9914583563804626
0.9902083277702332
0.9916666746139526
0.9900000095367432
0.9910416603088379
0.9962499737739563
0.9937499761581421
0.9933333396911621
0.9945833086967468
0.9964583516120911
0.9956250190734863

training history val accuracy
0.5083333253860474
0.5083333253860474
0.5083333253860474
0.5083333253860474
0.5083333253860474
0.5083333253860474
0.5083333253860474
0.5083333253860474
0.5083333253860474
0.5083333253860474
0.5224999785423279
0.5216666460037231
0.49166667461395264
0.51583331823349
0.7708333134651184
0.5191666483879089
0.512499988079071
0.5099999904632568
0.5083333253860474
0.5083333253860474
0.8041666746139526
0.5141666531562805
0.5433333516120911
0.5083333253860474
0.7541666626930237
0.5091666579246521
0.659166693687439
0.6458333134651184
0.6449999809265137
0.6175000071525574
0.5083333253860474
0.5508333444595337
0.5083333253860474
0.809166669845581
0.57833331823349
0.5174999833106995
0.6983333230018616
0.6658333539962769
0.5083333253860474
0.49166667461395264
0.5083333253860474
0.5083333253860474
0.5091666579246521
0.8141666650772095
0.5083333253860474

training history loss
0.6286545395851135
0.419920414686203
0.3821905553340912
0.3347867429256439
0.3099052906036377
0.2851601541042328
0.23774856328964233
0.16904783248901367
0.1366211175918579
0.10595636069774628
0.0773170217871666
0.04842216521501541
0.06986372172832489
0.05941168963909149
0.025604762136936188
0.018373573198914528
0.04422306269407272
0.06054599583148956
0.029656486585736275
0.017683304846286774
0.015608027577400208
0.02650238759815693
0.04735782369971275
0.0504675917327404
0.04156111553311348
0.022306958213448524
0.014103136025369167
0.015075638890266418
0.014447936788201332
0.03852337226271629
0.037133216857910156
0.019396167248487473
0.007777534890919924
0.006516852881759405
0.023209569975733757
0.026304539293050766
0.02134057506918907
0.0269620381295681
0.027574175968766212
0.010816964320838451
0.017734598368406296
0.019299978390336037
0.013829566538333893
0.010762379504740238
0.013042885810136795

training history val loss
5.711526870727539
7.3320465087890625
10.69246768951416
16.61490821838379
17.146743774414062
13.849173545837402
14.702857971191406
8.217093467712402
7.392014980316162
20.599571228027344
2.9676671028137207
5.549426078796387
13.425980567932129
4.345324993133545
0.6671090722084045
3.510913610458374
6.0136942863464355
6.320869445800781
7.560673236846924
8.411873817443848
0.8181903958320618
3.1001224517822266
3.9913318157196045
15.624753952026367
0.9946435689926147
8.416207313537598
1.7924385070800781
2.1457526683807373
2.160942792892456
2.537170886993408
7.434821605682373
5.4979777336120605
9.375965118408203
0.8701815009117126
3.6142866611480713
6.708822727203369
1.6955064535140991
2.067845344543457
12.555956840515137
7.526971817016602
14.929240226745605
8.045397758483887
10.651570320129395
0.8826947212219238
8.344494819641113