test data loss : 0.48898693919181824
test data accyracy : 0.8059999942779541

training history accuracy
0.6960416436195374
0.8110416531562805
0.8352083563804626
0.8527083396911621
0.8685416579246521
0.8918750286102295
0.9104166626930237
0.9166666865348816
0.93729168176651
0.956458330154419
0.9727083444595337
0.96875
0.9762499928474426
0.981249988079071
0.98416668176651
0.9847916960716248
0.9879166483879089
0.9885416626930237
0.9889583587646484
0.9904166460037231
0.9858333468437195
0.9835416674613953
0.9885416626930237
0.9908333420753479
0.9933333396911621
0.9897916913032532
0.9943749904632568
0.9931250214576721
0.9935416579246521
0.9947916865348816
0.9893749952316284
0.9933333396911621
0.9912499785423279
0.9960416555404663
0.9906250238418579
0.9904166460037231
0.9945833086967468
0.9939583539962769
0.9947916865348816
0.9916666746139526
0.9952083230018616
0.9960416555404663
0.9960416555404663
0.9952083230018616
0.9964583516120911
0.9958333373069763
0.9979166388511658
0.996874988079071
0.9908333420753479
0.9925000071525574
0.9933333396911621
0.9912499785423279
0.997083306312561
0.9981250166893005

training history val accuracy
0.5083333253860474
0.5083333253860474
0.5083333253860474
0.5083333253860474
0.5083333253860474
0.5083333253860474
0.5083333253860474
0.5083333253860474
0.5083333253860474
0.5083333253860474
0.5091666579246521
0.5083333253860474
0.49666666984558105
0.7816666960716248
0.5099999904632568
0.8266666531562805
0.5291666388511658
0.5016666650772095
0.5116666555404663
0.6066666841506958
0.5083333253860474
0.64083331823349
0.5366666913032532
0.8241666555404663
0.7441666722297668
0.5083333253860474
0.5350000262260437
0.8008333444595337
0.5216666460037231
0.5833333134651184
0.5083333253860474
0.7233333587646484
0.6583333611488342
0.6141666769981384
0.5083333253860474
0.7808333039283752
0.5216666460037231
0.5916666388511658
0.5166666507720947
0.512499988079071
0.8266666531562805
0.5083333253860474
0.8041666746139526
0.5083333253860474
0.5083333253860474
0.6808333396911621
0.8208333253860474
0.8291666507720947
0.5083333253860474
0.5083333253860474
0.5691666603088379
0.5083333253860474
0.6758333444595337
0.512499988079071

training history loss
0.6512150764465332
0.42273199558258057
0.37733352184295654
0.3521234393119812
0.3085399866104126
0.26735323667526245
0.2218279242515564
0.20381459593772888
0.154265359044075
0.10821736603975296
0.07207543402910233
0.08358094841241837
0.06490856409072876
0.049274150282144547
0.04562099277973175
0.038086503744125366
0.03263070061802864
0.03181473910808563
0.03232623264193535
0.02756025269627571
0.03821565583348274
0.04162893444299698
0.03345511481165886
0.02645258791744709
0.017334818840026855
0.029731597751379013
0.01759064942598343
0.0177152156829834
0.017597930505871773
0.01651368848979473
0.029472898691892624
0.020952343940734863
0.023001456633210182
0.01416829228401184
0.024185355752706528
0.02537415735423565
0.015413574874401093
0.01432225201278925
0.016894539818167686
0.022934915497899055
0.014148845337331295
0.01136053167283535
0.01373657863587141
0.01379594299942255
0.010406983084976673
0.010697906836867332
0.005441394634544849
0.0076758903451263905
0.031423620879650116
0.026323409751057625
0.018683044239878654
0.02282651886343956
0.009546443819999695
0.005365944933146238

training history val loss
5.297924041748047
8.08935832977295
9.43319320678711
9.43737506866455
7.413154125213623
9.658923149108887
11.290491104125977
8.52630615234375
8.620963096618652
4.33634614944458
6.285967826843262
8.046538352966309
2.767608642578125
0.6309587955474854
6.742230415344238
0.5499906539916992
4.551233291625977
3.6531014442443848
3.6698217391967773
2.7422609329223633
9.923480987548828
1.4530895948410034
2.6453609466552734
0.47162002325057983
1.1180520057678223
9.377653121948242
2.6175835132598877
0.603793203830719
4.541661739349365
3.3577489852905273
11.371280670166016
1.5055164098739624
1.3195548057556152
2.740112066268921
18.215608596801758
0.7561199069023132
3.221118927001953
3.268336296081543
5.747097969055176
7.683142185211182
0.5262107253074646
9.682822227478027
0.8128134608268738
6.799234390258789
12.742525100708008
2.0145630836486816
0.7558748722076416
0.7021170258522034
17.85577964782715
10.65804386138916
3.8974955081939697
16.202556610107422
1.9220085144042969
5.932620525360107