test data loss : 0.6440298557281494
test data accyracy : 0.7860000133514404

training history accuracy
0.6858333349227905
0.8149999976158142
0.8343750238418579
0.8506249785423279
0.8672916889190674
0.8797916769981384
0.9087499976158142
0.9225000143051147
0.9491666555404663
0.9595833420753479
0.96875
0.9706249833106995
0.9793750047683716
0.9816666841506958
0.9866666793823242
0.9850000143051147
0.9837499856948853
0.98416668176651
0.984375
0.9879166483879089
0.9933333396911621
0.9925000071525574
0.9912499785423279
0.9918749928474426
0.9945833086967468
0.9939583539962769
0.9910416603088379
0.9920833110809326
0.9920833110809326
0.9914583563804626
0.9922916889190674
0.9950000047683716
0.9931250214576721
0.9912499785423279
0.9914583563804626
0.9897916913032532
0.9939583539962769
0.996666669845581
0.9947916865348816

training history val accuracy
0.5083333253860474
0.5083333253860474
0.5083333253860474
0.5083333253860474
0.5083333253860474
0.5083333253860474
0.5083333253860474
0.5083333253860474
0.7758333086967468
0.5083333253860474
0.5083333253860474
0.7058333158493042
0.7208333611488342
0.49166667461395264
0.5083333253860474
0.5083333253860474
0.7900000214576721
0.5083333253860474
0.5083333253860474
0.5149999856948853
0.565833330154419
0.5083333253860474
0.5649999976158142
0.49166667461395264
0.5699999928474426
0.5133333206176758
0.5708333253860474
0.5375000238418579
0.5083333253860474
0.51583331823349
0.5541666746139526
0.8274999856948853
0.7508333325386047
0.7791666388511658
0.79666668176651
0.7325000166893005
0.6166666746139526
0.5325000286102295
0.49166667461395264

training history loss
0.613743007183075
0.420472651720047
0.36786526441574097
0.34569787979125977
0.3037396967411041
0.28461214900016785
0.2328512817621231
0.19138123095035553
0.13787101209163666
0.10704094916582108
0.08219471573829651
0.07876250892877579
0.057013314217329025
0.052056748420000076
0.037291090935468674
0.04123217612504959
0.044743847101926804
0.04458516463637352
0.03819672018289566
0.033944111317396164
0.02105429209768772
0.021473197266459465
0.02749340608716011
0.022870304062962532
0.017576171085238457
0.017991119995713234
0.022225840017199516
0.0304113682359457
0.024698078632354736
0.029177464544773102
0.019618794322013855
0.017612582072615623
0.018501201644539833
0.021984519436955452
0.023415977135300636
0.027119122445583344
0.015811439603567123
0.012558657675981522
0.013341476209461689

training history val loss
4.665180206298828
7.518463611602783
9.520552635192871
11.242345809936523
9.859246253967285
9.625736236572266
11.143242835998535
11.528088569641113
0.6446138620376587
8.98086929321289
10.8048734664917
0.7948852181434631
0.8915987014770508
7.113540172576904
8.818922996520996
7.483065605163574
0.7317694425582886
11.689682960510254
6.963590621948242
5.256778240203857
3.7526838779449463
13.543936729431152
3.210710287094116
8.84647274017334
2.8848166465759277
3.568336248397827
3.1432502269744873
5.000453948974609
9.396142959594727
4.956661701202393
4.337359428405762
0.7538357377052307
1.0946829319000244
0.7325878143310547
0.6504677534103394
0.6733273267745972
2.5539162158966064
5.032797813415527
9.450674057006836