test data loss : 0.6322597861289978
test data accyracy : 0.7699999809265137

training history accuracy
0.6670833230018616
0.8114583492279053
0.8337500095367432
0.8493750095367432
0.8722916841506958
0.8881250023841858
0.9143750071525574
0.9245833158493042
0.9381250143051147
0.965624988079071
0.9758333563804626
0.9747916460037231
0.9727083444595337
0.9833333492279053
0.987291693687439
0.9850000143051147
0.9829166531562805
0.9752083420753479
0.9927083253860474
0.9950000047683716
0.981041669845581
0.9902083277702332
0.9941666722297668
0.9939583539962769
0.9835416674613953
0.9900000095367432
0.9906250238418579
0.9979166388511658
0.9956250190734863
0.9908333420753479
0.9937499761581421
0.9916666746139526
0.9950000047683716
0.9916666746139526
0.9906250238418579
0.9941666722297668
0.9956250190734863
0.9916666746139526
0.9931250214576721
0.9920833110809326
0.9908333420753479
0.9945833086967468
0.9972916841506958
0.9987499713897705
0.9979166388511658
0.9939583539962769

training history val accuracy
0.5083333253860474
0.5083333253860474
0.5083333253860474
0.5083333253860474
0.5083333253860474
0.5083333253860474
0.5083333253860474
0.5083333253860474
0.5083333253860474
0.5083333253860474
0.5083333253860474
0.5083333253860474
0.5550000071525574
0.5083333253860474
0.4933333396911621
0.7708333134651184
0.6833333373069763
0.6266666650772095
0.5108333230018616
0.5083333253860474
0.721666693687439
0.7258333563804626
0.5083333253860474
0.7458333373069763
0.5216666460037231
0.5083333253860474
0.5816666483879089
0.7208333611488342
0.5299999713897705
0.5375000238418579
0.5083333253860474
0.574999988079071
0.5083333253860474
0.7616666555404663
0.7758333086967468
0.6474999785423279
0.7266666889190674
0.5091666579246521
0.7141666412353516
0.5083333253860474
0.5083333253860474
0.5483333468437195
0.7666666507720947
0.6675000190734863
0.6524999737739563
0.7908333539962769

training history loss
0.6552942991256714
0.4121663272380829
0.3774722218513489
0.34243613481521606
0.30340397357940674
0.26933538913726807
0.20658913254737854
0.17949633300304413
0.1526278257369995
0.0878756195306778
0.06458192318677902
0.06540752947330475
0.07149776071310043
0.04808554798364639
0.037603478878736496
0.035623010247945786
0.045452333986759186
0.06209086254239082
0.022520652040839195
0.016397865489125252
0.04929730296134949
0.02602545917034149
0.016572585329413414
0.015682561323046684
0.047502681612968445
0.029968872666358948
0.023522114381194115
0.008821915835142136
0.012319369241595268
0.025976838544011116
0.02147797681391239
0.025672104209661484
0.015401997603476048
0.02155059389770031
0.027292009443044662
0.01771044358611107
0.012751774862408638
0.025787563994526863
0.018818838521838188
0.019553108140826225
0.024956114590168
0.016965113580226898
0.010617721825838089
0.00483096856623888
0.006016590632498264
0.018694479018449783

training history val loss
7.53773832321167
9.145122528076172
7.337985038757324
7.743351936340332
9.754618644714355
6.774119853973389
10.009811401367188
10.165600776672363
7.757175445556641
8.487646102905273
7.277200698852539
6.551731586456299
1.7786474227905273
7.04055643081665
4.211635589599609
0.6400831937789917
1.531149983406067
1.8713139295578003
7.360753536224365
7.344292163848877
1.025091528892517
0.9995518922805786
7.054558277130127
1.0001647472381592
2.7290143966674805
6.828535079956055
2.171441078186035
1.1572649478912354
3.6431782245635986
3.941610813140869
14.657855033874512
4.560041427612305
12.927261352539062
1.249592900276184
0.8491251468658447
2.1678786277770996
1.5215407609939575
9.317215919494629
1.3972759246826172
10.662880897521973
18.00713348388672
4.501724720001221
0.9621427655220032
2.271475315093994
2.7941339015960693
0.9088994264602661