test data loss : 0.5885487198829651
test data accyracy : 0.824999988079071

training history accuracy
0.6897916793823242
0.8077083230018616
0.8475000262260437
0.8620833158493042
0.8645833134651184
0.8852083086967468
0.9070833325386047
0.9322916865348816
0.9512500166893005
0.9645833373069763
0.9627083539962769
0.9789583086967468
0.9795833230018616
0.9870833158493042
0.987500011920929
0.9825000166893005
0.9850000143051147
0.9885416626930237
0.9887499809265137
0.9960416555404663
0.996666669845581
0.9900000095367432
0.9816666841506958
0.9904166460037231
0.9958333373069763
0.9956250190734863
0.9891666769981384
0.9883333444595337
0.9941666722297668
0.9956250190734863
0.9958333373069763
0.9889583587646484
0.9856250286102295
0.9889583587646484
0.9885416626930237
0.9960416555404663
0.9950000047683716
0.9920833110809326
0.9927083253860474
0.9960416555404663
0.9941666722297668
0.9925000071525574
0.9935416579246521
0.9964583516120911
0.9952083230018616
0.9954166412353516
0.997083306312561
0.9920833110809326
0.9929166436195374
0.9960416555404663
0.9943749904632568
0.9945833086967468
0.9952083230018616
0.996666669845581
0.996666669845581
0.9933333396911621
0.9912499785423279
0.9941666722297668
0.9962499737739563
0.996874988079071

training history val accuracy
0.5083333253860474
0.5083333253860474
0.5083333253860474
0.5083333253860474
0.5083333253860474
0.5083333253860474
0.5083333253860474
0.5083333253860474
0.5550000071525574
0.5083333253860474
0.5083333253860474
0.5083333253860474
0.5083333253860474
0.5191666483879089
0.5083333253860474
0.7183333039283752
0.5174999833106995
0.5108333230018616
0.5083333253860474
0.49666666984558105
0.49166667461395264
0.7558333277702332
0.5666666626930237
0.5083333253860474
0.5866666436195374
0.5325000286102295
0.5008333325386047
0.5083333253860474
0.64083331823349
0.8133333325386047
0.7691666483879089
0.5083333253860474
0.5358333587646484
0.5083333253860474
0.7858333587646484
0.7858333587646484
0.7716666460037231
0.5249999761581421
0.5099999904632568
0.6608333587646484
0.5083333253860474
0.5083333253860474
0.6191666722297668
0.5325000286102295
0.6366666555404663
0.5083333253860474
0.5083333253860474
0.5224999785423279
0.590833306312561
0.5083333253860474
0.7408333420753479
0.7900000214576721
0.6016666889190674
0.5375000238418579
0.6000000238418579
0.596666693687439
0.5083333253860474
0.5708333253860474
0.7574999928474426
0.5191666483879089

training history loss
0.6176120042800903
0.4311214089393616
0.3654259443283081
0.33366942405700684
0.31078386306762695
0.2724522352218628
0.22709307074546814
0.17102184891700745
0.12835854291915894
0.09553534537553787
0.09495305269956589
0.0636177510023117
0.0575096495449543
0.039919886738061905
0.03347763046622276
0.04666312783956528
0.04129146412014961
0.031939372420310974
0.03348623588681221
0.012656980194151402
0.010387417860329151
0.03349027782678604
0.04666825011372566
0.028658920899033546
0.013049239292740822
0.010950738564133644
0.0330570712685585
0.02902977541089058
0.015304546803236008
0.01801043190062046
0.01221053209155798
0.025905555114150047
0.037964582443237305
0.030683323740959167
0.03159315884113312
0.012707176618278027
0.014574154280126095
0.02287677675485611
0.019842512905597687
0.0121202003210783
0.016224799677729607
0.022615252062678337
0.0189990047365427
0.010504637844860554
0.014239265583455563
0.014592294581234455
0.008638990111649036
0.021525299176573753
0.01964624412357807
0.012415919452905655
0.016193687915802002
0.014007342979311943
0.01650410331785679
0.008437511511147022
0.008913958445191383
0.0199777539819479
0.025128811597824097
0.015489083714783192
0.009985854849219322
0.007813721895217896

training history val loss
3.3988184928894043
6.300998687744141
8.13227367401123
6.497902870178223
6.827735424041748
8.458106994628906
9.331246376037598
8.436820983886719
1.2997218370437622
6.59578800201416
10.439250946044922
7.2436676025390625
8.810545921325684
3.9677722454071045
9.224985122680664
1.0719534158706665
2.5480246543884277
6.366305351257324
8.425454139709473
3.358330249786377
9.832643508911133
1.1917657852172852
3.579519748687744
7.750505447387695
1.9446477890014648
2.132351875305176
2.697082757949829
7.277567386627197
1.7373846769332886
0.602556586265564
1.0483288764953613
8.2728910446167
5.81442403793335
8.5098295211792
0.7764711380004883
0.9405900239944458
0.8937699198722839
6.311838150024414
9.626866340637207
1.774114727973938
7.7657389640808105
7.496182441711426
2.2852959632873535
3.5027873516082764
2.5854389667510986
8.176663398742676
10.20188045501709
5.312355041503906
2.97056245803833
9.83324909210205
1.2959598302841187
0.9320494532585144
2.8560850620269775
5.925014972686768
3.3182766437530518
4.072061538696289
9.6543607711792
4.667552947998047
1.140971302986145
8.982975959777832