test data loss : 0.6921345591545105
test data accyracy : 0.7749999761581421

training history accuracy
0.6666666865348816
0.8006250262260437
0.8370833396911621
0.8508333563804626
0.8554166555404663
0.8760416507720947
0.893750011920929
0.8989583253860474
0.9229166507720947
0.9441666603088379
0.9479166865348816
0.9662500023841858
0.971875011920929
0.9747916460037231
0.9739583134651184
0.987500011920929
0.9883333444595337
0.987708330154419
0.9850000143051147
0.9856250286102295
0.9881250262260437
0.987708330154419
0.9864583611488342
0.9893749952316284
0.996666669845581
0.9912499785423279
0.9883333444595337
0.98458331823349
0.9950000047683716
0.9925000071525574
0.9945833086967468
0.9908333420753479
0.9927083253860474
0.9918749928474426
0.9962499737739563
0.9950000047683716
0.9935416579246521
0.9912499785423279
0.9935416579246521
0.9977083206176758
0.9943749904632568
0.9935416579246521
0.9883333444595337
0.9908333420753479
0.9950000047683716
0.9975000023841858
0.997083306312561
0.9952083230018616
0.9922916889190674
0.9941666722297668
0.996874988079071
0.9943749904632568
0.9935416579246521
0.9981250166893005
0.9960416555404663
0.9925000071525574
0.9954166412353516
0.9941666722297668
0.9943749904632568
0.9958333373069763
0.9989583492279053
0.9985416531562805
0.9985416531562805
0.9964583516120911
0.9972916841506958
0.9958333373069763
0.9925000071525574
0.9922916889190674
0.9975000023841858
0.9991666674613953
0.9960416555404663

training history val accuracy
0.5083333253860474
0.5083333253860474
0.5083333253860474
0.5083333253860474
0.5083333253860474
0.5083333253860474
0.5083333253860474
0.5083333253860474
0.5083333253860474
0.5083333253860474
0.5950000286102295
0.7425000071525574
0.5083333253860474
0.625
0.5083333253860474
0.5083333253860474
0.5366666913032532
0.4933333396911621
0.5458333492279053
0.5091666579246521
0.5049999952316284
0.5891666412353516
0.6191666722297668
0.5083333253860474
0.6949999928474426
0.6233333349227905
0.5108333230018616
0.5649999976158142
0.6225000023841858
0.5083333253860474
0.5199999809265137
0.6474999785423279
0.5058333277702332
0.5425000190734863
0.5091666579246521
0.5083333253860474
0.5116666555404663
0.5083333253860474
0.64083331823349
0.5191666483879089
0.7699999809265137
0.5249999761581421
0.5083333253860474
0.5083333253860474
0.7758333086967468
0.6166666746139526
0.8041666746139526
0.7300000190734863
0.5708333253860474
0.6491666436195374
0.840833306312561
0.5083333253860474
0.8308333158493042
0.5458333492279053
0.5583333373069763
0.5216666460037231
0.6066666841506958
0.5083333253860474
0.8075000047683716
0.6416666507720947
0.5108333230018616
0.6175000071525574
0.5216666460037231
0.5083333253860474
0.7674999833106995
0.5083333253860474
0.5083333253860474
0.7266666889190674
0.8450000286102295
0.7108333110809326
0.5099999904632568

training history loss
0.6467394828796387
0.4369748830795288
0.38912445306777954
0.35408395528793335
0.33727777004241943
0.299516499042511
0.25634193420410156
0.24757486581802368
0.18509380519390106
0.1466611623764038
0.12984821200370789
0.08624324947595596
0.07431041449308395
0.06828092783689499
0.07246224582195282
0.03677964583039284
0.034638870507478714
0.038647349923849106
0.037327490746974945
0.03872591629624367
0.0318978950381279
0.03459777310490608
0.03610441833734512
0.02910364419221878
0.010253261774778366
0.020808767527341843
0.03205382451415062
0.03713962808251381
0.017741523683071136
0.02202918380498886
0.01618098095059395
0.02844887785613537
0.019793670624494553
0.022191109135746956
0.011662038043141365
0.01673724502325058
0.016500426456332207
0.025550436228513718
0.0168300811201334
0.005852493457496166
0.016889696940779686
0.016921959817409515
0.03420894220471382
0.024209724739193916
0.012089855968952179
0.009007633663713932
0.009447470307350159
0.013331800699234009
0.019511543214321136
0.01564078778028488
0.010123425163328648
0.017304740846157074
0.01773945800960064
0.007385341450572014
0.011864998377859592
0.025458136573433876
0.013931242749094963
0.014767579734325409
0.017840653657913208
0.010377049446105957
0.005296090617775917
0.005800600629299879
0.005230700597167015
0.009922512806952
0.007965960539877415
0.010295212268829346
0.022888479754328728
0.022347839549183846
0.007737612817436457
0.0033390140160918236
0.010133805684745312

training history val loss
3.343048334121704
6.688076019287109
8.727873802185059
9.666609764099121
10.541826248168945
9.71075439453125
10.74111557006836
9.625189781188965
10.3412446975708
10.01894760131836
1.9141044616699219
0.8541049361228943
5.5992255210876465
2.30092716217041
7.471282482147217
6.399029731750488
3.312286615371704
5.430548191070557
2.699061393737793
5.151639461517334
3.585800886154175
3.412169933319092
2.4057822227478027
10.781725883483887
1.5513873100280762
1.5308295488357544
7.549337387084961
3.5016698837280273
2.341987371444702
11.676703453063965
3.8052656650543213
1.450340747833252
5.772436141967773
4.267130374908447
5.881814956665039
10.526714324951172
8.541973114013672
14.962271690368652
2.423524856567383
6.9647932052612305
0.7614966630935669
3.8317341804504395
13.687529563903809
10.205039978027344
1.2656276226043701
2.5486133098602295
0.8731778860092163
1.3567501306533813
3.627896785736084
2.2435965538024902
0.7633911371231079
11.668292999267578
0.8341094255447388
5.312382698059082
4.574690818786621
7.723045349121094
3.7081518173217773
10.740312576293945
1.0500309467315674
2.595493793487549
8.120927810668945
3.245100975036621
6.654349327087402
11.941718101501465
1.0273815393447876
15.535621643066406
20.190189361572266
1.2587790489196777
0.8087807893753052
1.9940930604934692
8.905506134033203