test data loss : 0.6242164969444275
test data accyracy : 0.8149999976158142

training history accuracy
0.6627083420753479
0.815833330154419
0.8395833373069763
0.8497916460037231
0.8764583468437195
0.8897916674613953
0.9081249833106995
0.9245833158493042
0.9487500190734863
0.9602083563804626
0.9693750143051147
0.9729166626930237
0.9756249785423279
0.9791666865348816
0.9797916412353516
0.9897916913032532
0.9908333420753479
0.9868749976158142
0.9839583039283752
0.9864583611488342
0.9883333444595337
0.9925000071525574
0.9945833086967468
0.9943749904632568
0.9945833086967468
0.9914583563804626
0.9862499833106995
0.9897916913032532
0.9933333396911621
0.9943749904632568
0.9960416555404663
0.9972916841506958
0.9972916841506958
0.9941666722297668
0.9860416650772095
0.9895833134651184
0.9920833110809326
0.9933333396911621
0.9927083253860474
0.9918749928474426
0.9935416579246521
0.9906250238418579
0.9952083230018616
0.9972916841506958
0.9958333373069763

training history val accuracy
0.5083333253860474
0.5083333253860474
0.5083333253860474
0.5083333253860474
0.5083333253860474
0.5083333253860474
0.5083333253860474
0.5083333253860474
0.5091666579246521
0.5799999833106995
0.5083333253860474
0.5091666579246521
0.5099999904632568
0.6658333539962769
0.8066666722297668
0.5516666769981384
0.5083333253860474
0.5083333253860474
0.6108333468437195
0.5083333253860474
0.5083333253860474
0.5083333253860474
0.5083333253860474
0.7741666436195374
0.8016666769981384
0.5199999809265137
0.5649999976158142
0.5083333253860474
0.7666666507720947
0.5316666960716248
0.5108333230018616
0.5375000238418579
0.49416667222976685
0.5083333253860474
0.5083333253860474
0.5083333253860474
0.5133333206176758
0.6508333086967468
0.5083333253860474
0.6200000047683716
0.5083333253860474
0.5099999904632568
0.7049999833106995
0.8075000047683716
0.5074999928474426

training history loss
0.6501306891441345
0.4122202694416046
0.37004780769348145
0.3534643054008484
0.30691930651664734
0.2678467631340027
0.23061661422252655
0.19431187212467194
0.13212454319000244
0.11487720161676407
0.07963035255670547
0.06905896216630936
0.06767640262842178
0.05884082242846489
0.05597114562988281
0.03130543231964111
0.02392662689089775
0.03843891993165016
0.044137075543403625
0.03643485903739929
0.03454582765698433
0.02147996425628662
0.01748315803706646
0.019875070080161095
0.01750762388110161
0.02513992227613926
0.036248207092285156
0.030610201880335808
0.02086813934147358
0.017527252435684204
0.01325293444097042
0.011734705418348312
0.008802716620266438
0.015850307419896126
0.04053936526179314
0.027286052703857422
0.02197331003844738
0.017196618020534515
0.021072708070278168
0.02146381139755249
0.018595337867736816
0.02766401320695877
0.015976516529917717
0.007190159056335688
0.012466019950807095

training history val loss
8.523412704467773
9.858685493469238
10.95690631866455
7.919997692108154
12.912252426147461
12.009015083312988
15.335373878479004
16.21552276611328
3.892233371734619
0.9549904465675354
11.175531387329102
6.170502185821533
5.70073938369751
0.8270793557167053
0.6957909464836121
2.1843087673187256
6.582599639892578
8.648764610290527
1.6671695709228516
12.079740524291992
16.294282913208008
7.703811168670654
13.036202430725098
0.853151261806488
0.8104488849639893
5.137266635894775
4.098419666290283
12.569767951965332
1.2527823448181152
4.2083868980407715
5.940035343170166
3.125972032546997
4.7095537185668945
8.983916282653809
12.65697956085205
9.37362289428711
7.13325834274292
1.7597408294677734
10.672255516052246
2.01192569732666
9.55066967010498
9.8612699508667
1.2821520566940308
0.7419723272323608
3.7638940811157227