test data loss : 0.6494092345237732
test data accyracy : 0.824999988079071

training history accuracy
0.6800000071525574
0.8274999856948853
0.8304166793823242
0.8577083349227905
0.8818749785423279
0.8802083134651184
0.903333306312561
0.92208331823349
0.9472916722297668
0.9520833492279053
0.9695833325386047
0.9772916436195374
0.9756249785423279
0.96895831823349
0.972083330154419
0.9858333468437195
0.9927083253860474
0.9947916865348816
0.9908333420753479
0.9925000071525574
0.984375
0.9827083349227905
0.987291693687439
0.9829166531562805
0.9908333420753479
0.996666669845581
0.9981250166893005
0.996666669845581
0.9960416555404663
0.9900000095367432
0.9862499833106995
0.9922916889190674
0.9887499809265137
0.9943749904632568
0.9881250262260437
0.9931250214576721
0.9954166412353516
0.9947916865348816
0.9950000047683716
0.9960416555404663
0.9962499737739563
0.9950000047683716
0.98458331823349
0.9891666769981384
0.9960416555404663
0.9964583516120911
0.9964583516120911
0.9912499785423279
0.996666669845581
0.9983333349227905
0.9987499713897705
0.9954166412353516
0.9941666722297668
0.9945833086967468
0.9918749928474426
0.9952083230018616

training history val accuracy
0.5083333253860474
0.5083333253860474
0.5083333253860474
0.5083333253860474
0.5083333253860474
0.5083333253860474
0.5083333253860474
0.5083333253860474
0.5083333253860474
0.7649999856948853
0.5083333253860474
0.49166667461395264
0.5083333253860474
0.5083333253860474
0.5433333516120911
0.5350000262260437
0.49416667222976685
0.512499988079071
0.7441666722297668
0.5083333253860474
0.5083333253860474
0.5425000190734863
0.5083333253860474
0.5483333468437195
0.79666668176651
0.8208333253860474
0.7549999952316284
0.5408333539962769
0.5083333253860474
0.5058333277702332
0.5083333253860474
0.5475000143051147
0.5083333253860474
0.5083333253860474
0.596666693687439
0.57833331823349
0.7641666531562805
0.8224999904632568
0.5199999809265137
0.6758333444595337
0.5083333253860474
0.5083333253860474
0.565833330154419
0.5083333253860474
0.5083333253860474
0.5600000023841858
0.5083333253860474
0.512499988079071
0.7674999833106995
0.7958333492279053
0.5233333110809326
0.5083333253860474
0.5141666531562805
0.5983333587646484
0.5083333253860474
0.5583333373069763

training history loss
0.6412634253501892
0.4050685465335846
0.382676362991333
0.3329843580722809
0.29016193747520447
0.27665725350379944
0.236222043633461
0.19180205464363098
0.14738580584526062
0.11968345940113068
0.0814800038933754
0.06318040192127228
0.0634770616889
0.0821758434176445
0.0705295279622078
0.041632313281297684
0.02157445251941681
0.018325790762901306
0.02517210878431797
0.019881119951605797
0.04496610164642334
0.04229934513568878
0.03385813534259796
0.04876445606350899
0.02566422149538994
0.012689422816038132
0.007703400682657957
0.011014848947525024
0.01159845944494009
0.029165305197238922
0.04059809446334839
0.023127302527427673
0.02926386147737503
0.019062045961618423
0.03480925410985947
0.018012305721640587
0.014957113191485405
0.014381777495145798
0.015271688811480999
0.011043498292565346
0.012163161300122738
0.013655882328748703
0.04031860828399658
0.03299364820122719
0.01209515891969204
0.00893290713429451
0.012661920860409737
0.025454668328166008
0.013259965926408768
0.0053060040809214115
0.0034910766407847404
0.013141498900949955
0.016440076753497124
0.013853048905730247
0.021386032924056053
0.010902374051511288

training history val loss
14.09483528137207
8.803523063659668
8.950651168823242
8.998218536376953
8.465412139892578
8.4793119430542
12.928136825561523
7.298020839691162
7.481192111968994
0.7408068180084229
12.187032699584961
5.39117956161499
14.720739364624023
5.471014499664307
2.5879061222076416
4.513211727142334
4.063086032867432
4.326235294342041
0.8283347487449646
9.67960262298584
8.438530921936035
3.0027687549591064
6.737517356872559
3.0643150806427
0.7059755921363831
0.6773455142974854
1.1818515062332153
3.8828654289245605
8.123727798461914
4.992597579956055
11.650665283203125
3.015233039855957
5.872859477996826
8.217458724975586
3.0492208003997803
3.2021944522857666
0.9178134202957153
0.6959468126296997
4.584141731262207
1.7822158336639404
14.194990158081055
10.526823043823242
3.907658576965332
13.095110893249512
9.937129020690918
3.064321279525757
8.860543251037598
7.731889724731445
0.8371286988258362
0.7328922152519226
6.798356533050537
8.0233736038208
9.644176483154297
3.2124414443969727
12.457322120666504
5.463100910186768