test data loss : 0.6106199622154236
test data accyracy : 0.8019999861717224

training history accuracy
0.6745833158493042
0.8085416555404663
0.846666693687439
0.856458306312561
0.8725000023841858
0.8764583468437195
0.8881250023841858
0.9089583158493042
0.9312499761581421
0.940833330154419
0.9624999761581421
0.9700000286102295
0.9752083420753479
0.9754166603088379
0.9833333492279053
0.9897916913032532
0.9858333468437195
0.9735416769981384
0.9866666793823242
0.9931250214576721
0.9933333396911621
0.9914583563804626
0.9941666722297668
0.9906250238418579
0.9743750095367432
0.9918749928474426
0.9914583563804626
0.9935416579246521
0.9900000095367432
0.9960416555404663
0.9977083206176758
0.9981250166893005
0.9933333396911621
0.9879166483879089
0.9893749952316284
0.9941666722297668
0.9931250214576721
0.996874988079071
0.9941666722297668
0.9933333396911621
0.9941666722297668
0.9929166436195374
0.9939583539962769
0.9931250214576721
0.9947916865348816
0.9958333373069763
0.9935416579246521
0.996666669845581
0.9981250166893005

training history val accuracy
0.5083333253860474
0.5083333253860474
0.5083333253860474
0.5083333253860474
0.5083333253860474
0.5083333253860474
0.5083333253860474
0.5083333253860474
0.5083333253860474
0.4908333420753479
0.5208333134651184
0.559166669845581
0.49166667461395264
0.7383333444595337
0.6000000238418579
0.5508333444595337
0.5091666579246521
0.7733333110809326
0.8066666722297668
0.5699999928474426
0.5358333587646484
0.6808333396911621
0.5083333253860474
0.5
0.5083333253860474
0.5083333253860474
0.64083331823349
0.5133333206176758
0.5183333158493042
0.5941666960716248
0.4975000023841858
0.5841666460037231
0.5083333253860474
0.5133333206176758
0.7708333134651184
0.7074999809265137
0.8116666674613953
0.8399999737739563
0.5241666436195374
0.6899999976158142
0.5833333134651184
0.8100000023841858
0.5083333253860474
0.512499988079071
0.5291666388511658
0.5208333134651184
0.51583331823349
0.5083333253860474
0.8266666531562805

training history loss
0.6577736139297485
0.42568111419677734
0.3707292079925537
0.34262630343437195
0.30674025416374207
0.2991468608379364
0.26855868101119995
0.2247244268655777
0.17076870799064636
0.15076245367527008
0.10140790790319443
0.08067784458398819
0.06538177281618118
0.06483137607574463
0.044839657843112946
0.03159075602889061
0.04221585765480995
0.06644140928983688
0.04126248136162758
0.022515296936035156
0.01859276369214058
0.02491690218448639
0.01873384788632393
0.02532668225467205
0.07147744297981262
0.02784626930952072
0.024298477917909622
0.02024833858013153
0.028247037902474403
0.012134863995015621
0.006842347793281078
0.0071077425964176655
0.020268792286515236
0.03620773181319237
0.029042141512036324
0.01991255208849907
0.018059512600302696
0.009246725589036942
0.015466616488993168
0.020667387172579765
0.01918850652873516
0.02065565250813961
0.021137136965990067
0.018345000222325325
0.014565118588507175
0.0121528971940279
0.017269374802708626
0.012684679590165615
0.006324138026684523

training history val loss
11.79260540008545
8.264060974121094
9.997199058532715
10.420747756958008
11.286622047424316
10.256850242614746
13.59838581085205
6.182538986206055
11.643797874450684
1.9884850978851318
3.078273057937622
2.2244205474853516
6.274406909942627
0.982974648475647
2.0756676197052
2.7427709102630615
4.7923078536987305
0.6831716299057007
0.6033704876899719
2.626589775085449
3.3151140213012695
1.5603457689285278
7.440470218658447
4.056071758270264
12.55964183807373
11.756965637207031
1.8954007625579834
4.8886284828186035
4.771821975708008
1.9829752445220947
4.044336795806885
2.52714467048645
9.850757598876953
4.799134731292725
1.0546237230300903
1.2823331356048584
0.987214982509613
0.8280125856399536
7.102625370025635
1.9494425058364868
3.477400779724121
0.8810875415802002
13.063175201416016
6.120692729949951
5.639097690582275
4.398457050323486
6.673535346984863
10.40888786315918
0.7025122046470642