test data loss : 0.46248698234558105
test data accyracy : 0.8320000171661377

training history accuracy
0.675208330154419
0.8060416579246521
0.8147916793823242
0.8422916531562805
0.8614583611488342
0.8695833086967468
0.8866666555404663
0.9052083492279053
0.9183333516120911
0.9395833611488342
0.949999988079071
0.9652083516120911
0.9768750071525574
0.9702083468437195
0.981458306312561
0.9850000143051147
0.9897916913032532
0.9818750023841858
0.987291693687439
0.9868749976158142
0.987500011920929
0.9885416626930237
0.9895833134651184
0.9906250238418579
0.9908333420753479
0.9893749952316284
0.987500011920929
0.9931250214576721
0.9881250262260437
0.9870833158493042
0.9912499785423279
0.9941666722297668
0.996666669845581
0.9943749904632568
0.9939583539962769
0.9929166436195374
0.9912499785423279
0.9887499809265137
0.9908333420753479
0.9975000023841858
0.9975000023841858
0.996874988079071
0.9954166412353516
0.9912499785423279
0.9895833134651184

training history val accuracy
0.5083333253860474
0.5083333253860474
0.5083333253860474
0.5083333253860474
0.5083333253860474
0.5083333253860474
0.5083333253860474
0.5083333253860474
0.4950000047683716
0.5716666579246521
0.6866666674613953
0.5083333253860474
0.8083333373069763
0.6700000166893005
0.8291666507720947
0.5024999976158142
0.5116666555404663
0.5099999904632568
0.5141666531562805
0.49166667461395264
0.6791666746139526
0.5633333325386047
0.5083333253860474
0.5441666841506958
0.5083333253860474
0.6033333539962769
0.6041666865348816
0.5083333253860474
0.5083333253860474
0.51583331823349
0.7508333325386047
0.7191666960716248
0.7549999952316284
0.565833330154419
0.5083333253860474
0.7816666960716248
0.5691666603088379
0.6974999904632568
0.7558333277702332
0.5133333206176758
0.7708333134651184
0.5316666960716248
0.5116666555404663
0.753333330154419
0.5816666483879089

training history loss
0.6359878778457642
0.42921748757362366
0.40835335850715637
0.3611562252044678
0.3283480703830719
0.2977261543273926
0.27038490772247314
0.22804169356822968
0.19436269998550415
0.14583063125610352
0.12637542188167572
0.0917728990316391
0.06260106712579727
0.07649414986371994
0.05217109993100166
0.043033666908741
0.029872143641114235
0.048214610666036606
0.03355599567294121
0.036722294986248016
0.032401811331510544
0.02783251740038395
0.025449806824326515
0.028771765530109406
0.022368110716342926
0.027233600616455078
0.03421564772725105
0.02076553739607334
0.02723303809762001
0.033934932202100754
0.026641517877578735
0.01940091885626316
0.012652439996600151
0.013612419366836548
0.014737979508936405
0.01869126409292221
0.025593720376491547
0.033456746488809586
0.02370055951178074
0.008729069493710995
0.00658439751714468
0.01003097090870142
0.012563376687467098
0.022230301052331924
0.030356451869010925

training history val loss
3.083904504776001
3.7792766094207764
5.26135778427124
6.636474132537842
6.489107131958008
5.4246649742126465
5.827866554260254
9.091477394104004
2.02415132522583
1.714179515838623
0.902443528175354
4.868190288543701
0.5354803204536438
1.431501030921936
0.48695576190948486
4.369690418243408
4.652239799499512
7.283408164978027
4.914798736572266
5.479547500610352
1.7469021081924438
3.183889865875244
8.122167587280273
2.518956184387207
9.286005020141602
1.9147517681121826
2.0352063179016113
9.933990478515625
8.836919784545898
6.53335428237915
1.0823116302490234
1.4085073471069336
1.0921586751937866
2.82749342918396
6.7939677238464355
0.9411714673042297
4.411447525024414
1.9785890579223633
0.796730637550354
5.993184566497803
1.2205449342727661
2.955578327178955
7.077671527862549
1.055166482925415
2.3922808170318604