test data loss : 0.6252145171165466
test data accyracy : 0.7680000066757202

training history accuracy
0.6412500143051147
0.8064583539962769
0.8395833373069763
0.8427083492279053
0.8610416650772095
0.8802083134651184
0.893958330154419
0.9235416650772095
0.9295833110809326
0.9520833492279053
0.9574999809265137
0.9677083492279053
0.9762499928474426
0.9772916436195374
0.9735416769981384
0.9818750023841858
0.9904166460037231
0.9891666769981384
0.9858333468437195
0.9879166483879089
0.9908333420753479
0.9931250214576721
0.9895833134651184
0.9881250262260437
0.9914583563804626
0.9897916913032532
0.9920833110809326
0.9881250262260437
0.9891666769981384
0.9947916865348816
0.9954166412353516
0.9945833086967468
0.9891666769981384
0.9927083253860474
0.9939583539962769
0.9918749928474426
0.9929166436195374
0.9916666746139526
0.9929166436195374
0.9943749904632568
0.996666669845581
0.9983333349227905

training history val accuracy
0.5083333253860474
0.5083333253860474
0.5083333253860474
0.5083333253860474
0.5083333253860474
0.5083333253860474
0.5083333253860474
0.5083333253860474
0.5083333253860474
0.5083333253860474
0.5091666579246521
0.7866666913032532
0.5083333253860474
0.6399999856948853
0.534166693687439
0.5083333253860474
0.5091666579246521
0.762499988079071
0.6083333492279053
0.550000011920929
0.5108333230018616
0.5091666579246521
0.784166693687439
0.5083333253860474
0.5916666388511658
0.5174999833106995
0.7233333587646484
0.5083333253860474
0.5083333253860474
0.5091666579246521
0.6066666841506958
0.5083333253860474
0.5191666483879089
0.7524999976158142
0.49166667461395264
0.5099999904632568
0.5683333277702332
0.5091666579246521
0.5083333253860474
0.5199999809265137
0.8166666626930237
0.5174999833106995

training history loss
0.677690327167511
0.42948710918426514
0.3802042007446289
0.3564649820327759
0.32332149147987366
0.2927233576774597
0.2576218843460083
0.19675670564174652
0.17597566545009613
0.12829279899597168
0.1108134314417839
0.08018261939287186
0.0625033751130104
0.05826583132147789
0.06939490139484406
0.052605293691158295
0.02956310845911503
0.0325869545340538
0.04199890047311783
0.0336824469268322
0.024655187502503395
0.022542709484696388
0.03036571480333805
0.03170795366168022
0.02580406330525875
0.03153172507882118
0.023465696722269058
0.03341766074299812
0.03471880033612251
0.015203251503407955
0.014125828631222248
0.016579817980527878
0.03331712260842323
0.020059827715158463
0.01540079154074192
0.020499225705862045
0.0189590435475111
0.02185741439461708
0.018929725512862206
0.015345321968197823
0.010085081681609154
0.006755155511200428

training history val loss
10.682599067687988
12.782984733581543
12.19066333770752
11.338759422302246
12.30777359008789
12.136300086975098
14.142520904541016
8.50802993774414
7.768481254577637
10.929328918457031
5.021508693695068
0.5658862590789795
4.846381664276123
1.767297625541687
3.2677433490753174
9.903919219970703
6.4602251052856445
0.7939050793647766
2.5920145511627197
3.0596959590911865
6.2920379638671875
8.94144058227539
1.1088942289352417
8.146622657775879
3.3212122917175293
4.941183567047119
1.302590012550354
13.309884071350098
3.726552724838257
9.10478401184082
2.84883713722229
14.628154754638672
4.3105316162109375
1.0043199062347412
7.760875701904297
8.151372909545898
4.2348833084106445
10.184308052062988
12.234267234802246
6.213834762573242
0.7801198959350586
7.546487808227539