test data loss : 0.5860228538513184
test data accyracy : 0.8190000057220459

training history accuracy
0.6760416626930237
0.8062499761581421
0.8452083468437195
0.8541666865348816
0.8687499761581421
0.8922916650772095
0.8977083563804626
0.9204166531562805
0.9458333253860474
0.956458330154419
0.9693750143051147
0.9781249761581421
0.9825000166893005
0.9854166507720947
0.9791666865348816
0.9800000190734863
0.9808333516120911
0.9908333420753479
0.9945833086967468
0.9902083277702332
0.9833333492279053
0.9783333539962769
0.9939583539962769
0.9964583516120911
0.9950000047683716
0.9945833086967468
0.987291693687439
0.9856250286102295
0.9883333444595337
0.987708330154419
0.9954166412353516
0.9958333373069763
0.9947916865348816
0.9937499761581421
0.9897916913032532
0.9927083253860474
0.9954166412353516
0.9950000047683716
0.9954166412353516
0.996874988079071
0.9960416555404663
0.987708330154419
0.9922916889190674
0.9947916865348816
0.9954166412353516
0.9977083206176758
0.9975000023841858
0.9947916865348816
0.9960416555404663
0.9931250214576721
0.9914583563804626
0.9975000023841858
0.9935416579246521
0.9943749904632568
0.9945833086967468
0.9937499761581421
0.9937499761581421
0.9960416555404663
0.9956250190734863
0.9947916865348816
0.9972916841506958
0.996874988079071

training history val accuracy
0.5083333253860474
0.5083333253860474
0.5083333253860474
0.5083333253860474
0.5083333253860474
0.5083333253860474
0.5083333253860474
0.5083333253860474
0.5083333253860474
0.5099999904632568
0.5083333253860474
0.6241666674613953
0.5458333492279053
0.5083333253860474
0.5083333253860474
0.49166667461395264
0.5091666579246521
0.5099999904632568
0.7674999833106995
0.5450000166893005
0.5083333253860474
0.5108333230018616
0.8274999856948853
0.784166693687439
0.5333333611488342
0.8108333349227905
0.5083333253860474
0.5325000286102295
0.5083333253860474
0.5083333253860474
0.5083333253860474
0.7958333492279053
0.5099999904632568
0.51583331823349
0.6658333539962769
0.5108333230018616
0.5108333230018616
0.5274999737739563
0.5083333253860474
0.6333333253860474
0.4925000071525574
0.6958333253860474
0.5099999904632568
0.5333333611488342
0.5958333611488342
0.5108333230018616
0.7958333492279053
0.7450000047683716
0.7433333396911621
0.7241666913032532
0.5083333253860474
0.7716666460037231
0.6474999785423279
0.5083333253860474
0.5083333253860474
0.8033333420753479
0.5108333230018616
0.5366666913032532
0.5699999928474426
0.5083333253860474
0.5083333253860474
0.6141666769981384

training history loss
0.6512033343315125
0.4254075884819031
0.3601587414741516
0.34082338213920593
0.3097499907016754
0.2630055248737335
0.2401399463415146
0.18834803998470306
0.13101357221603394
0.10779677331447601
0.08534372597932816
0.0615377351641655
0.0479433499276638
0.03977330029010773
0.06000198423862457
0.049558356404304504
0.0510358028113842
0.02748248167335987
0.017150862142443657
0.0253218375146389
0.04376403987407684
0.05722735822200775
0.021124964579939842
0.01107244286686182
0.012878060340881348
0.014265865087509155
0.033598799258470535
0.042155712842941284
0.034930724650621414
0.032457683235406876
0.014981269836425781
0.011893508955836296
0.01572783850133419
0.018713295459747314
0.027270104736089706
0.019473649561405182
0.014713485725224018
0.015369493514299393
0.013227379880845547
0.013239555060863495
0.013537062332034111
0.029892386868596077
0.024432552978396416
0.017510943114757538
0.012753468006849289
0.006881640758365393
0.006924340035766363
0.012355279177427292
0.01220894418656826
0.018566902726888657
0.025573695078492165
0.00951105635613203
0.015061706304550171
0.015006119385361671
0.015991926193237305
0.017965465784072876
0.01675586961209774
0.00930975005030632
0.010016847401857376
0.01642361283302307
0.009200558997690678
0.009716407395899296

training history val loss
6.412152290344238
11.718327522277832
12.540478706359863
7.81331205368042
7.4933929443359375
7.163398265838623
10.290468215942383
9.393152236938477
9.213255882263184
4.352848052978516
6.508534908294678
1.4897783994674683
3.5477099418640137
14.363470077514648
7.586359977722168
6.822115898132324
4.1147613525390625
6.306860446929932
1.022009015083313
3.173626184463501
7.961726665496826
5.620379447937012
0.6872732639312744
0.7465500235557556
3.620025634765625
0.7074512839317322
6.582781791687012
5.157504558563232
8.435842514038086
11.461060523986816
10.315114974975586
0.632767379283905
7.352102279663086
4.069789886474609
1.6886755228042603
6.923132419586182
5.652069568634033
5.608536720275879
6.563210964202881
1.8869976997375488
7.996448516845703
1.342112421989441
8.243134498596191
6.016830921173096
3.399923086166382
6.06304931640625
0.8919522166252136
1.3856011629104614
0.8649256229400635
1.4241710901260376
10.045211791992188
0.7992462515830994
2.2528860569000244
8.705662727355957
7.247584819793701
0.8840205669403076
9.199944496154785
3.997140407562256
3.7774429321289062
9.019598007202148
9.270120620727539
2.369318723678589