test data loss : 0.5981913805007935
test data accyracy : 0.8090000152587891

training history accuracy
0.6893749833106995
0.81270831823349
0.8306249976158142
0.8529166579246521
0.8737499713897705
0.8756250143051147
0.8962500095367432
0.92166668176651
0.93770831823349
0.9512500166893005
0.9610416889190674
0.971875011920929
0.9818750023841858
0.9735416769981384
0.9831249713897705
0.9906250238418579
0.9797916412353516
0.9868749976158142
0.9789583086967468
0.9879166483879089
0.9935416579246521
0.9918749928474426
0.9927083253860474
0.9925000071525574
0.9891666769981384
0.9850000143051147
0.9887499809265137
0.9947916865348816
0.996666669845581
0.9933333396911621
0.987291693687439
0.9902083277702332
0.9939583539962769
0.9895833134651184
0.9947916865348816
0.997083306312561
0.9912499785423279
0.9908333420753479
0.996874988079071
0.9945833086967468
0.9945833086967468
0.9941666722297668
0.9945833086967468
0.9958333373069763
0.9925000071525574
0.9962499737739563
0.9958333373069763
0.9956250190734863

training history val accuracy
0.5083333253860474
0.5083333253860474
0.5083333253860474
0.5083333253860474
0.5083333253860474
0.5083333253860474
0.5083333253860474
0.5083333253860474
0.5083333253860474
0.5083333253860474
0.5241666436195374
0.49166667461395264
0.5083333253860474
0.5316666960716248
0.6791666746139526
0.7366666793823242
0.7958333492279053
0.8291666507720947
0.5083333253860474
0.5199999809265137
0.7083333134651184
0.6349999904632568
0.5824999809265137
0.7358333468437195
0.49166667461395264
0.5058333277702332
0.534166693687439
0.8116666674613953
0.5099999904632568
0.5950000286102295
0.5333333611488342
0.5083333253860474
0.5491666793823242
0.5166666507720947
0.7991666793823242
0.8033333420753479
0.5083333253860474
0.7891666889190674
0.7316666841506958
0.5083333253860474
0.6116666793823242
0.7333333492279053
0.5083333253860474
0.6116666793823242
0.5083333253860474
0.5224999785423279
0.809166669845581
0.49166667461395264

training history loss
0.6181716918945312
0.4225764572620392
0.38033509254455566
0.34921151399612427
0.30433425307273865
0.2969209551811218
0.2471962422132492
0.1972452998161316
0.16003121435642242
0.12915833294391632
0.0979715958237648
0.07510817050933838
0.05466016009449959
0.07781673222780228
0.04996747151017189
0.0255193542689085
0.04949896037578583
0.03755245357751846
0.0538330003619194
0.03407293185591698
0.020578963682055473
0.02362959459424019
0.02147909812629223
0.02286042459309101
0.03178735449910164
0.03611990436911583
0.029889484867453575
0.013801160268485546
0.011040541343390942
0.02132120355963707
0.03118741698563099
0.025983063504099846
0.018514150753617287
0.028324130922555923
0.015284529887139797
0.010426214896142483
0.024742020294070244
0.027531974017620087
0.013870191760361195
0.014483992010354996
0.015772078186273575
0.016400525346398354
0.012943283654749393
0.011262994259595871
0.02504609525203705
0.012152845971286297
0.011123363859951496
0.011227870360016823

training history val loss
6.070389270782471
8.96281909942627
11.28149700164795
10.933103561401367
15.466877937316895
11.150358200073242
15.221510887145996
7.525799751281738
10.991025924682617
17.543174743652344
4.438271999359131
8.540054321289062
9.905808448791504
4.168335914611816
1.4317314624786377
1.0628055334091187
0.8395975828170776
0.5379399657249451
10.929605484008789
6.177916526794434
1.3120136260986328
1.9427729845046997
3.233464241027832
1.0864099264144897
10.368267059326172
5.91729211807251
3.3829548358917236
0.9045349359512329
6.700539588928223
3.0165445804595947
4.259634017944336
8.3405179977417
3.2423319816589355
8.714489936828613
1.043485164642334
0.8959522247314453
14.283393859863281
0.7513118982315063
1.2191675901412964
13.958191871643066
3.0277159214019775
1.180884599685669
15.820402145385742
2.7376816272735596
17.733278274536133
7.009772300720215
1.1200535297393799
9.42353343963623