test data loss : 0.5060245394706726
test data accyracy : 0.7689999938011169

training history accuracy
0.6722916960716248
0.8077083230018616
0.8347916603088379
0.8522916436195374
0.8522916436195374
0.8683333396911621
0.8916666507720947
0.9162499904632568
0.9318749904632568
0.9418749809265137
0.9593750238418579
0.9629166722297668
0.9725000262260437
0.987708330154419
0.9864583611488342
0.9795833230018616
0.9820833206176758
0.9777083396911621
0.9881250262260437
0.9904166460037231
0.9893749952316284
0.9925000071525574
0.9914583563804626
0.9833333492279053
0.9868749976158142
0.9879166483879089
0.9922916889190674
0.9960416555404663
0.9972916841506958
0.9910416603088379
0.9850000143051147
0.9925000071525574
0.9981250166893005
0.9933333396911621
0.9954166412353516
0.9958333373069763
0.9950000047683716
0.9933333396911621
0.9870833158493042
0.9927083253860474
0.9962499737739563
0.9941666722297668
0.9952083230018616

training history val accuracy
0.5083333253860474
0.5083333253860474
0.5083333253860474
0.5083333253860474
0.5083333253860474
0.5083333253860474
0.5083333253860474
0.5083333253860474
0.5083333253860474
0.5083333253860474
0.5083333253860474
0.5083333253860474
0.7574999928474426
0.5308333039283752
0.5258333086967468
0.5083333253860474
0.6941666603088379
0.6508333086967468
0.5083333253860474
0.5383333563804626
0.7958333492279053
0.7549999952316284
0.6966666579246521
0.7524999976158142
0.5083333253860474
0.5716666579246521
0.6625000238418579
0.7024999856948853
0.7574999928474426
0.7066666483879089
0.7933333516120911
0.5091666579246521
0.7950000166893005
0.5183333158493042
0.5083333253860474
0.5083333253860474
0.8116666674613953
0.7275000214576721
0.6758333444595337
0.6141666769981384
0.5950000286102295
0.5083333253860474
0.5099999904632568

training history loss
0.6275588870048523
0.42427483201026917
0.3743163049221039
0.3434879183769226
0.34613877534866333
0.30225297808647156
0.2562743127346039
0.2050105184316635
0.17653466761112213
0.14700232446193695
0.10671324282884598
0.10036154836416245
0.08102172613143921
0.037746962159872055
0.035887449979782104
0.05415680631995201
0.04854315146803856
0.06082085147500038
0.03331591933965683
0.0273112989962101
0.02629188634455204
0.023232290521264076
0.026534484699368477
0.04440566897392273
0.03414536640048027
0.03381522744894028
0.02115545980632305
0.013179886154830456
0.009359144605696201
0.026380762457847595
0.04211820662021637
0.02149561047554016
0.009165998548269272
0.017925944179296494
0.014097699895501137
0.01396470982581377
0.0121413329616189
0.01778055541217327
0.03400659188628197
0.01835354045033455
0.010100497864186764
0.016438163816928864
0.01226837933063507

training history val loss
3.862881660461426
6.250351905822754
7.278327465057373
8.542513847351074
5.875677108764648
7.956181526184082
9.734210968017578
8.442138671875
7.350922107696533
9.125650405883789
7.096473693847656
6.968986988067627
0.5301202535629272
2.575894594192505
3.6064298152923584
8.153826713562012
0.8545078635215759
1.5269875526428223
7.335596561431885
3.3848795890808105
0.7265031933784485
0.772301197052002
1.5376912355422974
1.1941602230072021
12.571881294250488
3.257464647293091
1.5489610433578491
1.5552576780319214
1.0682034492492676
1.3876266479492188
0.65030437707901
6.001575469970703
0.8359508514404297
5.604100704193115
11.84035873413086
9.378437042236328
0.7342800498008728
0.847061812877655
1.8412973880767822
2.302870988845825
2.8039352893829346
10.807228088378906
8.461960792541504