test data loss : 0.49159106612205505
test data accyracy : 0.8190000057220459

training history accuracy
0.64083331823349
0.7910416722297668
0.8268749713897705
0.8497916460037231
0.8604166507720947
0.8804166913032532
0.8954166769981384
0.9120833277702332
0.9337499737739563
0.9543750286102295
0.9660416841506958
0.9764583110809326
0.9762499928474426
0.9866666793823242
0.9881250262260437
0.9797916412353516
0.9818750023841858
0.9827083349227905
0.9847916960716248
0.9881250262260437
0.9922916889190674
0.9906250238418579
0.9902083277702332
0.9912499785423279
0.9950000047683716
0.9914583563804626
0.9897916913032532
0.9852083325386047
0.9891666769981384
0.9933333396911621
0.9943749904632568
0.9943749904632568
0.9904166460037231
0.9927083253860474
0.9947916865348816
0.9964583516120911
0.996874988079071
0.9947916865348816
0.9908333420753479
0.981458306312561
0.9895833134651184
0.9972916841506958
0.9995833039283752
0.99979168176651
0.9981250166893005
0.9983333349227905
0.9895833134651184

training history val accuracy
0.5083333253860474
0.5083333253860474
0.5083333253860474
0.5083333253860474
0.5083333253860474
0.5083333253860474
0.5083333253860474
0.5083333253860474
0.5133333206176758
0.5083333253860474
0.5108333230018616
0.49166667461395264
0.4975000023841858
0.7174999713897705
0.5083333253860474
0.49166667461395264
0.8075000047683716
0.6924999952316284
0.5108333230018616
0.5083333253860474
0.5083333253860474
0.5083333253860474
0.49166667461395264
0.5083333253860474
0.5083333253860474
0.5091666579246521
0.5824999809265137
0.5083333253860474
0.6633333563804626
0.5083333253860474
0.5091666579246521
0.49166667461395264
0.778333306312561
0.5083333253860474
0.5083333253860474
0.5083333253860474
0.6733333468437195
0.5083333253860474
0.512499988079071
0.5083333253860474
0.7875000238418579
0.5708333253860474
0.7166666388511658
0.8224999904632568
0.590833306312561
0.5083333253860474
0.6766666769981384

training history loss
0.6745822429656982
0.45350968837738037
0.39320072531700134
0.3548789918422699
0.32324132323265076
0.2879140079021454
0.24881114065647125
0.21121644973754883
0.16763748228549957
0.11611053347587585
0.09564802050590515
0.0649593248963356
0.064541295170784
0.03741028904914856
0.03433779254555702
0.055360183119773865
0.04827586188912392
0.04352429881691933
0.04164788872003555
0.02956349402666092
0.02049707993865013
0.02268172614276409
0.027576018124818802
0.025451624765992165
0.01402767188847065
0.0196163859218359
0.0287404116243124
0.038462959229946136
0.03098953515291214
0.020388256758451462
0.014976352453231812
0.018825411796569824
0.027447544038295746
0.020863497629761696
0.01385833416134119
0.010801782831549644
0.010961572639644146
0.01567506231367588
0.02475941739976406
0.04583031311631203
0.027924416586756706
0.00864109955728054
0.0023476392962038517
0.001321696676313877
0.004755996633321047
0.005156551022082567
0.03035806678235531

training history val loss
3.29998779296875
7.723604202270508
7.692301273345947
8.429549217224121
8.818049430847168
9.53131103515625
11.68652057647705
11.366070747375488
3.5655131340026855
12.959123611450195
6.077863693237305
3.846940517425537
4.4478020668029785
0.8196897506713867
9.032154083251953
7.809935092926025
0.576333224773407
1.0648125410079956
6.673987865447998
6.04345703125
8.212839126586914
9.427837371826172
6.5838751792907715
9.141173362731934
11.355294227600098
7.094843864440918
4.081855297088623
11.315339088439941
1.9398343563079834
14.315971374511719
7.182338237762451
7.436270236968994
0.9515367746353149
17.108478546142578
11.263242721557617
9.353402137756348
2.341574192047119
6.911479473114014
8.706107139587402
19.10523223876953
0.9451200366020203
3.7170987129211426
1.688840627670288
0.7823590636253357
3.079418182373047
8.824848175048828
2.317730188369751