test data loss : 0.7410972714424133
test data accyracy : 0.7730000019073486

training history accuracy
0.6743749976158142
0.8168749809265137
0.8364583253860474
0.8616666793823242
0.8618749976158142
0.8824999928474426
0.8964583277702332
0.9208333492279053
0.9416666626930237
0.953125
0.9581249952316284
0.9702083468437195
0.9791666865348816
0.9825000166893005
0.9831249713897705
0.9804166555404663
0.9787499904632568
0.9891666769981384
0.9889583587646484
0.9887499809265137
0.9920833110809326
0.9939583539962769
0.9927083253860474
0.9929166436195374
0.9833333492279053
0.9925000071525574
0.9952083230018616
0.9941666722297668
0.9925000071525574
0.9920833110809326
0.9931250214576721
0.9960416555404663
0.9922916889190674
0.9904166460037231
0.9897916913032532
0.9893749952316284
0.9935416579246521
0.9943749904632568
0.9920833110809326
0.9931250214576721
0.997083306312561
0.9989583492279053
0.9995833039283752

training history val accuracy
0.5083333253860474
0.5083333253860474
0.5083333253860474
0.5083333253860474
0.5083333253860474
0.5083333253860474
0.5083333253860474
0.5083333253860474
0.5083333253860474
0.5099999904632568
0.5083333253860474
0.5099999904632568
0.7891666889190674
0.528333306312561
0.7450000047683716
0.5441666841506958
0.6225000023841858
0.5699999928474426
0.5083333253860474
0.5083333253860474
0.5083333253860474
0.5083333253860474
0.5849999785423279
0.6108333468437195
0.5091666579246521
0.5533333420753479
0.7916666865348816
0.5216666460037231
0.675000011920929
0.5849999785423279
0.5191666483879089
0.5841666460037231
0.5083333253860474
0.5699999928474426
0.6158333420753479
0.7591666579246521
0.5083333253860474
0.6833333373069763
0.5325000286102295
0.6433333158493042
0.5083333253860474
0.6441666483879089
0.5883333086967468

training history loss
0.6376067399978638
0.4165750741958618
0.37536486983299255
0.3387391269207001
0.3216366767883301
0.28154411911964417
0.251894474029541
0.20274470746517181
0.15595583617687225
0.12353473901748657
0.10797997564077377
0.08196455985307693
0.05780814588069916
0.046987809240818024
0.04537409916520119
0.05102895200252533
0.05516333878040314
0.03440258651971817
0.031075824052095413
0.03268035873770714
0.022394923493266106
0.01745971478521824
0.02045767940580845
0.019629977643489838
0.04904082044959068
0.02293458953499794
0.013477357104420662
0.016399022191762924
0.02406294271349907
0.022181889042258263
0.01937406323850155
0.011634006164968014
0.021662093698978424
0.023855825886130333
0.027526190504431725
0.032101817429065704
0.01809355430305004
0.01731329783797264
0.022334396839141846
0.017602253705263138
0.008557343855500221
0.004568206612020731
0.002534691011533141

training history val loss
8.302529335021973
8.343957901000977
8.329924583435059
5.842916011810303
9.225414276123047
9.96141529083252
10.433768272399902
8.761085510253906
9.880196571350098
4.210800647735596
5.688558578491211
3.897934675216675
0.6766315698623657
3.7419912815093994
0.9064342975616455
2.628713607788086
1.650995135307312
2.3035502433776855
11.700170516967773
6.992771148681641
5.994553089141846
9.87290096282959
2.970376968383789
2.5631613731384277
8.041460037231445
3.6280269622802734
0.7526154518127441
3.879746437072754
1.2544982433319092
2.6077449321746826
6.189419269561768
3.304508686065674
10.52487850189209
3.3253591060638428
2.6650190353393555
1.307883858680725
8.727667808532715
1.6082816123962402
5.139303207397461
2.6153886318206787
8.023642539978027
1.699694275856018
2.805109739303589