test data loss : 0.5299306511878967
test data accyracy : 0.7670000195503235

training history accuracy
0.6512500047683716
0.8020833134651184
0.8270833492279053
0.8441666960716248
0.8608333468437195
0.875
0.8902083039283752
0.8993750214576721
0.934374988079071
0.9393749833106995
0.9545833468437195
0.971875011920929
0.9822916388511658
0.9772916436195374
0.9662500023841858
0.9866666793823242
0.9893749952316284
0.9885416626930237
0.9939583539962769
0.98416668176651
0.9870833158493042
0.9797916412353516
0.9862499833106995
0.9920833110809326
0.9900000095367432
0.9947916865348816
0.9956250190734863
0.9931250214576721
0.9910416603088379
0.9910416603088379
0.9918749928474426
0.9950000047683716
0.9918749928474426
0.9914583563804626
0.9958333373069763
0.9933333396911621
0.9866666793823242
0.9947916865348816
0.996874988079071
0.9979166388511658

training history val accuracy
0.5083333253860474
0.5083333253860474
0.5083333253860474
0.5083333253860474
0.5083333253860474
0.5083333253860474
0.5083333253860474
0.5083333253860474
0.5083333253860474
0.7458333373069763
0.5808333158493042
0.49166667461395264
0.5083333253860474
0.49166667461395264
0.49166667461395264
0.49166667461395264
0.6058333516120911
0.7724999785423279
0.5083333253860474
0.7683333158493042
0.8050000071525574
0.5924999713897705
0.5083333253860474
0.8458333611488342
0.8141666650772095
0.7816666960716248
0.5083333253860474
0.6899999976158142
0.5083333253860474
0.8133333325386047
0.7308333516120911
0.4958333373069763
0.7799999713897705
0.5083333253860474
0.7566666603088379
0.5224999785423279
0.5083333253860474
0.5083333253860474
0.6308333277702332
0.7416666746139526

training history loss
0.6841886639595032
0.4438557028770447
0.3938859701156616
0.3592395484447479
0.3249492347240448
0.30187463760375977
0.2599165737628937
0.2389838695526123
0.17516721785068512
0.15407051146030426
0.11321170628070831
0.08167935907840729
0.04717767611145973
0.06258975714445114
0.08864749222993851
0.03987354040145874
0.032601192593574524
0.03519614040851593
0.0200186874717474
0.04253791645169258
0.03740604221820831
0.048025477677583694
0.03643641620874405
0.02661651000380516
0.025813985615968704
0.015675973147153854
0.013472450897097588
0.02262916974723339
0.025048593059182167
0.026785431429743767
0.0267862007021904
0.015640942379832268
0.021143125370144844
0.02276510000228882
0.015106745064258575
0.02027464099228382
0.03781987726688385
0.01295723207294941
0.010326131246984005
0.0069541241973638535

training history val loss
3.6720736026763916
7.024132251739502
9.415653228759766
10.891504287719727
10.502665519714355
13.113883972167969
15.515117645263672
9.241081237792969
7.018017768859863
0.5964968204498291
2.453254461288452
8.34235668182373
5.716320991516113
4.0283331871032715
13.236574172973633
9.309274673461914
1.9557955265045166
0.9424043893814087
8.78915786743164
1.2491507530212402
0.6185316443443298
2.4084787368774414
11.001360893249512
0.6182249188423157
0.7991539239883423
0.9502988457679749
14.11434555053711
1.7877134084701538
8.728458404541016
0.8223798871040344
1.4672935009002686
6.278719425201416
0.9047644138336182
9.104519844055176
0.9160912036895752
3.702141046524048
12.092314720153809
14.359322547912598
2.0361530780792236
1.6863822937011719