test data loss : 0.571050763130188
test data accyracy : 0.8050000071525574

training history accuracy
0.6870833039283752
0.8220833539962769
0.8418750166893005
0.8525000214576721
0.8691666722297668
0.893541693687439
0.909166693687439
0.9281250238418579
0.9620833396911621
0.95291668176651
0.965416669845581
0.981458306312561
0.9787499904632568
0.9852083325386047
0.9787499904632568
0.9850000143051147
0.9822916388511658
0.9902083277702332
0.9927083253860474
0.9972916841506958
0.9937499761581421
0.9820833206176758
0.9862499833106995
0.9914583563804626
0.9885416626930237
0.9900000095367432
0.9904166460037231
0.9864583611488342
0.9941666722297668
0.9947916865348816
0.9958333373069763
0.9900000095367432
0.9866666793823242
0.9918749928474426
0.9933333396911621
0.9947916865348816
0.9950000047683716
0.9925000071525574
0.9941666722297668
0.9945833086967468
0.9958333373069763
0.9927083253860474
0.996874988079071

training history val accuracy
0.5083333253860474
0.5083333253860474
0.5083333253860474
0.5083333253860474
0.5083333253860474
0.5083333253860474
0.5083333253860474
0.5083333253860474
0.5083333253860474
0.5083333253860474
0.5083333253860474
0.49166667461395264
0.8241666555404663
0.5691666603088379
0.6458333134651184
0.6483333110809326
0.5425000190734863
0.7958333492279053
0.5083333253860474
0.5083333253860474
0.49416667222976685
0.5083333253860474
0.5791666507720947
0.5566666722297668
0.8374999761581421
0.5141666531562805
0.7074999809265137
0.5258333086967468
0.54666668176651
0.5366666913032532
0.6725000143051147
0.628333330154419
0.7950000166893005
0.5083333253860474
0.5350000262260437
0.5083333253860474
0.7208333611488342
0.5816666483879089
0.5083333253860474
0.5391666889190674
0.621666669845581
0.659166693687439
0.6383333206176758

training history loss
0.6179353594779968
0.41298019886016846
0.3707510232925415
0.33445119857788086
0.3085554540157318
0.26265332102775574
0.22648905217647552
0.17857703566551208
0.10868307948112488
0.11549700051546097
0.09651485830545425
0.0510295107960701
0.05510250851511955
0.041561078280210495
0.05380013957619667
0.045794155448675156
0.052082642912864685
0.029341109097003937
0.021892564371228218
0.013404241763055325
0.02097298949956894
0.04585283249616623
0.03766162693500519
0.025751013308763504
0.03299867361783981
0.02626189775764942
0.025356832891702652
0.031514909118413925
0.014575636014342308
0.01568082720041275
0.011291883885860443
0.025885779410600662
0.03541379049420357
0.023369869217276573
0.021099017933011055
0.012017108500003815
0.016180705279111862
0.016954293474555016
0.018872469663619995
0.014712565578520298
0.012488026171922684
0.02216135896742344
0.012511709704995155

training history val loss
9.429993629455566
10.640480041503906
12.289128303527832
12.137718200683594
13.037003517150879
11.173310279846191
12.612563133239746
16.4094181060791
11.267321586608887
11.347443580627441
7.203322887420654
10.052948951721191
0.5628818869590759
1.7764549255371094
2.098891496658325
1.9030128717422485
2.0737075805664062
0.678585410118103
12.261872291564941
13.863872528076172
3.7255241870880127
8.237626075744629
2.5592198371887207
3.7838480472564697
0.773531436920166
6.421055316925049
1.3033372163772583
4.651601314544678
3.7343852519989014
4.20150899887085
1.4696788787841797
1.3252054452896118
0.7816966772079468
16.5184383392334
5.747079372406006
7.134400367736816
1.2268030643463135
3.2434794902801514
10.90453815460205
4.225703716278076
2.3122317790985107
1.661697268486023
2.347921848297119