test data loss : 0.78204745054245
test data accyracy : 0.746999979019165

training history accuracy
0.6860416531562805
0.8139583468437195
0.8345833420753479
0.85958331823349
0.8827083110809326
0.9018750190734863
0.9208333492279053
0.9466666579246521
0.9491666555404663
0.9745833277702332
0.9691666960716248
0.9766666889190674
0.98458331823349
0.9791666865348816
0.9833333492279053
0.987291693687439
0.9891666769981384
0.9920833110809326
0.9883333444595337
0.9856250286102295
0.9806249737739563
0.9920833110809326
0.9945833086967468
0.9964583516120911
0.9856250286102295
0.9804166555404663
0.9900000095367432
0.9912499785423279
0.9929166436195374
0.9935416579246521
0.9922916889190674
0.9945833086967468
0.9950000047683716
0.9947916865348816
0.9939583539962769
0.9935416579246521
0.9912499785423279
0.9920833110809326
0.9964583516120911
0.9929166436195374
0.9906250238418579
0.9987499713897705
0.9941666722297668
0.9952083230018616

training history val accuracy
0.5083333253860474
0.5083333253860474
0.5083333253860474
0.5083333253860474
0.5083333253860474
0.5083333253860474
0.5083333253860474
0.5083333253860474
0.5083333253860474
0.5083333253860474
0.5091666579246521
0.5083333253860474
0.6458333134651184
0.7608333230018616
0.5083333253860474
0.7191666960716248
0.5099999904632568
0.6650000214576721
0.5083333253860474
0.64083331823349
0.5083333253860474
0.6808333396911621
0.7850000262260437
0.5141666531562805
0.6333333253860474
0.5083333253860474
0.5774999856948853
0.4975000023841858
0.5083333253860474
0.5083333253860474
0.7766666412353516
0.7441666722297668
0.5099999904632568
0.4983333349227905
0.628333330154419
0.5083333253860474
0.7749999761581421
0.7250000238418579
0.7391666769981384
0.5083333253860474
0.5083333253860474
0.5433333516120911
0.5083333253860474
0.5199999809265137

training history loss
0.6287602782249451
0.4143235981464386
0.3679041266441345
0.32594260573387146
0.28184592723846436
0.24042147397994995
0.20402304828166962
0.1330534964799881
0.12654632329940796
0.06795570254325867
0.0782083123922348
0.059646446257829666
0.04365779832005501
0.05894776061177254
0.046196404844522476
0.035250600427389145
0.029343798756599426
0.022897865623235703
0.03170885518193245
0.03759859874844551
0.04962419345974922
0.025145990774035454
0.016870005056262016
0.011932340450584888
0.03576710447669029
0.049111783504486084
0.02513083815574646
0.022554846480488777
0.01975061744451523
0.016869189217686653
0.02367834746837616
0.014569343067705631
0.013244654051959515
0.01457151211798191
0.017582572996616364
0.0185495987534523
0.022221440449357033
0.021400241181254387
0.01173095591366291
0.017824599519371986
0.02738392911851406
0.0072770207189023495
0.01566384918987751
0.014676548540592194

training history val loss
4.431282997131348
8.19830322265625
8.312000274658203
6.540431022644043
5.363539218902588
5.699511528015137
8.004104614257812
8.375481605529785
7.7129669189453125
3.968991756439209
3.034444570541382
7.538997173309326
1.5484510660171509
0.7541502714157104
10.121190071105957
1.0641664266586304
4.544775009155273
1.5080631971359253
9.56013011932373
1.6004213094711304
6.195038318634033
1.0424343347549438
0.8874000310897827
3.5819783210754395
2.0272114276885986
9.759839057922363
2.429037094116211
3.2655749320983887
6.4279632568359375
7.7934465408325195
0.7799972295761108
0.9581341743469238
4.726497650146484
5.2130842208862305
1.9705660343170166
14.693592071533203
1.167769193649292
1.6844121217727661
1.2425707578659058
5.707585334777832
13.173665046691895
3.0442073345184326
10.189994812011719
7.097041606903076