training history accuracy
0.8654166460037231
0.9087499976158142
0.9197916388511658
0.9229166507720947
0.9335416555404663
0.9225000143051147
0.92166668176651
0.9191666841506958
0.9356250166893005
0.9431250095367432
0.9300000071525574
0.940625011920929
0.9362499713897705
0.9414583444595337
0.9350000023841858
0.934374988079071
0.9556249976158142
0.9537500143051147
0.950208306312561
0.9547916650772095
0.956041693687439
0.9639583230018616
0.9620833396911621
0.9627083539962769
0.9664583206176758
0.9695833325386047
0.96895831823349
0.9729166626930237
0.9714583158493042
0.9733333587646484
0.9754166603088379
0.9800000190734863
0.9768750071525574
0.9766666889190674
0.9791666865348816
0.9766666889190674
0.9808333516120911
0.9791666865348816
0.9820833206176758
0.9822916388511658
0.9822916388511658
0.9835416674613953
0.9822916388511658
0.9852083325386047
0.9789583086967468
0.981041669845581
0.9833333492279053
0.9791666865348816
0.9847916960716248
0.9887499809265137
0.9862499833106995
0.9862499833106995
0.9852083325386047
0.9929166436195374
0.981041669845581
0.9856250286102295
0.9856250286102295
0.9881250262260437
0.9893749952316284
0.9850000143051147
0.987500011920929
0.9887499809265137
0.9833333492279053
0.9887499809265137
0.9856250286102295
0.9916666746139526
0.9922916889190674
0.9902083277702332
0.9918749928474426
0.9918749928474426
0.9920833110809326
0.987500011920929
0.9879166483879089
0.9852083325386047
0.9868749976158142
0.9893749952316284
0.9895833134651184
0.9908333420753479
0.987291693687439
0.9866666793823242
0.9900000095367432
0.9931250214576721
0.9889583587646484
0.9904166460037231

training history val accuracy
0.9241666793823242
0.5149999856948853
0.9291666746139526
0.6399999856948853
0.49166667461395264
0.8233333230018616
0.5408333539962769
0.9666666388511658
0.9441666603088379
0.9725000262260437
0.98416668176651
0.8174999952316284
0.9783333539962769
0.9750000238418579
0.9916666746139526
0.7933333516120911
0.9900000095367432
0.9624999761581421
0.9891666769981384
0.9866666793823242
0.7950000166893005
0.9866666793823242
0.98416668176651
0.8650000095367432
0.9891666769981384
0.9908333420753479
0.9766666889190674
0.909166693687439
0.8708333373069763
0.9908333420753479
0.6150000095367432
0.8816666603088379
0.9783333539962769
0.9900000095367432
0.9950000047683716
0.987500011920929
0.9683333039283752
0.971666693687439
0.9900000095367432
0.9941666722297668
0.8991666436195374
0.9891666769981384
0.5799999833106995
0.9866666793823242
0.9833333492279053
0.9883333444595337
0.9850000143051147
0.9641666412353516
0.9191666841506958
0.987500011920929
0.6058333516120911
0.9933333396911621
0.9750000238418579
0.9933333396911621
0.9925000071525574
0.98416668176651
0.9708333611488342
0.9641666412353516
0.9950000047683716
0.903333306312561
0.965833306312561
0.9800000190734863
0.9916666746139526
0.9649999737739563
0.9925000071525574
0.9891666769981384
0.9858333468437195
0.9916666746139526
0.9808333516120911
0.9608333110809326
0.9891666769981384
0.9466666579246521
0.9950000047683716
0.9916666746139526
0.9933333396911621
0.9891666769981384
0.95333331823349
0.9941666722297668
0.987500011920929
0.8600000143051147
0.9933333396911621
0.9858333468437195
0.9933333396911621
0.7908333539962769

training history loss
0.3557266891002655
0.2623231112957001
0.22873209416866302
0.2122488170862198
0.17602063715457916
0.20191703736782074
0.18095843493938446
0.19489280879497528
0.16239063441753387
0.14504167437553406
0.15871845185756683
0.1471112221479416
0.14676818251609802
0.14183510839939117
0.14340540766716003
0.14346306025981903
0.11224982142448425
0.10954862087965012
0.11125382781028748
0.10689478367567062
0.10478942096233368
0.09723833203315735
0.09567398577928543
0.091908760368824
0.08563199639320374
0.08072252571582794
0.07733181864023209
0.0743408054113388
0.07236330956220627
0.07125487178564072
0.06955209374427795
0.060631994158029556
0.06544491648674011
0.057821158319711685
0.060541100800037384
0.0626257061958313
0.05470172315835953
0.05002545565366745
0.05102965608239174
0.049135636538267136
0.0460602231323719
0.049149833619594574
0.053146664053201675
0.0458509661257267
0.052685271948575974
0.051415398716926575
0.04555497318506241
0.05213627219200134
0.04096323251724243
0.03516966104507446
0.04013537988066673
0.03794118016958237
0.040329672396183014
0.02469559572637081
0.04857148975133896
0.03815160691738129
0.04319228604435921
0.037038881331682205
0.02955450676381588
0.0382794588804245
0.03241251781582832
0.03308945894241333
0.04232294112443924
0.03524665907025337
0.03905338793992996
0.027789313346147537
0.023439472541213036
0.02994983084499836
0.025527482852339745
0.020578332245349884
0.024337200447916985
0.037598706781864166
0.032062381505966187
0.04034893959760666
0.03672821819782257
0.032987434417009354
0.03001714125275612
0.0258768480271101
0.03779066726565361
0.036809585988521576
0.025195913389325142
0.026431303471326828
0.024939216673374176
0.026619508862495422

training history val loss
0.18259720504283905
2.877859592437744
0.1652119755744934
0.9996329545974731
6.2250075340271
0.6892499923706055
2.270582914352417
0.09367180615663528
0.1384812742471695
0.07539546489715576
0.05483626201748848
0.3975685238838196
0.07700471580028534
0.09751518070697784
0.033518169075250626
0.4141276776790619
0.02946682646870613
0.10560084879398346
0.042179640382528305
0.0378771610558033
0.4114154279232025
0.041605591773986816
0.06544546037912369
0.36448001861572266
0.04683994874358177
0.037538789212703705
0.08367672562599182
0.2321060448884964
0.2838088572025299
0.033058471977710724
2.4903464317321777
0.29123803973197937
0.06538055837154388
0.037622954696416855
0.030030978843569756
0.03845208138227463
0.09144517779350281
0.09377477318048477
0.03854081407189369
0.028730010613799095
0.23781748116016388
0.04205245152115822
1.7184834480285645
0.04027317464351654
0.04699530825018883
0.03275080397725105
0.043366290628910065
0.10618726164102554
0.22903560101985931
0.031531937420368195
1.2888169288635254
0.02141561359167099
0.07310088723897934
0.018346494063735008
0.024878257885575294
0.05091746523976326
0.11140123754739761
0.0826219767332077
0.02096884697675705
0.43167272210121155
0.1053968146443367
0.08813218772411346
0.039665624499320984
0.10143594443798065
0.024965815246105194
0.04633857682347298
0.058504924178123474
0.036638032644987106
0.08098969608545303
0.1317680925130844
0.05138985812664032
0.26068201661109924
0.024666529148817062
0.03517955541610718
0.021142570301890373
0.034049972891807556
0.20031817257404327
0.036306511610746384
0.05289867892861366
0.9608211517333984
0.021970897912979126
0.04718027263879776
0.025090806186199188
1.3588260412216187