training history accuracy
0.7806249856948853
0.8583333492279053
0.8804166913032532
0.8962500095367432
0.8922916650772095
0.9110416769981384
0.9039583206176758
0.9108333587646484
0.9127083420753479
0.9118750095367432
0.9139583110809326
0.9222916960716248
0.925000011920929
0.9200000166893005
0.9295833110809326
0.9318749904632568
0.9289583563804626
0.9356250166893005
0.9354166388511658
0.9441666603088379
0.9439583420753479
0.9435416460037231
0.9437500238418579
0.9470833539962769
0.9570833444595337
0.956250011920929
0.9572916626930237
0.9506250023841858
0.9572916626930237
0.9597916603088379
0.9566666483879089
0.9635416865348816
0.9635416865348816
0.9622916579246521
0.9722916483879089
0.9683333039283752
0.9666666388511658
0.9645833373069763
0.9693750143051147
0.971666693687439
0.972083330154419
0.9735416769981384
0.9750000238418579
0.9739583134651184
0.9766666889190674
0.9704166650772095
0.9768750071525574
0.9739583134651184
0.9727083444595337
0.9768750071525574
0.9818750023841858
0.9787499904632568
0.9733333587646484
0.9787499904632568
0.9777083396911621
0.9768750071525574
0.9837499856948853
0.9750000238418579
0.9752083420753479
0.9783333539962769
0.9797916412353516
0.9831249713897705
0.9797916412353516
0.9785416722297668
0.9835416674613953
0.9835416674613953
0.9850000143051147
0.9864583611488342
0.9772916436195374
0.9847916960716248
0.9835416674613953
0.9868749976158142
0.9856250286102295
0.9868749976158142
0.9802083373069763
0.9833333492279053
0.9839583039283752
0.9839583039283752
0.981458306312561
0.9847916960716248
0.987708330154419

training history val accuracy
0.49166667461395264
0.6458333134651184
0.675000011920929
0.5691666603088379
0.8500000238418579
0.5833333134651184
0.9524999856948853
0.9608333110809326
0.9649999737739563
0.4925000071525574
0.9208333492279053
0.9725000262260437
0.9624999761581421
0.9633333086967468
0.9441666603088379
0.9125000238418579
0.971666693687439
0.9725000262260437
0.9541666507720947
0.753333330154419
0.965833306312561
0.3733333349227905
0.8816666603088379
0.8475000262260437
0.6000000238418579
0.903333306312561
0.965833306312561
0.9583333134651184
0.9599999785423279
0.7958333492279053
0.5899999737739563
0.73416668176651
0.965833306312561
0.9649999737739563
0.5849999785423279
0.9775000214576721
0.9708333611488342
0.9666666388511658
0.9700000286102295
0.9775000214576721
0.9674999713897705
0.9800000190734863
0.9783333539962769
0.7358333468437195
0.6791666746139526
0.949999988079071
0.9791666865348816
0.8766666650772095
0.8541666865348816
0.9599999785423279
0.9825000166893005
0.9624999761581421
0.9508333206176758
0.971666693687439
0.8999999761581421
0.940833330154419
0.9733333587646484
0.9333333373069763
0.925000011920929
0.846666693687439
0.8341666460037231
0.6924999952316284
0.9708333611488342
0.9858333468437195
0.840833306312561
0.9616666436195374
0.9800000190734863
0.9591666460037231
0.8858333230018616
0.9741666913032532
0.9608333110809326
0.9775000214576721
0.9683333039283752
0.9733333587646484
0.9766666889190674
0.5525000095367432
0.9558333158493042
0.9783333539962769
0.9641666412353516
0.9808333516120911
0.9800000190734863

training history loss
0.46597325801849365
0.3657403588294983
0.31748756766319275
0.2827427089214325
0.2795174717903137
0.24340027570724487
0.243659108877182
0.21721763908863068
0.2209145873785019
0.224443718791008
0.20612649619579315
0.20297183096408844
0.18585452437400818
0.19091734290122986
0.17150412499904633
0.16727514564990997
0.17200154066085815
0.15868130326271057
0.15642671287059784
0.1413707584142685
0.13923290371894836
0.14439083635807037
0.13269366323947906
0.13529933989048004
0.10847948491573334
0.11327551305294037
0.11088041961193085
0.11731574684381485
0.10575641691684723
0.1003531888127327
0.11017794162034988
0.09557544440031052
0.09414701163768768
0.09678196907043457
0.07592220604419708
0.08476129919290543
0.08158956468105316
0.08882860094308853
0.08050470054149628
0.06847655028104782
0.07179369777441025
0.06898794323205948
0.06359195709228516
0.07171404361724854
0.06118220463395119
0.07702981680631638
0.060653526335954666
0.07034453749656677
0.07481446117162704
0.060275815427303314
0.053692806512117386
0.058000169694423676
0.06616732478141785
0.05321115255355835
0.058521971106529236
0.06129045411944389
0.049237873405218124
0.06662258505821228
0.06541723757982254
0.054651252925395966
0.05722053349018097
0.04656899347901344
0.049627918750047684
0.05964479595422745
0.040651094168424606
0.04609603062272072
0.04267321154475212
0.03980531543493271
0.0668332502245903
0.0419977605342865
0.04686971381306648
0.03603246062994003
0.0387970469892025
0.03601551800966263
0.050633884966373444
0.044876739382743835
0.04494914785027504
0.044499944895505905
0.04953836277127266
0.041746970266103745
0.029543427750468254

training history val loss
32.37628936767578
1.1910327672958374
0.7449477910995483
1.3798693418502808
0.5419463515281677
0.8951807618141174
0.1390814185142517
0.15069933235645294
0.08805550634860992
4.0295090675354
0.22048141062259674
0.08767514675855637
0.1172320544719696
0.1138215884566307
0.18058699369430542
0.24645617604255676
0.11998278647661209
0.13447430729866028
0.16358651220798492
0.7588128447532654
0.1111273318529129
2.6751856803894043
0.2968544363975525
0.3753928244113922
1.3985120058059692
0.26029160618782043
0.11748675256967545
0.1459781378507614
0.12116806209087372
0.5863240957260132
2.2186169624328613
1.0029172897338867
0.11868176609277725
0.13232290744781494
2.734636068344116
0.08416391909122467
0.09175138920545578
0.10426430404186249
0.10628797858953476
0.06383273750543594
0.11353790014982224
0.05897698178887367
0.06847725808620453
0.898671567440033
1.2169442176818848
0.13401088118553162
0.07310163229703903
0.33509036898612976
0.5377768874168396
0.11149977147579193
0.055576641112565994
0.13245002925395966
0.14113189280033112
0.0785713791847229
0.2523934841156006
0.20033594965934753
0.07944629341363907
0.17894300818443298
0.1994553506374359
0.45380812883377075
0.575319230556488
1.203474760055542
0.09318515658378601
0.07495742291212082
0.5951817631721497
0.13255427777767181
0.07631447911262512
0.14642751216888428
0.29310500621795654
0.11612188071012497
0.12551987171173096
0.07409258186817169
0.11631716042757034
0.07842589914798737
0.06546308845281601
1.5241647958755493
0.17195731401443481
0.07191763073205948
0.1158955991268158
0.07427308708429337
0.07794429361820221