training history accuracy
0.7210416793823242
0.815416693687439
0.8297916650772095
0.8418750166893005
0.84375
0.8552083373069763
0.8647916913032532
0.8710416555404663
0.871874988079071
0.8666666746139526
0.8804166913032532
0.8883333206176758
0.890625
0.8929166793823242
0.8933333158493042
0.9006249904632568
0.8949999809265137
0.8960416913032532
0.8995833396911621
0.9035416841506958
0.9054166674613953
0.9166666865348816
0.90645831823349
0.9212499856948853
0.9120833277702332
0.9104166626930237
0.9260416626930237
0.9231250286102295
0.9260416626930237
0.9195833206176758
0.921875
0.9316666722297668
0.9429166913032532
0.9310416579246521
0.9431250095367432
0.9291666746139526
0.9379166960716248
0.9456250071525574
0.9364583492279053
0.9416666626930237
0.9399999976158142
0.9470833539962769
0.9479166865348816
0.9506250023841858
0.9489583373069763
0.9485416412353516
0.9585416913032532
0.9543750286102295
0.940833330154419
0.9552083611488342
0.9579166769981384
0.9624999761581421
0.9618750214576721
0.9587500095367432
0.9604166746139526

training history val accuracy
0.6924999952316284
0.5233333110809326
0.49166667461395264
0.5108333230018616
0.8991666436195374
0.49166667461395264
0.49166667461395264
0.809166669845581
0.653333306312561
0.512499988079071
0.5258333086967468
0.4933333396911621
0.5133333206176758
0.49166667461395264
0.5249999761581421
0.49166667461395264
0.49166667461395264
0.4658333361148834
0.49166667461395264
0.5133333206176758
0.9258333444595337
0.476666659116745
0.653333306312561
0.5249999761581421
0.9483333230018616
0.621666669845581
0.5941666960716248
0.5224999785423279
0.684166669845581
0.574999988079071
0.5816666483879089
0.9383333325386047
0.7099999785423279
0.6041666865348816
0.3425000011920929
0.8491666913032532
0.6808333396911621
0.8416666388511658
0.9416666626930237
0.49166667461395264
0.6341666579246521
0.6100000143051147
0.5149999856948853
0.9358333349227905
0.6274999976158142
0.8208333253860474
0.940833330154419
0.8500000238418579
0.8666666746139526
0.8924999833106995
0.8633333444595337
0.5941666960716248
0.8733333349227905
0.8949999809265137
0.9333333373069763

training history loss
0.5611807703971863
0.42200207710266113
0.4030669331550598
0.3812662959098816
0.36701110005378723
0.3456469178199768
0.3370347023010254
0.32732102274894714
0.31767764687538147
0.3117077350616455
0.2956293225288391
0.27450013160705566
0.27095040678977966
0.26481276750564575
0.26017576456069946
0.25625747442245483
0.2505120038986206
0.2446783185005188
0.23258565366268158
0.22439967095851898
0.2262612134218216
0.20510049164295197
0.21737389266490936
0.20187616348266602
0.20513726770877838
0.211762934923172
0.18426375091075897
0.18563269078731537
0.18038292229175568
0.191044420003891
0.18667647242546082
0.16887027025222778
0.14196890592575073
0.16061273217201233
0.14350922405719757
0.1623980849981308
0.1379161924123764
0.1356058120727539
0.14833307266235352
0.139378160238266
0.15017789602279663
0.1287250816822052
0.13013078272342682
0.1285480558872223
0.12239116430282593
0.12916603684425354
0.10359994322061539
0.11727413535118103
0.14447271823883057
0.11321453005075455
0.10329338163137436
0.09885277599096298
0.09863156825304031
0.10393059998750687
0.09989377111196518

training history val loss
0.684603750705719
1.326641321182251
6.385688304901123
3.4010720252990723
0.22774681448936462
46.94353485107422
15.952857971191406
0.5115575790405273
0.7995702028274536
2.731029987335205
1.443598985671997
2.0953192710876465
1.9658087491989136
10.110243797302246
1.4856966733932495
10.940305709838867
4.257418155670166
1.9483060836791992
9.139686584472656
1.6226997375488281
0.17611756920814514
2.432504177093506
1.109652042388916
1.0926740169525146
0.13016290962696075
1.295656681060791
1.370792031288147
1.9520041942596436
1.0231714248657227
1.501928448677063
1.369321346282959
0.15676823258399963
0.8177610039710999
1.3659062385559082
2.666388750076294
0.3916269540786743
1.030887484550476
0.4133664071559906
0.15304350852966309
5.630780220031738
1.5802284479141235
1.8251910209655762
2.4989309310913086
0.1708696484565735
1.4377824068069458
0.6578006148338318
0.17874936759471893
0.4972597658634186
0.4037410318851471
0.3090236186981201
0.39492520689964294
1.972008466720581
0.45663216710090637
0.3386790156364441
0.18987832963466644