training history accuracy
0.5418750047683716
0.753125011920929
0.7979166507720947
0.8145833611488342
0.8224999904632568
0.8447916507720947
0.8391666412353516
0.8475000262260437
0.8631250262260437
0.8772916793823242
0.8774999976158142
0.8891666531562805
0.9043750166893005
0.9054166674613953
0.9210416674613953
0.9233333468437195
0.9395833611488342
0.9281250238418579
0.9433333277702332
0.953125
0.9577083587646484
0.9635416865348816
0.9604166746139526
0.9606249928474426
0.9702083468437195
0.9683333039283752
0.9727083444595337
0.9668750166893005
0.9739583134651184
0.9800000190734863
0.9791666865348816
0.9781249761581421
0.9764583110809326
0.9756249785423279
0.981249988079071
0.981041669845581
0.9870833158493042
0.9820833206176758
0.9881250262260437
0.9808333516120911
0.9833333492279053
0.981249988079071
0.9900000095367432
0.9885416626930237
0.987708330154419
0.9885416626930237
0.9835416674613953
0.9833333492279053
0.9868749976158142
0.9862499833106995
0.9862499833106995
0.9885416626930237
0.9889583587646484
0.9900000095367432
0.9866666793823242
0.987291693687439
0.9900000095367432
0.9881250262260437
0.9900000095367432
0.9883333444595337
0.9887499809265137
0.9862499833106995
0.9920833110809326
0.9906250238418579
0.9918749928474426
0.9906250238418579
0.9879166483879089

training history val accuracy
0.49166667461395264
0.7208333611488342
0.690833330154419
0.6625000238418579
0.5149999856948853
0.5683333277702332
0.5083333253860474
0.5116666555404663
0.753333330154419
0.5091666579246521
0.4983333349227905
0.6383333206176758
0.6116666793823242
0.5233333110809326
0.5841666460037231
0.8291666507720947
0.6675000190734863
0.5108333230018616
0.6575000286102295
0.7891666889190674
0.5358333587646484
0.5333333611488342
0.6016666889190674
0.6783333420753479
0.7508333325386047
0.6633333563804626
0.7674999833106995
0.7250000238418579
0.5183333158493042
0.5258333086967468
0.6499999761581421
0.550000011920929
0.5091666579246521
0.7366666793823242
0.7516666650772095
0.5724999904632568
0.871666669845581
0.5308333039283752
0.7850000262260437
0.5425000190734863
0.5099999904632568
0.8299999833106995
0.590833306312561
0.715833306312561
0.6700000166893005
0.6791666746139526
0.5541666746139526
0.7741666436195374
0.5416666865348816
0.7183333039283752
0.6000000238418579
0.5741666555404663
0.7108333110809326
0.8741666674613953
0.7408333420753479
0.8391666412353516
0.784166693687439
0.8149999976158142
0.7149999737739563
0.8525000214576721
0.5983333587646484
0.7391666769981384
0.5508333444595337
0.8399999737739563
0.49166667461395264
0.6183333396911621
0.6541666388511658

training history loss
0.7375326752662659
0.5194870233535767
0.443053275346756
0.42076268792152405
0.3959932327270508
0.3758021891117096
0.3695049285888672
0.3509267568588257
0.3290937542915344
0.30416133999824524
0.2844921946525574
0.2809638977050781
0.24687716364860535
0.23389312624931335
0.2156776636838913
0.2001502960920334
0.16632811725139618
0.1838688850402832
0.15100905299186707
0.12585121393203735
0.11801167577505112
0.11245740205049515
0.11484876275062561
0.10806913673877716
0.08904816955327988
0.10062946379184723
0.07540185004472733
0.09657198935747147
0.07990895956754684
0.06314428895711899
0.07459604740142822
0.0713508129119873
0.0760088786482811
0.07633689790964127
0.06024964153766632
0.05903879180550575
0.04637382552027702
0.061088595539331436
0.04752720892429352
0.06408824771642685
0.050293080508708954
0.05494058132171631
0.033124953508377075
0.04509817436337471
0.046672333031892776
0.036736950278282166
0.05842205509543419
0.05298379436135292
0.04511081427335739
0.05123302713036537
0.045657217502593994
0.03581341728568077
0.0412459559738636
0.03261991962790489
0.04371600225567818
0.04197291284799576
0.03485218435525894
0.043629638850688934
0.03439345210790634
0.04846840724349022
0.03681347519159317
0.047707412391901016
0.030170412734150887
0.031703460961580276
0.02898365631699562
0.03171529993414879
0.03860294818878174

training history val loss
12.78222370147705
0.6030012965202332
0.6236667037010193
0.7342433929443359
2.1317853927612305
0.9197671413421631
3.6771399974823
2.001547336578369
0.5054031610488892
3.6245906352996826
1.1899259090423584
1.1669921875
1.430393934249878
3.1711950302124023
1.4384026527404785
0.4213220477104187
0.9189250469207764
2.7441866397857666
0.6438260674476624
0.862075686454773
4.84592866897583
3.560025215148926
1.3886008262634277
1.0998027324676514
0.6985535621643066
1.7087843418121338
1.340989351272583
1.3584364652633667
6.185974597930908
4.28803014755249
2.137624740600586
1.2420532703399658
11.386938095092773
0.5006176233291626
0.7285069227218628
2.407090663909912
0.38480275869369507
1.2715951204299927
0.4558909237384796
1.966220736503601
7.792747497558594
0.5953488945960999
3.2073183059692383
1.7966049909591675
1.7434301376342773
1.9453531503677368
2.909230947494507
0.5306152701377869
4.678818702697754
1.013810396194458
2.6960391998291016
1.981169581413269
1.0781219005584717
0.4146462380886078
0.7460193634033203
0.5233042240142822
0.5585978627204895
0.5411633849143982
0.669511079788208
0.41559651494026184
1.3224050998687744
1.1436645984649658
5.435073375701904
0.52308589220047
7.1735711097717285
2.5492522716522217
2.5203726291656494