test data loss : 0.257442831993103
test data accyracy : 0.9399999976158142

training history accuracy
0.872083306312561
0.9300000071525574
0.9462500214576721
0.9574999809265137
0.9520833492279053
0.965624988079071
0.9714583158493042
0.9737499952316284
0.9764583110809326
0.9791666865348816
0.9902083277702332
0.9906250238418579
0.9881250262260437
0.9887499809265137
0.9883333444595337
0.9929166436195374
0.9937499761581421
0.9895833134651184
0.9904166460037231
0.9954166412353516
0.9960416555404663
0.9972916841506958
0.9943749904632568
0.9945833086967468
0.9989583492279053
0.9897916913032532
0.9956250190734863
0.9943749904632568
0.9929166436195374
0.997083306312561
0.9952083230018616
0.9937499761581421
0.9972916841506958
0.9987499713897705
0.9977083206176758
0.9954166412353516
0.9925000071525574
0.9960416555404663
0.9960416555404663
0.9960416555404663
0.9981250166893005
0.9947916865348816
0.9979166388511658
0.9958333373069763
0.9962499737739563
0.9962499737739563
0.9972916841506958
0.9983333349227905
0.9958333373069763
0.9931250214576721
0.9947916865348816
0.997083306312561
0.9979166388511658
0.997083306312561
0.9962499737739563
0.9995833039283752
0.9993749856948853
0.9975000023841858
0.9952083230018616
0.9991666674613953
0.9993749856948853
0.9989583492279053
0.9960416555404663
0.9952083230018616
0.9983333349227905
0.9987499713897705
0.9987499713897705
0.9983333349227905
0.997083306312561
0.9954166412353516
0.9972916841506958
0.9972916841506958
0.9954166412353516
0.9979166388511658
0.9995833039283752
0.996874988079071
0.9981250166893005

training history val accuracy
0.5083333253860474
0.5083333253860474
0.5083333253860474
0.5083333253860474
0.5083333253860474
0.5083333253860474
0.5083333253860474
0.5083333253860474
0.5083333253860474
0.8075000047683716
0.7183333039283752
0.8075000047683716
0.5083333253860474
0.6875
0.7958333492279053
0.5416666865348816
0.54666668176651
0.49166667461395264
0.6050000190734863
0.49166667461395264
0.9208333492279053
0.5425000190734863
0.637499988079071
0.6675000190734863
0.5183333158493042
0.6266666650772095
0.846666693687439
0.5724999904632568
0.6499999761581421
0.9125000238418579
0.7174999713897705
0.49166667461395264
0.9116666913032532
0.7258333563804626
0.4958333373069763
0.6974999904632568
0.8974999785423279
0.6150000095367432
0.6666666865348816
0.8824999928474426
0.9325000047683716
0.49166667461395264
0.8525000214576721
0.7941666841506958
0.7441666722297668
0.5083333253860474
0.9524999856948853
0.9125000238418579
0.8433333039283752
0.6266666650772095
0.5083333253860474
0.5083333253860474
0.8675000071525574
0.9024999737739563
0.79666668176651
0.5083333253860474
0.7766666412353516
0.6349999904632568
0.8758333325386047
0.8450000286102295
0.67166668176651
0.762499988079071
0.5674999952316284
0.7308333516120911
0.7225000262260437
0.8758333325386047
0.7450000047683716
0.9100000262260437
0.8050000071525574
0.7524999976158142
0.6008333563804626
0.6949999928474426
0.5666666626930237
0.4933333396911621
0.8566666841506958
0.9441666603088379
0.903333306312561

training history loss
0.3230891525745392
0.18915286660194397
0.15298792719841003
0.1270003765821457
0.12797988951206207
0.09273692965507507
0.07735837250947952
0.07280761748552322
0.06069737672805786
0.055360544472932816
0.030336851254105568
0.027204783633351326
0.02877682074904442
0.030825408175587654
0.03303058445453644
0.023006509989500046
0.018174825236201286
0.028830429539084435
0.02706625871360302
0.012686925008893013
0.011217362247407436
0.009679480455815792
0.01652410440146923
0.01735748164355755
0.004785897210240364
0.02964146062731743
0.012884419411420822
0.014374944381415844
0.020599130541086197
0.009133454412221909
0.011353343725204468
0.017301855608820915
0.00832073949277401
0.0036999639123678207
0.005997213535010815
0.013773893006145954
0.02314826101064682
0.009089529514312744
0.008847005665302277
0.009926768951117992
0.005963875446468592
0.013807548210024834
0.005209569353610277
0.010410744696855545
0.01108951773494482
0.011439479887485504
0.007293357979506254
0.004405787214636803
0.011758512817323208
0.019266659393906593
0.01432846114039421
0.008243058808147907
0.006407514680176973
0.008368865586817265
0.013140231370925903
0.0016066170064732432
0.0019708178006112576
0.009508363902568817
0.014138059690594673
0.0038909304421395063
0.0017783860675990582
0.0035024015232920647
0.012253306806087494
0.0114084267988801
0.006472829729318619
0.004676717333495617
0.003556382143869996
0.004910730756819248
0.00757458945736289
0.014002057723701
0.007317500188946724
0.007930461317300797
0.011138021014630795
0.00533241406083107
0.0017263380577787757
0.00810826662927866
0.006926917936652899

training history val loss
11.2333402633667
13.617161750793457
10.825474739074707
12.173529624938965
11.3543119430542
11.357381820678711
14.281646728515625
14.592101097106934
10.886516571044922
0.47389277815818787
0.9868118166923523
0.6370519995689392
5.870082378387451
1.4764361381530762
0.8213644623756409
3.532585859298706
2.975503921508789
15.152962684631348
1.709980845451355
6.902496814727783
0.29564133286476135
3.720176935195923
1.6311213970184326
1.7786931991577148
4.700268745422363
2.248430013656616
0.6475841999053955
3.5185937881469727
2.5489373207092285
0.27004772424697876
1.411889672279358
8.654709815979004
0.3069516122341156
1.4817105531692505
5.127776622772217
1.9495339393615723
0.45011255145072937
2.3652539253234863
1.8872640132904053
0.38525137305259705
0.21503311395645142
8.717010498046875
0.5446129441261292
1.4325885772705078
1.2234867811203003
13.164254188537598
0.19224666059017181
0.2923594117164612
0.47621047496795654
2.73103404045105
11.501961708068848
12.598706245422363
0.4508979320526123
0.37019476294517517
0.891060471534729
8.538227081298828
1.1802033185958862
2.169989585876465
0.6244761943817139
0.7276094555854797
2.3328282833099365
1.238153338432312
4.445526123046875
1.6095284223556519
1.6989099979400635
0.5220935940742493
1.1523997783660889
0.3962840437889099
1.2697393894195557
1.9055161476135254
3.3610243797302246
2.6526880264282227
5.232344627380371
8.717330932617188
0.6198155879974365
0.2729068100452423
0.3869943916797638