test data loss : 0.20724648237228394
test data accyracy : 0.9390000104904175

training history accuracy
0.8702083230018616
0.9322916865348816
0.9427083134651184
0.9543750286102295
0.9602083563804626
0.9668750166893005
0.9681249856948853
0.9789583086967468
0.9881250262260437
0.9764583110809326
0.9808333516120911
0.9925000071525574
0.9879166483879089
0.9864583611488342
0.9918749928474426
0.9902083277702332
0.9891666769981384
0.9939583539962769
0.9964583516120911
0.9931250214576721
0.9925000071525574
0.9887499809265137
0.9958333373069763
0.9941666722297668
0.9927083253860474
0.996874988079071
0.9989583492279053
0.997083306312561
0.997083306312561
0.9960416555404663
0.9956250190734863
0.9956250190734863
0.9950000047683716
0.9943749904632568
0.9983333349227905
0.9931250214576721
0.9935416579246521
0.9943749904632568
0.9975000023841858
0.9981250166893005
0.9972916841506958
0.9987499713897705
0.9975000023841858
0.9964583516120911
0.9975000023841858

training history val accuracy
0.5083333253860474
0.5083333253860474
0.5083333253860474
0.5083333253860474
0.5083333253860474
0.5083333253860474
0.5083333253860474
0.5083333253860474
0.5091666579246521
0.5083333253860474
0.6266666650772095
0.8399999737739563
0.5099999904632568
0.9433333277702332
0.9583333134651184
0.49166667461395264
0.9449999928474426
0.49166667461395264
0.5149999856948853
0.550000011920929
0.8541666865348816
0.5116666555404663
0.5625
0.8799999952316284
0.5933333039283752
0.612500011920929
0.9350000023841858
0.7108333110809326
0.7350000143051147
0.9108333587646484
0.5083333253860474
0.5400000214576721
0.8100000023841858
0.8341666460037231
0.5141666531562805
0.49166667461395264
0.5541666746139526
0.9416666626930237
0.7674999833106995
0.5016666650772095
0.9300000071525574
0.9208333492279053
0.5083333253860474
0.612500011920929
0.49416667222976685

training history loss
0.34318530559539795
0.19162660837173462
0.15625767409801483
0.13285115361213684
0.10635430365800858
0.0920480340719223
0.0874108299612999
0.06314372271299362
0.03577202558517456
0.06048859283328056
0.0551421083509922
0.022857464849948883
0.032414063811302185
0.035533808171749115
0.02209191955626011
0.027989419177174568
0.030266866087913513
0.018606163561344147
0.009584378451108932
0.021436510607600212
0.018698610365390778
0.03160553425550461
0.013329396024346352
0.014382646419107914
0.019582806155085564
0.009315906092524529
0.004302255343645811
0.008583379909396172
0.009291325695812702
0.01053471677005291
0.012689808383584023
0.015094566158950329
0.015335229225456715
0.015459330752491951
0.005325478035956621
0.01668907329440117
0.020851677283644676
0.016087526455521584
0.0068673365749418736
0.005212721414864063
0.009444634430110455
0.004684316460043192
0.0053172302432358265
0.010706779547035694
0.00943735707551241

training history val loss
8.842820167541504
13.148603439331055
14.147658348083496
13.549173355102539
16.002431869506836
11.545598983764648
14.27359676361084
13.9426851272583
6.227287292480469
12.130268096923828
1.661975622177124
0.6377712488174438
4.490441799163818
0.16174860298633575
0.14245297014713287
14.987983703613281
0.1949734091758728
12.989293098449707
5.93130350112915
3.438343048095703
0.5784748196601868
6.056641578674316
4.194104194641113
0.4301553964614868
2.5644311904907227
2.6554460525512695
0.1974760740995407
1.6356920003890991
1.5277265310287476
0.36484721302986145
11.195551872253418
3.883462429046631
1.0025749206542969
0.7635670304298401
7.533769607543945
27.74332046508789
4.111205577850342
0.22964049875736237
0.9336932301521301
6.159658432006836
0.3069462478160858
0.31410035490989685
10.531780242919922
2.620635986328125
7.581565856933594