test data loss : 0.16710011661052704
test data accyracy : 0.9459999799728394

training history accuracy
0.8618749976158142
0.9316666722297668
0.9545833468437195
0.9610416889190674
0.9670833349227905
0.9695833325386047
0.9750000238418579
0.9839583039283752
0.9825000166893005
0.9831249713897705
0.9866666793823242
0.9931250214576721
0.9866666793823242
0.9897916913032532
0.9904166460037231
0.9947916865348816
0.9950000047683716
0.9935416579246521
0.9862499833106995
0.9960416555404663
0.996874988079071
0.9929166436195374
0.9935416579246521
0.9962499737739563
0.9933333396911621
0.9950000047683716
0.997083306312561
0.9952083230018616
0.9954166412353516
0.9941666722297668
0.9960416555404663
0.9979166388511658
0.9972916841506958
0.9964583516120911
0.9933333396911621
0.9947916865348816
0.996874988079071
0.9958333373069763
0.9962499737739563
0.9977083206176758
0.9972916841506958
0.996666669845581
0.9987499713897705
0.9987499713897705
0.9956250190734863
0.9985416531562805
1.0
0.9975000023841858
0.9931250214576721
0.9987499713897705
0.9985416531562805
0.9979166388511658
0.9927083253860474
0.9960416555404663

training history val accuracy
0.5083333253860474
0.5083333253860474
0.5083333253860474
0.5083333253860474
0.5083333253860474
0.5083333253860474
0.5083333253860474
0.5083333253860474
0.5116666555404663
0.4958333373069763
0.51583331823349
0.5099999904632568
0.6583333611488342
0.534166693687439
0.4958333373069763
0.4958333373069763
0.4983333349227905
0.8708333373069763
0.7524999976158142
0.5316666960716248
0.5866666436195374
0.8941666483879089
0.6200000047683716
0.9541666507720947
0.4925000071525574
0.5083333253860474
0.4925000071525574
0.887499988079071
0.590833306312561
0.5183333158493042
0.5299999713897705
0.699999988079071
0.9366666674613953
0.8358333110809326
0.7833333611488342
0.5066666603088379
0.6791666746139526
0.49166667461395264
0.8725000023841858
0.9291666746139526
0.6850000023841858
0.5724999904632568
0.9333333373069763
0.8208333253860474
0.8558333516120911
0.8808333277702332
0.7608333230018616
0.49916666746139526
0.862500011920929
0.5849999785423279
0.9150000214576721
0.6441666483879089
0.5083333253860474
0.7616666555404663

training history loss
0.3318803310394287
0.17854365706443787
0.132060706615448
0.11136562377214432
0.09831900149583817
0.08623692393302917
0.07104971259832382
0.043861985206604004
0.05010922625660896
0.04797971248626709
0.03800017386674881
0.02190462313592434
0.035722021013498306
0.030285997316241264
0.023968955501914024
0.014873549342155457
0.013645375147461891
0.01755494996905327
0.04286610707640648
0.0127889234572649
0.010523263365030289
0.01820025034248829
0.019192777574062347
0.01271846890449524
0.01676955074071884
0.01485450565814972
0.009838412515819073
0.01431955024600029
0.012663421221077442
0.017454586923122406
0.011004378087818623
0.007788138464093208
0.008262799121439457
0.009475000202655792
0.02044726349413395
0.015524117276072502
0.008894115686416626
0.010490105487406254
0.008897705003619194
0.005845951847732067
0.009165879338979721
0.009537923149764538
0.0031779110431671143
0.0037137679755687714
0.013139190152287483
0.006515268702059984
0.0008888864540494978
0.006561661139130592
0.02397257089614868
0.004661886487156153
0.004415033385157585
0.007168607786297798
0.019865909591317177
0.013470330275595188

training history val loss
9.504244804382324
15.772781372070312
13.347451210021973
12.088065147399902
18.42363739013672
13.187211036682129
11.321890830993652
12.127480506896973
3.9969868659973145
1.3884363174438477
1.8804681301116943
5.796582221984863
1.6101016998291016
2.1371517181396484
3.4130172729492188
1.996928095817566
3.462993621826172
0.33027130365371704
0.8010406494140625
3.999835729598999
1.5419973134994507
0.4598162770271301
1.772002935409546
0.13754498958587646
4.991587162017822
7.587224960327148
4.461133003234863
0.32438138127326965
2.2129805088043213
5.412954807281494
2.563419818878174
1.6456396579742432
0.29852113127708435
0.6819994449615479
0.9413233399391174
4.189706325531006
1.7549269199371338
7.926595687866211
0.6494133472442627
0.26667463779449463
1.1915571689605713
3.793273448944092
0.303524374961853
0.7736137509346008
0.5674839615821838
0.5116970539093018
1.095949649810791
4.422511100769043
0.4491916298866272
3.196187734603882
0.31297916173934937
2.193382740020752
8.377500534057617
0.8747143745422363