test data loss : 0.22800308465957642
test data accyracy : 0.9290000200271606

training history accuracy
0.8664583563804626
0.9306250214576721
0.9477083086967468
0.9577083587646484
0.965416669845581
0.9662500023841858
0.96854168176651
0.9741666913032532
0.9820833206176758
0.984375
0.98416668176651
0.9889583587646484
0.9908333420753479
0.9858333468437195
0.9912499785423279
0.9933333396911621
0.9925000071525574
0.9883333444595337
0.9927083253860474
0.9950000047683716
0.997083306312561
0.9912499785423279
0.9920833110809326
0.9952083230018616
0.996874988079071
0.9941666722297668
0.9927083253860474
0.9975000023841858
0.9987499713897705
0.9993749856948853
0.9947916865348816
0.9929166436195374
0.9964583516120911
0.9962499737739563
0.9947916865348816
0.9939583539962769
0.9995833039283752
0.9950000047683716
0.996666669845581
0.9931250214576721
0.9952083230018616
0.9972916841506958
0.9977083206176758
0.9985416531562805

training history val accuracy
0.5083333253860474
0.5083333253860474
0.5083333253860474
0.5083333253860474
0.5083333253860474
0.5083333253860474
0.5083333253860474
0.5083333253860474
0.5083333253860474
0.5083333253860474
0.5083333253860474
0.7300000190734863
0.878333330154419
0.9366666674613953
0.8333333134651184
0.6208333373069763
0.5383333563804626
0.49166667461395264
0.5216666460037231
0.5083333253860474
0.5450000166893005
0.9108333587646484
0.7008333206176758
0.49166667461395264
0.9358333349227905
0.9433333277702332
0.6941666603088379
0.9058333039283752
0.5083333253860474
0.9449999928474426
0.8125
0.6449999809265137
0.8816666603088379
0.875
0.8583333492279053
0.8166666626930237
0.8533333539962769
0.7058333158493042
0.528333306312561
0.49166667461395264
0.5425000190734863
0.9383333325386047
0.9233333468437195
0.7483333349227905

training history loss
0.3288111984729767
0.17968600988388062
0.1472800374031067
0.11574169248342514
0.0962061882019043
0.09167542308568954
0.08135736733675003
0.07000287622213364
0.05063928663730621
0.04502423480153084
0.04166135936975479
0.03515869006514549
0.025726767256855965
0.0369735024869442
0.026113955304026604
0.02144894190132618
0.025376155972480774
0.02588876709342003
0.021827612072229385
0.013656875118613243
0.010182421654462814
0.023507967591285706
0.020247841253876686
0.012901750393211842
0.012185752391815186
0.016321402043104172
0.020405985414981842
0.008674618788063526
0.005340928211808205
0.00153912918176502
0.013952016830444336
0.02492794394493103
0.0103272944688797
0.008858097717165947
0.01419088989496231
0.015613810159265995
0.002815593034029007
0.01424506027251482
0.009579915553331375
0.019701916724443436
0.01247317623347044
0.008197412826120853
0.007855504751205444
0.004956859163939953

training history val loss
12.991706848144531
15.150128364562988
18.356063842773438
14.352941513061523
12.37658977508545
13.695685386657715
11.699162483215332
12.941977500915527
15.130478858947754
7.241908550262451
9.565125465393066
1.0223643779754639
0.3318242132663727
0.16267980635166168
0.45285215973854065
2.1908481121063232
2.483494758605957
9.4852933883667
4.105798244476318
11.491042137145996
4.632427215576172
0.2751989960670471
0.9667060375213623
11.349742889404297
0.1943841576576233
0.24815912544727325
2.2762551307678223
0.4360029101371765
8.085086822509766
0.18093369901180267
0.7546634674072266
2.1725053787231445
0.4994734227657318
0.5240895748138428
0.7086260318756104
0.8008039593696594
0.6311267018318176
2.678818941116333
7.578314781188965
7.403777599334717
3.1032867431640625
0.2528690993785858
0.25010889768600464
1.323211669921875