test data loss : 0.21971280872821808
test data accyracy : 0.9419999718666077

training history accuracy
0.856041669845581
0.9354166388511658
0.9506250023841858
0.9468749761581421
0.9568750262260437
0.9668750166893005
0.9643750190734863
0.981458306312561
0.9756249785423279
0.9825000166893005
0.9850000143051147
0.9793750047683716
0.9920833110809326
0.9881250262260437
0.9860416650772095
0.9929166436195374
0.9908333420753479
0.9931250214576721
0.9941666722297668
0.9977083206176758
0.9939583539962769
0.9897916913032532
0.9945833086967468
0.9962499737739563
0.9931250214576721
0.9981250166893005
0.9910416603088379
0.9964583516120911
0.9954166412353516
0.9933333396911621
0.9910416603088379
0.9945833086967468
0.9954166412353516
0.9975000023841858
0.996666669845581
0.9950000047683716
0.9983333349227905
0.9987499713897705
0.996666669845581
0.9947916865348816
0.9977083206176758
0.9972916841506958
0.9933333396911621
0.9964583516120911
0.9979166388511658
0.996874988079071
0.9985416531562805
0.9941666722297668
0.9987499713897705
0.9991666674613953
0.9962499737739563
0.9989583492279053

training history val accuracy
0.5083333253860474
0.5083333253860474
0.5083333253860474
0.5083333253860474
0.5083333253860474
0.5083333253860474
0.5083333253860474
0.5083333253860474
0.5649999976158142
0.5083333253860474
0.4933333396911621
0.8658333420753479
0.5083333253860474
0.49166667461395264
0.49166667461395264
0.6424999833106995
0.8166666626930237
0.49166667461395264
0.5133333206176758
0.5083333253860474
0.49666666984558105
0.9541666507720947
0.49166667461395264
0.753333330154419
0.5083333253860474
0.5758333206176758
0.7766666412353516
0.8483333587646484
0.5083333253860474
0.8141666650772095
0.49166667461395264
0.5083333253860474
0.7300000190734863
0.8299999833106995
0.5983333587646484
0.5199999809265137
0.5049999952316284
0.512499988079071
0.6933333277702332
0.49166667461395264
0.6983333230018616
0.8450000286102295
0.5083333253860474
0.7358333468437195
0.4950000047683716
0.8700000047683716
0.9208333492279053
0.6308333277702332
0.5083333253860474
0.5791666507720947
0.5916666388511658
0.8441666960716248

training history loss
0.3534945249557495
0.18313589692115784
0.1478387862443924
0.13713008165359497
0.1130923479795456
0.0984901636838913
0.09935727715492249
0.054419614374637604
0.061463456600904465
0.04868578910827637
0.037976037710905075
0.057402655482292175
0.02434500865638256
0.03203631564974785
0.038085971027612686
0.022999916225671768
0.026586629450321198
0.02130383625626564
0.017837122082710266
0.008245709352195263
0.018124254420399666
0.030791832134127617
0.013779460452497005
0.011285929940640926
0.019805841147899628
0.007768786046653986
0.02332381345331669
0.010216773487627506
0.012964322231709957
0.01615114137530327
0.025579556822776794
0.014547091908752918
0.014204098843038082
0.005912739783525467
0.009995880536735058
0.014039379544556141
0.007076472509652376
0.00393161503598094
0.010584530420601368
0.015985678881406784
0.0064964876510202885
0.00903710350394249
0.021266808733344078
0.009214358404278755
0.00697313854470849
0.0067409793846309185
0.004676360171288252
0.017585694789886475
0.005244895815849304
0.003578335512429476
0.0098418565467
0.006095621734857559

training history val loss
9.007570266723633
14.322770118713379
13.554967880249023
14.07960319519043
17.10602569580078
14.135170936584473
11.762340545654297
10.098105430603027
2.982009172439575
8.562970161437988
3.264719247817993
0.4466263949871063
7.868419647216797
8.295452117919922
10.135905265808105
2.00221586227417
0.6410515904426575
9.280198097229004
5.243810653686523
8.18685531616211
6.223057746887207
0.16981805860996246
5.061331272125244
0.9716178178787231
9.140049934387207
3.3414270877838135
0.7691105604171753
0.46537458896636963
10.661474227905273
0.9242264032363892
9.294508934020996
15.9973726272583
1.101030707359314
0.7653376460075378
2.6989128589630127
5.962733268737793
4.63523530960083
7.281932830810547
1.874985933303833
5.62343168258667
1.8083927631378174
0.6364225745201111
11.853307723999023
1.558032751083374
6.2031941413879395
0.5137282013893127
0.3767491579055786
2.049234628677368
7.676388263702393
3.7690210342407227
3.302140235900879
0.7987621426582336