test data loss : 0.19733203947544098
test data accyracy : 0.9359999895095825

training history accuracy
0.8637499809265137
0.9347916841506958
0.9481250047683716
0.9516666531562805
0.9583333134651184
0.9704166650772095
0.9674999713897705
0.96895831823349
0.9795833230018616
0.9783333539962769
0.98416668176651
0.9866666793823242
0.9852083325386047
0.9895833134651184
0.9879166483879089
0.987708330154419
0.9902083277702332
0.9918749928474426
0.9958333373069763
0.9937499761581421
0.9918749928474426
0.9929166436195374
0.9947916865348816
0.9952083230018616
0.9952083230018616
0.9933333396911621
0.9964583516120911
0.9987499713897705
0.9979166388511658
0.9983333349227905
0.9947916865348816
0.9954166412353516
0.9954166412353516
0.9937499761581421
0.9956250190734863
0.9972916841506958
0.9962499737739563
0.9964583516120911
0.9962499737739563
0.9947916865348816
0.9954166412353516
0.9989583492279053
1.0
0.9952083230018616
0.9943749904632568
0.9989583492279053
0.9981250166893005
0.9935416579246521
0.9947916865348816
0.9952083230018616
0.9954166412353516
0.9977083206176758

training history val accuracy
0.5083333253860474
0.5083333253860474
0.5083333253860474
0.5083333253860474
0.5083333253860474
0.5083333253860474
0.5083333253860474
0.5083333253860474
0.5083333253860474
0.6000000238418579
0.6966666579246521
0.5099999904632568
0.5166666507720947
0.4983333349227905
0.503333330154419
0.49166667461395264
0.5083333253860474
0.4983333349227905
0.8058333396911621
0.75
0.5425000190734863
0.9558333158493042
0.5058333277702332
0.4925000071525574
0.5041666626930237
0.621666669845581
0.8741666674613953
0.5383333563804626
0.5199999809265137
0.6258333325386047
0.5508333444595337
0.6274999976158142
0.6575000286102295
0.675000011920929
0.5083333253860474
0.8008333444595337
0.5958333611488342
0.5183333158493042
0.6924999952316284
0.8633333444595337
0.9541666507720947
0.6825000047683716
0.8441666960716248
0.5083333253860474
0.5099999904632568
0.9316666722297668
0.6966666579246521
0.5975000262260437
0.9150000214576721
0.5083333253860474
0.9549999833106995
0.5808333158493042

training history loss
0.33004406094551086
0.17323006689548492
0.15110577642917633
0.1317185014486313
0.11210417747497559
0.08871708065271378
0.08835747092962265
0.08054226636886597
0.055926062166690826
0.057902559638023376
0.040531277656555176
0.041361261159181595
0.043328382074832916
0.03345534950494766
0.03096822462975979
0.03193281590938568
0.028507452458143234
0.021900469437241554
0.014358666725456715
0.01716996356844902
0.02086021564900875
0.02382568269968033
0.015312789008021355
0.0143794696778059
0.016300249844789505
0.019214481115341187
0.010221749544143677
0.007090054918080568
0.004701951984316111
0.004919597413390875
0.015282572247087955
0.013805575668811798
0.013592983596026897
0.019108742475509644
0.013558954000473022
0.00690855085849762
0.014050181955099106
0.013712100684642792
0.012403514236211777
0.014747243374586105
0.013199874199926853
0.004708954598754644
0.0008264376665465534
0.013527113944292068
0.013338030315935612
0.003760334337130189
0.005222338251769543
0.01711740344762802
0.013752376660704613
0.01423775963485241
0.013402403332293034
0.006220726761966944

training history val loss
11.263591766357422
12.503907203674316
14.101759910583496
13.653958320617676
13.482877731323242
12.857542991638184
11.277640342712402
11.12160587310791
11.777726173400879
2.0668509006500244
1.1367697715759277
3.7855782508850098
5.711317539215088
5.294626712799072
4.4120917320251465
5.4490509033203125
10.62535572052002
6.353487491607666
0.8042557239532471
1.0454986095428467
2.420126438140869
0.1611856371164322
3.852386951446533
6.122967720031738
5.297224044799805
2.197355270385742
0.5143935084342957
4.126303672790527
4.668306350708008
2.3051633834838867
4.541511058807373
3.163273334503174
2.198054313659668
1.8446338176727295
13.910255432128906
0.8586778044700623
2.959216356277466
5.104489803314209
1.3765511512756348
0.7301449179649353
0.20924271643161774
1.978979468345642
0.818080484867096
18.668582916259766
6.866451740264893
0.2797500491142273
1.9229295253753662
2.765416145324707
0.3452126681804657
7.068094730377197
0.22622792422771454
3.0042848587036133