test data loss : 0.1733115166425705
test data accyracy : 0.9570000171661377

training history accuracy
0.8702083230018616
0.9375
0.9462500214576721
0.9512500166893005
0.9624999761581421
0.965833306312561
0.96875
0.9735416769981384
0.9808333516120911
0.9868749976158142
0.9833333492279053
0.9897916913032532
0.9945833086967468
0.9870833158493042
0.9933333396911621
0.9883333444595337
0.9879166483879089
0.9960416555404663
0.9941666722297668
0.9912499785423279
0.9958333373069763
0.997083306312561
0.9893749952316284
0.9952083230018616
0.9983333349227905
0.9939583539962769
0.9918749928474426
0.9945833086967468
0.996874988079071
0.9972916841506958
0.9937499761581421
0.9943749904632568
0.9960416555404663
0.9972916841506958
0.996874988079071
0.9977083206176758
0.997083306312561
0.996666669845581
0.996666669845581
0.9956250190734863
0.9947916865348816
0.9964583516120911
0.9927083253860474
0.9972916841506958
0.99979168176651
0.9995833039283752
0.9977083206176758
0.9912499785423279
0.9937499761581421
0.9987499713897705
0.9975000023841858
0.9985416531562805
0.9950000047683716
0.9933333396911621
0.9977083206176758
0.9985416531562805
0.9983333349227905
0.9993749856948853
1.0
0.9943749904632568
0.9933333396911621
0.9979166388511658
0.9952083230018616
0.9983333349227905
0.9977083206176758
0.99979168176651
0.9991666674613953
0.9962499737739563
0.9954166412353516
0.9983333349227905
0.9987499713897705
0.9985416531562805
0.9952083230018616
0.9972916841506958

training history val accuracy
0.5083333253860474
0.5083333253860474
0.5083333253860474
0.5083333253860474
0.5083333253860474
0.5083333253860474
0.5083333253860474
0.5083333253860474
0.5083333253860474
0.5199999809265137
0.49666666984558105
0.6974999904632568
0.5083333253860474
0.49166667461395264
0.8966666460037231
0.49166667461395264
0.49916666746139526
0.8799999952316284
0.7950000166893005
0.8308333158493042
0.8383333086967468
0.6608333587646484
0.8500000238418579
0.8241666555404663
0.8258333206176758
0.5183333158493042
0.4958333373069763
0.8566666841506958
0.9275000095367432
0.7416666746139526
0.9266666769981384
0.784166693687439
0.5866666436195374
0.8916666507720947
0.7674999833106995
0.49166667461395264
0.4933333396911621
0.653333306312561
0.51583331823349
0.9333333373069763
0.8899999856948853
0.5099999904632568
0.7549999952316284
0.9674999713897705
0.8650000095367432
0.9141666889190674
0.5183333158493042
0.8833333253860474
0.6391666531562805
0.9391666650772095
0.7383333444595337
0.9200000166893005
0.49166667461395264
0.9200000166893005
0.8516666889190674
0.5083333253860474
0.5249999761581421
0.5691666603088379
0.875
0.5083333253860474
0.8858333230018616
0.7591666579246521
0.76583331823349
0.8758333325386047
0.5375000238418579
0.565833330154419
0.675000011920929
0.8916666507720947
0.9350000023841858
0.5583333373069763
0.6700000166893005
0.6958333253860474
0.49416667222976685
0.8691666722297668

training history loss
0.3273641765117645
0.17471839487552643
0.14695273339748383
0.1294945329427719
0.11148035526275635
0.0941772386431694
0.08425579965114594
0.06748093664646149
0.05342579632997513
0.038320448249578476
0.04217499494552612
0.030436445027589798
0.019849704578518867
0.03757293149828911
0.02278904803097248
0.0318378284573555
0.031111113727092743
0.012759920209646225
0.016428858041763306
0.024983340874314308
0.012465853244066238
0.009447325952351093
0.02952263504266739
0.0154605433344841
0.006035662721842527
0.019534118473529816
0.02121504209935665
0.014658437110483646
0.00789608620107174
0.0080887321382761
0.015878086909651756
0.018930435180664062
0.010617217980325222
0.008419396355748177
0.011982752941548824
0.006531902123242617
0.009096777997910976
0.009765470400452614
0.01020926982164383
0.015342557802796364
0.01728922501206398
0.008219888433814049
0.017653731629252434
0.009019539691507816
0.0012252426240593195
0.001626893412321806
0.0060973805375397205
0.02259581722319126
0.013546735048294067
0.004705352708697319
0.005681675858795643
0.004120782483369112
0.014874572865664959
0.018304018303751945
0.004834964871406555
0.004320021718740463
0.005849536973983049
0.00204823212698102
0.0005650832899846137
0.0148334801197052
0.01787516660988331
0.004349134396761656
0.01396948378533125
0.0033950575161725283
0.005786640103906393
0.0012353501515462995
0.0022777095437049866
0.010785309597849846
0.012761244550347328
0.004970904439687729
0.002379700541496277
0.004985379986464977
0.01174247171729803
0.006842561531811953

training history val loss
7.102516174316406
14.328362464904785
13.015615463256836
14.343024253845215
15.455517768859863
13.61523151397705
14.039773941040039
12.785484313964844
8.699081420898438
5.681819438934326
3.5864005088806152
1.552334189414978
8.002830505371094
7.8246541023254395
0.3235022723674774
5.454367160797119
5.108102321624756
0.4282950460910797
0.8751811981201172
0.5844414830207825
0.5348816514015198
2.02228045463562
0.7123907208442688
0.6502954363822937
0.8583136200904846
5.7337212562561035
5.152353763580322
0.6787247061729431
0.19690123200416565
1.672682285308838
0.228897824883461
0.8959497213363647
3.247248649597168
0.40743526816368103
1.1447904109954834
9.555194854736328
6.718867778778076
1.5453612804412842
5.023382663726807
0.19908688962459564
0.40520331263542175
7.006490707397461
1.2525603771209717
0.1346297264099121
0.5409086346626282
0.29708635807037354
4.505295753479004
0.49510300159454346
2.7275731563568115
0.18863804638385773
1.4719477891921997
0.44987013936042786
5.286152362823486
0.285214364528656
0.7322748303413391
4.633787631988525
4.505969047546387
3.0066702365875244
0.6357794404029846
7.998946189880371
0.3851131796836853
1.1012673377990723
1.20490300655365
0.5259879231452942
4.107746124267578
3.978121042251587
1.7466871738433838
0.3445952832698822
0.2508264482021332
5.125439167022705
2.4679038524627686
1.8067889213562012
9.650022506713867
0.5729128122329712