test data loss : 0.23072251677513123
test data accyracy : 0.9340000152587891

training history accuracy
0.8660416603088379
0.9300000071525574
0.9427083134651184
0.9545833468437195
0.9631249904632568
0.9604166746139526
0.9743750095367432
0.9779166579246521
0.9806249737739563
0.9856250286102295
0.9870833158493042
0.9883333444595337
0.9908333420753479
0.9897916913032532
0.9912499785423279
0.9920833110809326
0.9941666722297668
0.9881250262260437
0.9964583516120911
0.9931250214576721
0.9937499761581421
0.9910416603088379
0.996666669845581
0.9972916841506958
0.9941666722297668
0.9939583539962769
0.9941666722297668
0.996874988079071
0.9950000047683716
0.9939583539962769
0.9906250238418579
0.9945833086967468
0.9975000023841858
0.9981250166893005
0.9943749904632568
0.996666669845581
0.9983333349227905
0.9975000023841858
0.9941666722297668
0.9945833086967468
0.996874988079071
0.9931250214576721
0.9979166388511658
0.996874988079071
0.996666669845581
0.9952083230018616
0.996666669845581

training history val accuracy
0.5083333253860474
0.5083333253860474
0.5083333253860474
0.5083333253860474
0.5083333253860474
0.5083333253860474
0.5083333253860474
0.5083333253860474
0.5083333253860474
0.5199999809265137
0.9449999928474426
0.7250000238418579
0.49666666984558105
0.7900000214576721
0.5375000238418579
0.8641666769981384
0.95333331823349
0.934166669845581
0.5083333253860474
0.503333330154419
0.9225000143051147
0.49166667461395264
0.9358333349227905
0.6949999928474426
0.5274999737739563
0.784166693687439
0.7608333230018616
0.5433333516120911
0.4925000071525574
0.8374999761581421
0.5083333253860474
0.7141666412353516
0.7350000143051147
0.8949999809265137
0.5816666483879089
0.5808333158493042
0.8266666531562805
0.9491666555404663
0.8799999952316284
0.9375
0.5249999761581421
0.9300000071525574
0.8941666483879089
0.6691666841506958
0.7108333110809326
0.6899999976158142
0.9558333158493042

training history loss
0.3192210793495178
0.18329252302646637
0.14787515997886658
0.12485267966985703
0.10037467628717422
0.10722734034061432
0.06524395942687988
0.05969803407788277
0.050242532044649124
0.03977738320827484
0.03941758722066879
0.034951504319906235
0.031241444870829582
0.030988244339823723
0.02396904118359089
0.020716117694973946
0.01701972261071205
0.033586908131837845
0.012997196055948734
0.020228561013936996
0.017596425488591194
0.023399975150823593
0.01123600173741579
0.007719841785728931
0.01717677339911461
0.0190641600638628
0.018529782071709633
0.010955538600683212
0.014658784493803978
0.014085059054195881
0.024363696575164795
0.019139153882861137
0.007850687019526958
0.005474855192005634
0.014712093397974968
0.011430622078478336
0.00546696363016963
0.009501432999968529
0.015573562122881413
0.014791124500334263
0.009004916064441204
0.019002094864845276
0.006751658860594034
0.006396139040589333
0.008689820766448975
0.011875534430146217
0.010349114425480366

training history val loss
13.28886604309082
14.539251327514648
15.061325073242188
12.34793758392334
12.54943561553955
15.490093231201172
12.825257301330566
10.789875030517578
11.056144714355469
3.9131531715393066
0.1761547029018402
1.227926254272461
3.9188480377197266
0.7585035562515259
3.0196166038513184
0.5162497758865356
0.16704797744750977
0.21456219255924225
11.042333602905273
3.4252686500549316
0.3634308874607086
13.127351760864258
0.25554320216178894
1.2955361604690552
2.5930774211883545
0.8684673309326172
1.2207896709442139
3.3746423721313477
9.702301025390625
0.6072748303413391
10.858372688293457
1.5732849836349487
1.0884342193603516
0.3241598606109619
2.2927701473236084
2.58593487739563
0.8849524855613708
0.22362381219863892
0.5756914615631104
0.21845512092113495
4.618490219116211
0.2427855134010315
0.2963828146457672
1.831919550895691
1.5769233703613281
2.0779592990875244
0.18033787608146667