test data loss : 0.2100779116153717
test data accyracy : 0.9300000071525574

training history accuracy
0.8545833230018616
0.9322916865348816
0.9437500238418579
0.95291668176651
0.956458330154419
0.96854168176651
0.9670833349227905
0.9781249761581421
0.9756249785423279
0.9852083325386047
0.98458331823349
0.9835416674613953
0.9912499785423279
0.9891666769981384
0.9908333420753479
0.9925000071525574
0.9929166436195374
0.9952083230018616
0.9925000071525574
0.9950000047683716
0.9904166460037231
0.9929166436195374
0.9908333420753479
0.9941666722297668
0.9904166460037231
0.9939583539962769
0.9937499761581421
0.9950000047683716
0.9918749928474426
0.9989583492279053
0.9979166388511658
0.9937499761581421
0.997083306312561
0.9945833086967468
0.9952083230018616
0.9945833086967468
0.9972916841506958
0.9985416531562805
0.9977083206176758
0.9983333349227905
0.9977083206176758

training history val accuracy
0.5083333253860474
0.5083333253860474
0.5083333253860474
0.5083333253860474
0.5083333253860474
0.5083333253860474
0.5083333253860474
0.5083333253860474
0.5083333253860474
0.85916668176651
0.9375
0.7291666865348816
0.7166666388511658
0.49166667461395264
0.590833306312561
0.49166667461395264
0.5116666555404663
0.49166667461395264
0.8166666626930237
0.6416666507720947
0.5350000262260437
0.5583333373069763
0.9433333277702332
0.4975000023841858
0.7450000047683716
0.49166667461395264
0.5625
0.5083333253860474
0.7716666460037231
0.8808333277702332
0.67166668176651
0.51583331823349
0.7133333086967468
0.5674999952316284
0.5224999785423279
0.9300000071525574
0.7808333039283752
0.5508333444595337
0.5691666603088379
0.6675000190734863
0.5133333206176758

training history loss
0.33947449922561646
0.18466034531593323
0.1554810255765915
0.12959741055965424
0.11660508811473846
0.08940805494785309
0.08447592705488205
0.05993867293000221
0.0653209462761879
0.044171132147312164
0.04194517433643341
0.04973447322845459
0.02603858709335327
0.03292730823159218
0.027065716683864594
0.022878965362906456
0.02019055187702179
0.01403592899441719
0.02180158719420433
0.015394008718430996
0.02789631299674511
0.02105451188981533
0.024333531036973
0.019929764792323112
0.024848410859704018
0.014671971090137959
0.015397577546536922
0.014282218180596828
0.022995760664343834
0.0049845073372125626
0.006624747067689896
0.019713053479790688
0.00966871902346611
0.016892535611987114
0.012936974875628948
0.015114865265786648
0.008877181448042393
0.006319502834230661
0.0065229590982198715
0.004991729743778706
0.007112805265933275

training history val loss
10.2689847946167
10.145343780517578
9.851873397827148
14.225138664245605
14.212738037109375
15.501904487609863
17.488056182861328
12.2299165725708
13.408955574035645
0.5345356464385986
0.16196006536483765
1.1798899173736572
0.975460410118103
10.886526107788086
1.466772198677063
12.463858604431152
7.346194744110107
6.0712995529174805
0.8160363435745239
1.902811884880066
3.134290933609009
2.6805455684661865
0.18835631012916565
4.659765243530273
1.3896503448486328
7.203968048095703
3.600956916809082
12.7510404586792
1.0442196130752563
0.4032188653945923
1.4793877601623535
3.0143327713012695
1.2412241697311401
2.73095440864563
3.8825366497039795
0.23500655591487885
0.9825834035873413
5.196351528167725
3.6579830646514893
1.8568296432495117
4.039010047912598