test data loss : 0.20621293783187866
test data accyracy : 0.9490000009536743

training history accuracy
0.8464583158493042
0.9300000071525574
0.9452083110809326
0.95333331823349
0.956250011920929
0.9643750190734863
0.9702083468437195
0.9772916436195374
0.9760416746139526
0.981249988079071
0.9881250262260437
0.9862499833106995
0.9885416626930237
0.9881250262260437
0.984375
0.9925000071525574
0.9914583563804626
0.9918749928474426
0.9956250190734863
0.9918749928474426
0.9887499809265137
0.9979166388511658
0.9954166412353516
0.9943749904632568
0.9952083230018616
0.9956250190734863
0.9931250214576721
0.9937499761581421
0.9914583563804626
0.9962499737739563
0.9983333349227905
0.99979168176651
0.9987499713897705
0.996874988079071
0.9983333349227905
0.9981250166893005
0.9912499785423279
0.9914583563804626
0.997083306312561
0.9981250166893005
0.9954166412353516
0.9943749904632568
0.9981250166893005
0.9964583516120911
0.9935416579246521
0.9960416555404663
0.9993749856948853
0.9975000023841858
0.9979166388511658
0.9983333349227905
0.9983333349227905
0.9945833086967468
0.9922916889190674
0.9985416531562805
0.9993749856948853
0.9991666674613953
0.9933333396911621
0.9956250190734863
0.9981250166893005
0.9972916841506958
0.9979166388511658
0.9981250166893005
0.9993749856948853
0.9979166388511658
0.9964583516120911

training history val accuracy
0.5083333253860474
0.5083333253860474
0.5083333253860474
0.5083333253860474
0.5083333253860474
0.5083333253860474
0.5083333253860474
0.5083333253860474
0.512499988079071
0.5975000262260437
0.5116666555404663
0.8708333373069763
0.7916666865348816
0.5708333253860474
0.4925000071525574
0.6883333325386047
0.6033333539962769
0.8833333253860474
0.7916666865348816
0.5099999904632568
0.8191666603088379
0.5566666722297668
0.909166693687439
0.5083333253860474
0.5716666579246521
0.5174999833106995
0.8991666436195374
0.5525000095367432
0.862500011920929
0.49166667461395264
0.5916666388511658
0.875
0.76583331823349
0.612500011920929
0.9583333134651184
0.8133333325386047
0.9049999713897705
0.5083333253860474
0.9483333230018616
0.512499988079071
0.8883333206176758
0.5516666769981384
0.5083333253860474
0.9416666626930237
0.5741666555404663
0.7225000262260437
0.9133333563804626
0.5008333325386047
0.778333306312561
0.6341666579246521
0.8191666603088379
0.5199999809265137
0.5799999833106995
0.9008333086967468
0.5083333253860474
0.7541666626930237
0.49166667461395264
0.5733333230018616
0.7558333277702332
0.5575000047683716
0.653333306312561
0.9458333253860474
0.9358333349227905
0.5824999809265137
0.5616666674613953

training history loss
0.3739946484565735
0.18633933365345
0.15371166169643402
0.13136804103851318
0.11884245276451111
0.09916546195745468
0.07913578301668167
0.06279127299785614
0.06693048030138016
0.04929018020629883
0.03668850287795067
0.03794555738568306
0.034032173454761505
0.030779549852013588
0.04237866774201393
0.02014091983437538
0.025415198877453804
0.02478080801665783
0.014242406003177166
0.024152608588337898
0.031095072627067566
0.009772034361958504
0.013288823887705803
0.017004938796162605
0.011878950521349907
0.013097597286105156
0.022653693333268166
0.017390239983797073
0.025936804711818695
0.012341254390776157
0.004997514188289642
0.0017406630795449018
0.0033867640886455774
0.010254635475575924
0.006278943736106157
0.004674255847930908
0.022176703438162804
0.023733867332339287
0.007960333488881588
0.005716577172279358
0.01266647782176733
0.014469821006059647
0.006721490994095802
0.011313690803945065
0.016869060695171356
0.013503506779670715
0.0031011346727609634
0.007073539309203625
0.007151721511036158
0.0042505222372710705
0.005632003303617239
0.014908954501152039
0.02007109485566616
0.005589784123003483
0.0032493832986801863
0.00308412779122591
0.018598174676299095
0.011100501753389835
0.005645629484206438
0.006370125338435173
0.005280547309666872
0.004665998741984367
0.0017610985087230802
0.005768768023699522
0.01107808854430914

training history val loss
7.221004009246826
11.34926700592041
11.343680381774902
13.023120880126953
14.008219718933105
13.802641868591309
12.345306396484375
10.205138206481934
3.487370491027832
2.1925928592681885
4.8340654373168945
0.3111967146396637
0.6838216185569763
1.6588892936706543
4.227909088134766
1.0606924295425415
1.9624227285385132
0.32685261964797974
0.9071283936500549
5.144890785217285
0.6838473081588745
2.2648887634277344
0.255555123090744
8.112579345703125
2.0846965312957764
5.773662567138672
0.5300374031066895
3.768272638320923
0.5477710366249084
5.749103546142578
2.426455020904541
0.5790584087371826
0.9317258596420288
2.528998613357544
0.177967831492424
0.5688893795013428
0.3888241648674011
4.253834247589111
0.20817884802818298
4.940876483917236
0.40512940287590027
3.2425572872161865
12.308719635009766
0.18574179708957672
3.405418634414673
1.689929723739624
0.30798447132110596
6.817661285400391
0.8725584745407104
1.7376829385757446
1.1115806102752686
5.241257667541504
3.387911558151245
0.27857622504234314
10.157482147216797
1.3236242532730103
8.05019760131836
3.569209337234497
1.350005030632019
3.0804572105407715
2.1916067600250244
0.23522910475730896
0.25921952724456787
3.952664852142334
3.1301536560058594