test data loss : 0.21589969098567963
test data accyracy : 0.9509999752044678

training history accuracy
0.8647916913032532
0.9302083253860474
0.949791669845581
0.95291668176651
0.9627083539962769
0.96895831823349
0.9704166650772095
0.9754166603088379
0.9747916460037231
0.981249988079071
0.987500011920929
0.981249988079071
0.9918749928474426
0.9931250214576721
0.9929166436195374
0.9881250262260437
0.9862499833106995
0.9933333396911621
0.9922916889190674
0.9906250238418579
0.997083306312561
0.9910416603088379
0.9912499785423279
0.9912499785423279
0.9983333349227905
0.9977083206176758
0.9918749928474426
0.9979166388511658
0.9989583492279053
0.996666669845581
0.9933333396911621
0.9904166460037231
0.9962499737739563
0.9993749856948853
0.9950000047683716
0.996874988079071
0.9945833086967468
0.997083306312561
0.9964583516120911
0.9964583516120911
0.9937499761581421
0.9950000047683716
0.9947916865348816
0.9995833039283752
0.9991666674613953
0.9991666674613953
0.9995833039283752
1.0
1.0
0.9927083253860474
0.9931250214576721
0.9952083230018616
0.9939583539962769
0.9972916841506958
0.9979166388511658
0.9964583516120911
0.9958333373069763
0.996666669845581
0.9993749856948853
0.9993749856948853
0.9987499713897705
0.9975000023841858
0.9937499761581421
0.9972916841506958
0.9985416531562805
0.9958333373069763
0.996874988079071
0.997083306312561
0.9987499713897705
0.9995833039283752
0.997083306312561
0.9954166412353516
0.9972916841506958
0.9985416531562805
0.997083306312561
0.9985416531562805

training history val accuracy
0.5083333253860474
0.5083333253860474
0.5083333253860474
0.5083333253860474
0.5083333253860474
0.5083333253860474
0.5083333253860474
0.5083333253860474
0.5083333253860474
0.5083333253860474
0.5083333253860474
0.6108333468437195
0.824999988079071
0.49166667461395264
0.6583333611488342
0.5099999904632568
0.9350000023841858
0.7450000047683716
0.862500011920929
0.5816666483879089
0.7250000238418579
0.5183333158493042
0.8108333349227905
0.49166667461395264
0.5191666483879089
0.4933333396911621
0.5299999713897705
0.6883333325386047
0.6691666841506958
0.9016666412353516
0.5224999785423279
0.9424999952316284
0.4925000071525574
0.9200000166893005
0.7799999713897705
0.6966666579246521
0.9141666889190674
0.8191666603088379
0.5141666531562805
0.5241666436195374
0.9350000023841858
0.8899999856948853
0.4975000023841858
0.6625000238418579
0.6433333158493042
0.9591666460037231
0.8258333206176758
0.9591666460037231
0.9549999833106995
0.49166667461395264
0.653333306312561
0.8999999761581421
0.8116666674613953
0.8383333086967468
0.612500011920929
0.903333306312561
0.9449999928474426
0.7983333468437195
0.5391666889190674
0.5183333158493042
0.7900000214576721
0.5083333253860474
0.49166667461395264
0.6600000262260437
0.7850000262260437
0.70333331823349
0.8266666531562805
0.5525000095367432
0.5099999904632568
0.5091666579246521
0.5666666626930237
0.8533333539962769
0.5083333253860474
0.612500011920929
0.9583333134651184
0.9566666483879089

training history loss
0.34529200196266174
0.19163794815540314
0.1432759314775467
0.1276875138282776
0.10073832422494888
0.08806097507476807
0.0849376916885376
0.06726951897144318
0.06739623099565506
0.05268470197916031
0.03579319268465042
0.050885047763586044
0.026010870933532715
0.02217896468937397
0.022279569879174232
0.031932853162288666
0.03840736672282219
0.017376279458403587
0.02043970301747322
0.02413240447640419
0.010958408005535603
0.0239030122756958
0.023386605083942413
0.022880323231220245
0.005363477393984795
0.008611246943473816
0.025746075436472893
0.007823003455996513
0.004315787926316261
0.008543196134269238
0.019495738670229912
0.021474571898579597
0.010594013147056103
0.003837705124169588
0.012773582711815834
0.009119711816310883
0.017255716025829315
0.010401911102235317
0.010821915231645107
0.010913838632404804
0.0185710359364748
0.012955382466316223
0.014941037632524967
0.002623998560011387
0.0023018347565084696
0.0025879829190671444
0.0014830485451966524
0.000260092259850353
0.00015036876720841974
0.020052369683980942
0.021182142198085785
0.01436761673539877
0.015806054696440697
0.008362432941794395
0.007525185123085976
0.010715538635849953
0.012712310999631882
0.009226016700267792
0.003134873230010271
0.002399690914899111
0.004633269272744656
0.0077666547149419785
0.020835043862462044
0.007032416760921478
0.005154395010322332
0.00874538067728281
0.008313768543303013
0.008295213803648949
0.0037023150362074375
0.001670753932558
0.009067397564649582
0.011882228776812553
0.006171438843011856
0.004372578114271164
0.007854852825403214
0.00481924694031477

training history val loss
7.309566020965576
8.262886047363281
12.67302131652832
13.954606056213379
13.246026039123535
12.138171195983887
12.011027336120605
11.943127632141113
7.708600044250488
6.6184258460998535
4.505659580230713
1.840070366859436
0.6146196722984314
6.055139064788818
1.8500072956085205
6.4799485206604
0.20201513171195984
1.2291265726089478
0.4214180111885071
2.9917683601379395
1.231110692024231
3.130341053009033
0.9341914653778076
7.4063801765441895
4.943143367767334
6.119692325592041
2.779648542404175
1.677284598350525
1.7835396528244019
0.2668585479259491
4.559516429901123
0.2069554328918457
9.944907188415527
0.3118739128112793
0.8764825463294983
1.832102656364441
0.28014227747917175
1.1215629577636719
6.020089626312256
6.664032936096191
0.21006883680820465
0.4976915419101715
5.597097873687744
1.9275785684585571
2.126371145248413
0.1666257232427597
1.0746536254882812
0.1678560972213745
0.17526331543922424
13.843830108642578
2.7892420291900635
0.4360491931438446
0.7428951859474182
0.4768131971359253
2.6039857864379883
0.3707791864871979
0.18177162110805511
0.9694173336029053
5.51112174987793
6.211188316345215
1.1342545747756958
11.233085632324219
14.14180850982666
1.8159409761428833
0.9411407709121704
1.829461693763733
0.7775213122367859
4.0152106285095215
7.834441661834717
4.132672309875488
4.188690662384033
0.7849663496017456
8.008867263793945
2.894047498703003
0.20864742994308472
0.23868146538734436