test data loss : 0.18197207152843475
test data accyracy : 0.9399999976158142

training history accuracy
0.8652083277702332
0.9335416555404663
0.9431250095367432
0.9549999833106995
0.9629166722297668
0.9660416841506958
0.9691666960716248
0.9768750071525574
0.9760416746139526
0.9714583158493042
0.9856250286102295
0.9854166507720947
0.9831249713897705
0.9889583587646484
0.9902083277702332
0.9906250238418579
0.9912499785423279
0.9929166436195374
0.9918749928474426
0.9881250262260437
0.9881250262260437
0.9947916865348816
0.9981250166893005
0.9950000047683716
0.996874988079071
0.987500011920929
0.9950000047683716
0.9972916841506958
0.9962499737739563
0.9941666722297668
0.9950000047683716
0.9947916865348816
0.996874988079071
0.9945833086967468
0.9983333349227905
0.9950000047683716
0.9937499761581421
0.9983333349227905
0.9975000023841858
0.9910416603088379
0.9985416531562805
0.9991666674613953
0.99979168176651
0.9962499737739563
0.9972916841506958
0.9977083206176758
0.9991666674613953
0.9975000023841858
0.9943749904632568
0.996666669845581
0.997083306312561
0.9960416555404663
0.9964583516120911
0.9987499713897705
0.9983333349227905
0.9952083230018616
0.9950000047683716
0.9983333349227905
0.9983333349227905
0.9983333349227905

training history val accuracy
0.5083333253860474
0.5083333253860474
0.5083333253860474
0.5083333253860474
0.5083333253860474
0.5083333253860474
0.5083333253860474
0.5083333253860474
0.5083333253860474
0.5083333253860474
0.5083333253860474
0.49166667461395264
0.715833306312561
0.5883333086967468
0.49166667461395264
0.49166667461395264
0.6308333277702332
0.49166667461395264
0.7616666555404663
0.6233333349227905
0.49166667461395264
0.5641666650772095
0.5083333253860474
0.4925000071525574
0.9066666960716248
0.5091666579246521
0.5816666483879089
0.5083333253860474
0.7450000047683716
0.940833330154419
0.9266666769981384
0.5
0.5874999761581421
0.9116666913032532
0.6083333492279053
0.5108333230018616
0.7900000214576721
0.51583331823349
0.9116666913032532
0.49666666984558105
0.5741666555404663
0.9516666531562805
0.8708333373069763
0.5083333253860474
0.5325000286102295
0.8774999976158142
0.6308333277702332
0.5174999833106995
0.7191666960716248
0.503333330154419
0.8066666722297668
0.49166667461395264
0.5333333611488342
0.8974999785423279
0.5083333253860474
0.9275000095367432
0.7766666412353516
0.9258333444595337
0.8541666865348816
0.9291666746139526

training history loss
0.32837536931037903
0.18024420738220215
0.1521749347448349
0.13233761489391327
0.10367556661367416
0.09613542258739471
0.08252144604921341
0.06536955386400223
0.06809911876916885
0.07421471923589706
0.03768768906593323
0.03997684642672539
0.045422278344631195
0.03283948823809624
0.02394120953977108
0.024843839928507805
0.024633830413222313
0.021009011194109917
0.023411860689520836
0.029813922941684723
0.03231959417462349
0.01590028591454029
0.0064908359199762344
0.013283316977322102
0.00839532632380724
0.03467557579278946
0.014038912020623684
0.006431026384234428
0.012120423838496208
0.01785101182758808
0.014690880663692951
0.01356417778879404
0.012848950922489166
0.017872285097837448
0.007892701774835587
0.01201928686350584
0.018381398171186447
0.006417608819901943
0.00785764679312706
0.02472338080406189
0.0059780520386993885
0.002787259640172124
0.0011928700841963291
0.010749254375696182
0.00796984788030386
0.0075647649355232716
0.003163479035720229
0.008519408293068409
0.01693764142692089
0.00914859026670456
0.011661686934530735
0.009333651512861252
0.010882685892283916
0.003855630522593856
0.004610368981957436
0.010560316033661366
0.015020232647657394
0.005721413064748049
0.004118675831705332
0.005935236811637878

training history val loss
12.905753135681152
13.873016357421875
13.937444686889648
12.301645278930664
12.842243194580078
13.41446590423584
15.10213851928711
14.257763862609863
14.991044998168945
12.787522315979004
7.5593132972717285
14.295990943908691
0.9162934422492981
1.8786885738372803
8.420401573181152
11.335600852966309
1.9548203945159912
9.163458824157715
1.0789180994033813
2.2162845134735107
8.037306785583496
2.5238254070281982
7.690196990966797
7.521457672119141
0.3643062710762024
10.103804588317871
2.3692386150360107
9.508644104003906
0.9196796417236328
0.14914748072624207
0.3077244162559509
3.581411600112915
3.1015849113464355
0.31331557035446167
2.8475472927093506
5.244965076446533
0.9289857149124146
4.900278091430664
0.3135465383529663
7.784541606903076
2.6869518756866455
0.18574540317058563
0.6019971370697021
12.296808242797852
6.669790744781494
0.5390208959579468
2.154900312423706
6.347425937652588
1.642562985420227
4.994741916656494
0.7222601771354675
14.312631607055664
7.035402774810791
0.45831358432769775
12.952367782592773
0.2835714817047119
0.888695478439331
0.24860143661499023
0.6465879082679749
0.31990504264831543