test data loss : 0.1917777955532074
test data accyracy : 0.9580000042915344

training history accuracy
0.8483333587646484
0.9233333468437195
0.9418749809265137
0.95291668176651
0.9608333110809326
0.9645833373069763
0.9702083468437195
0.9708333611488342
0.9731249809265137
0.981249988079071
0.9808333516120911
0.981041669845581
0.9914583563804626
0.9895833134651184
0.9866666793823242
0.9864583611488342
0.9914583563804626
0.9920833110809326
0.9916666746139526
0.9908333420753479
0.9945833086967468
0.9962499737739563
0.9927083253860474
0.9937499761581421
0.996874988079071
0.9952083230018616
0.9952083230018616
0.9929166436195374
0.9962499737739563
0.9902083277702332
0.9943749904632568
0.9962499737739563
0.9920833110809326
0.996666669845581
0.9975000023841858
0.996874988079071
0.9995833039283752
0.9927083253860474
0.9931250214576721
0.9960416555404663
0.9964583516120911
0.9972916841506958
0.9972916841506958
0.9943749904632568
0.9977083206176758
0.9972916841506958
0.9993749856948853
0.9993749856948853
0.9912499785423279
0.9954166412353516
0.9979166388511658
0.9991666674613953
0.9975000023841858
0.9964583516120911
0.9945833086967468
0.9977083206176758
0.9985416531562805
0.9987499713897705
0.9954166412353516
0.9962499737739563
0.9935416579246521
0.9981250166893005
0.9979166388511658
0.9991666674613953
0.9981250166893005

training history val accuracy
0.5083333253860474
0.5083333253860474
0.5083333253860474
0.5083333253860474
0.5083333253860474
0.5083333253860474
0.5083333253860474
0.5083333253860474
0.5083333253860474
0.5899999737739563
0.5333333611488342
0.6875
0.8358333110809326
0.6691666841506958
0.6875
0.5083333253860474
0.7858333587646484
0.49166667461395264
0.5208333134651184
0.49166667461395264
0.5475000143051147
0.9333333373069763
0.49166667461395264
0.621666669845581
0.9316666722297668
0.49166667461395264
0.4925000071525574
0.5083333253860474
0.79666668176651
0.49166667461395264
0.6399999856948853
0.5558333396911621
0.8416666388511658
0.5625
0.9733333587646484
0.8883333206176758
0.503333330154419
0.512499988079071
0.49166667461395264
0.7225000262260437
0.9599999785423279
0.5083333253860474
0.7291666865348816
0.9549999833106995
0.8075000047683716
0.5133333206176758
0.9474999904632568
0.6516666412353516
0.9399999976158142
0.8849999904632568
0.8208333253860474
0.49166667461395264
0.9549999833106995
0.9458333253860474
0.840833306312561
0.5641666650772095
0.5083333253860474
0.5133333206176758
0.49166667461395264
0.6499999761581421
0.5149999856948853
0.49166667461395264
0.5199999809265137
0.9483333230018616
0.7133333086967468

training history loss
0.3608306050300598
0.20622242987155914
0.15868982672691345
0.12948325276374817
0.11391949653625488
0.10025116801261902
0.07911838591098785
0.08255807310342789
0.07359916716814041
0.04852420464158058
0.05033087730407715
0.0533636100590229
0.02609964832663536
0.02839064970612526
0.03228660672903061
0.03500191494822502
0.024850644171237946
0.020309805870056152
0.0195956788957119
0.02644592523574829
0.01930968463420868
0.010920695029199123
0.021907547488808632
0.018260648474097252
0.009599662385880947
0.013195083476603031
0.01334618404507637
0.02039533667266369
0.011349683627486229
0.029200918972492218
0.014936638064682484
0.010668240487575531
0.018657317385077477
0.011196513660252094
0.008233043365180492
0.009655951522290707
0.0027511550579220057
0.02084042876958847
0.020230963826179504
0.012131775729358196
0.010873844847083092
0.006801039446145296
0.007246640510857105
0.012845290824770927
0.007131730671972036
0.008575309999287128
0.0026461435481905937
0.002670643152669072
0.022296134382486343
0.014896384440362453
0.0056593287736177444
0.004229479935020208
0.006083037704229355
0.011144496500492096
0.016249623149633408
0.006823137402534485
0.003826161613687873
0.0030010007321834564
0.015657151117920876
0.011161794885993004
0.01982281357049942
0.008060699328780174
0.006909037474542856
0.00212688185274601
0.004472842440009117

training history val loss
8.385169982910156
11.23071575164795
12.895133018493652
11.506427764892578
14.428128242492676
17.344884872436523
13.7943115234375
6.745334625244141
13.719280242919922
1.1690586805343628
1.8612687587738037
1.4630837440490723
0.5620445013046265
1.3020464181900024
1.4605463743209839
8.6371431350708
0.8079235553741455
15.510161399841309
5.162052154541016
8.945029258728027
2.732553005218506
0.2124728113412857
6.775572776794434
2.1154110431671143
0.28149959444999695
6.275964260101318
6.237739086151123
8.503381729125977
0.8528307676315308
8.604670524597168
2.317502737045288
4.012646675109863
0.4925500452518463
2.7124812602996826
0.15048108994960785
0.4174817204475403
4.625072479248047
4.711909294128418
7.026956558227539
1.4582597017288208
0.1585744172334671
7.659371852874756
1.6688041687011719
0.18532849848270416
0.800825834274292
7.882728099822998
0.20486821234226227
2.7385034561157227
0.28941306471824646
0.5031731128692627
0.9115921258926392
9.019132614135742
0.23503941297531128
0.27402254939079285
0.5595355033874512
4.257299900054932
13.176901817321777
7.198809623718262
12.327723503112793
1.9930301904678345
8.2166748046875
9.298611640930176
7.130039215087891
0.25478479266166687
1.4040592908859253