test data loss : 0.310712069272995
test data accyracy : 0.9210000038146973

training history accuracy
0.8633333444595337
0.9293749928474426
0.9481250047683716
0.956041693687439
0.9556249976158142
0.9649999737739563
0.9700000286102295
0.9781249761581421
0.9750000238418579
0.9777083396911621
0.9816666841506958
0.9897916913032532
0.9897916913032532
0.9804166555404663
0.9895833134651184
0.9910416603088379
0.9897916913032532
0.9854166507720947
0.9960416555404663
0.9985416531562805
0.9931250214576721
0.9935416579246521
0.9956250190734863
0.9958333373069763
0.9964583516120911
0.9927083253860474
0.9941666722297668
0.9945833086967468
0.9945833086967468
0.9927083253860474
0.9958333373069763
0.9977083206176758
0.9956250190734863
0.9943749904632568
0.9929166436195374
0.9972916841506958
0.9956250190734863
0.9962499737739563
0.996874988079071
0.9922916889190674
0.9975000023841858
0.9991666674613953
0.9987499713897705
0.9906250238418579
0.9977083206176758
0.9972916841506958
0.9956250190734863
0.9931250214576721
0.9977083206176758
0.9943749904632568
0.9987499713897705
0.9985416531562805
0.99979168176651
0.9995833039283752
0.9981250166893005
0.9956250190734863
0.9952083230018616
0.9985416531562805
0.9935416579246521
0.9958333373069763
0.9981250166893005
0.9989583492279053
0.997083306312561
0.9985416531562805
0.997083306312561
0.9983333349227905
0.9989583492279053
0.9985416531562805
0.9962499737739563
0.9954166412353516
0.9977083206176758
0.9977083206176758
0.9989583492279053
0.9985416531562805
0.9981250166893005
0.9979166388511658
0.9983333349227905
0.9987499713897705
0.9981250166893005
0.9991666674613953
0.9983333349227905
0.9981250166893005
0.9977083206176758
0.9987499713897705
0.9952083230018616
0.9977083206176758
0.9975000023841858
0.9991666674613953
0.9989583492279053
0.9987499713897705

training history val accuracy
0.5083333253860474
0.5083333253860474
0.5083333253860474
0.5083333253860474
0.5083333253860474
0.5083333253860474
0.5083333253860474
0.5083333253860474
0.5083333253860474
0.5116666555404663
0.762499988079071
0.5083333253860474
0.8541666865348816
0.49166667461395264
0.7458333373069763
0.565833330154419
0.8808333277702332
0.8525000214576721
0.8533333539962769
0.5691666603088379
0.5116666555404663
0.7400000095367432
0.8600000143051147
0.49916666746139526
0.8700000047683716
0.5083333253860474
0.6941666603088379
0.8199999928474426
0.49166667461395264
0.4958333373069763
0.6549999713897705
0.7275000214576721
0.49166667461395264
0.8500000238418579
0.875
0.9350000023841858
0.7758333086967468
0.5883333086967468
0.5149999856948853
0.76583331823349
0.871666669845581
0.5425000190734863
0.5625
0.8583333492279053
0.6833333373069763
0.6033333539962769
0.8949999809265137
0.721666693687439
0.7983333468437195
0.6491666436195374
0.6299999952316284
0.6558333039283752
0.7749999761581421
0.8891666531562805
0.7733333110809326
0.5416666865348816
0.6524999737739563
0.9449999928474426
0.49166667461395264
0.9558333158493042
0.9383333325386047
0.9516666531562805
0.9024999737739563
0.51583331823349
0.49416667222976685
0.7524999976158142
0.7724999785423279
0.92166668176651
0.6508333086967468
0.5083333253860474
0.9474999904632568
0.7766666412353516
0.8450000286102295
0.5058333277702332
0.8266666531562805
0.5083333253860474
0.5216666460037231
0.7549999952316284
0.9116666913032532
0.49666666984558105
0.5616666674613953
0.5366666913032532
0.5083333253860474
0.9316666722297668
0.9516666531562805
0.8666666746139526
0.9591666460037231
0.9558333158493042
0.9350000023841858
0.9233333468437195

training history loss
0.35612908005714417
0.18897710740566254
0.14569807052612305
0.12570133805274963
0.1212662011384964
0.09696223586797714
0.08050675690174103
0.06584594398736954
0.07381922006607056
0.058076586574316025
0.05013555660843849
0.030614150688052177
0.03427886217832565
0.05426257476210594
0.028901036828756332
0.02471868135035038
0.025494711473584175
0.03900091350078583
0.013205070048570633
0.006232754327356815
0.02162218652665615
0.019765274599194527
0.012985792011022568
0.011013713665306568
0.012186620384454727
0.018343253061175346
0.016486437991261482
0.01615753211081028
0.018332254141569138
0.0192913506180048
0.011377012357115746
0.005962931085377932
0.013388937339186668
0.013347472995519638
0.02101738005876541
0.00801130011677742
0.016734128817915916
0.012500477954745293
0.009979675523936749
0.020732754841446877
0.006860276684165001
0.0030432892963290215
0.00350357498973608
0.030896160751581192
0.006211649626493454
0.00761383306235075
0.011484021320939064
0.016146352514624596
0.005510835442692041
0.018956078216433525
0.005281121004372835
0.004667524714022875
0.0022275911178439856
0.0012683821842074394
0.005190400872379541
0.014268672093749046
0.014792531728744507
0.0046450369991362095
0.01621442846953869
0.011426766403019428
0.004751661792397499
0.002576610539108515
0.008723261766135693
0.005761804990470409
0.009423993527889252
0.005448471754789352
0.0031098348554223776
0.003800795879215002
0.012244652956724167
0.013129740953445435
0.00687769241631031
0.007974730804562569
0.004082849714905024
0.0040918500162661076
0.005997109692543745
0.00471912045031786
0.0061149634420871735
0.003190891817212105
0.004750417545437813
0.002274908125400543
0.004665604326874018
0.006562725640833378
0.006636100821197033
0.004340087529271841
0.015314806252717972
0.007014226168394089
0.006249511614441872
0.0032581547275185585
0.00436536455526948
0.0034386408515274525

training history val loss
9.327555656433105
10.20041275024414
11.474876403808594
13.791662216186523
16.00157356262207
15.392278671264648
13.738163948059082
14.467545509338379
5.559987545013428
3.574455499649048
0.7527898550033569
7.498824119567871
0.5112476348876953
7.34677267074585
0.8022624254226685
2.2273366451263428
0.45289963483810425
0.43625035881996155
0.5029362440109253
2.8529605865478516
5.0564117431640625
1.326097846031189
0.5220228433609009
3.9070653915405273
0.4600057601928711
12.835428237915039
1.201879620552063
0.6573872566223145
8.363409042358398
6.891172885894775
2.131157636642456
1.4256131649017334
5.81233549118042
0.5144957304000854
0.5038242340087891
0.2497098743915558
1.0306522846221924
2.4154465198516846
4.599546909332275
0.9803153276443481
0.4995929002761841
4.732232093811035
3.8000895977020264
0.6661797761917114
1.7972124814987183
3.111607551574707
0.3684310019016266
1.8374145030975342
0.8990994095802307
2.1525421142578125
2.6380467414855957
2.0401906967163086
1.319094181060791
0.4786381125450134
1.1258116960525513
3.049283742904663
2.027757406234741
0.23674944043159485
12.744705200195312
0.24180714786052704
0.2114102989435196
0.19378085434436798
0.37265434861183167
8.190865516662598
8.28872299194336
1.319126844406128
1.1735318899154663
0.25766438245773315
2.6767826080322266
16.99308967590332
0.22436779737472534
1.0289965867996216
0.7162535190582275
5.145562648773193
1.0388633012771606
7.872174263000488
4.537990093231201
1.4135942459106445
0.3738410174846649
5.918703079223633
2.626521587371826
4.387693881988525
14.994378089904785
0.3561289608478546
0.16901060938835144
0.5938899517059326
0.1706458330154419
0.20794358849525452
0.3244818449020386
0.2864941954612732