test data loss : 0.21190257370471954
test data accyracy : 0.9430000185966492

training history accuracy
0.8608333468437195
0.9312499761581421
0.9466666579246521
0.9506250023841858
0.9591666460037231
0.9662500023841858
0.9697916507720947
0.9758333563804626
0.9706249833106995
0.981249988079071
0.9829166531562805
0.987500011920929
0.9862499833106995
0.9939583539962769
0.9914583563804626
0.9893749952316284
0.9914583563804626
0.9937499761581421
0.9937499761581421
0.9881250262260437
0.9920833110809326
0.9931250214576721
0.9954166412353516
0.9958333373069763
0.9964583516120911
0.996874988079071
0.9950000047683716
0.9918749928474426
0.9939583539962769
0.9958333373069763
0.996666669845581
0.9952083230018616
0.9914583563804626
0.9954166412353516
0.9964583516120911
0.9954166412353516
0.9941666722297668
0.9956250190734863
0.9975000023841858
0.9958333373069763
0.9945833086967468
0.9947916865348816

training history val accuracy
0.5083333253860474
0.5083333253860474
0.5083333253860474
0.5083333253860474
0.5083333253860474
0.5083333253860474
0.5083333253860474
0.5083333253860474
0.5083333253860474
0.8441666960716248
0.49166667461395264
0.95333331823349
0.9333333373069763
0.9358333349227905
0.8916666507720947
0.5308333039283752
0.4975000023841858
0.5091666579246521
0.6299999952316284
0.8374999761581421
0.8308333158493042
0.6758333444595337
0.565833330154419
0.9399999976158142
0.9474999904632568
0.5083333253860474
0.528333306312561
0.528333306312561
0.8383333086967468
0.887499988079071
0.5066666603088379
0.8725000023841858
0.6341666579246521
0.4925000071525574
0.8208333253860474
0.4983333349227905
0.5625
0.6233333349227905
0.7774999737739563
0.9399999976158142
0.6983333230018616
0.9375

training history loss
0.3284527361392975
0.18141092360019684
0.1466519683599472
0.13615240156650543
0.1164679080247879
0.09307493269443512
0.07871701568365097
0.0680667981505394
0.07337919622659683
0.053415000438690186
0.04828973859548569
0.03626237064599991
0.04087948054075241
0.018252860754728317
0.02466857060790062
0.03197351470589638
0.023056451231241226
0.01737547293305397
0.015574207529425621
0.03239874541759491
0.022418178617954254
0.02036960981786251
0.014381462708115578
0.013497387990355492
0.01122827734798193
0.01262434758245945
0.015878181904554367
0.020115215331315994
0.017149608582258224
0.015424294397234917
0.00830362644046545
0.01299328450113535
0.022741757333278656
0.012609715573489666
0.012276205234229565
0.010067467577755451
0.013730228878557682
0.010463334619998932
0.006530239246785641
0.010692941956222057
0.01505252718925476
0.01782882586121559

training history val loss
8.993599891662598
11.733043670654297
16.08318519592285
13.4671049118042
12.347615242004395
14.73904800415039
11.642560958862305
12.385608673095703
6.416370391845703
0.4882145822048187
7.226393222808838
0.1713586300611496
0.17704632878303528
0.18363827466964722
0.3077961206436157
2.978295087814331
4.918144702911377
6.207108497619629
2.0803823471069336
0.6828101873397827
0.6825534701347351
1.2758952379226685
2.806612014770508
0.24640807509422302
0.22119003534317017
8.504826545715332
5.745202541351318
3.924102306365967
0.5751468539237976
0.37874019145965576
4.8341522216796875
0.47598591446876526
3.0002589225769043
7.706879138946533
0.7560688853263855
6.548544406890869
4.2587666511535645
2.7489588260650635
0.9824628829956055
0.18043296039104462
2.2173011302948
0.21717305481433868