test data loss : 0.27170032262802124
test data accyracy : 0.9120000004768372

training history accuracy
0.8618749976158142
0.9270833134651184
0.9424999952316284
0.9520833492279053
0.9545833468437195
0.9652083516120911
0.9683333039283752
0.9735416769981384
0.9766666889190674
0.9768750071525574
0.987500011920929
0.9904166460037231
0.9833333492279053
0.9900000095367432
0.9870833158493042
0.9916666746139526
0.9900000095367432
0.9904166460037231
0.9960416555404663
0.9981250166893005
0.9897916913032532
0.9933333396911621
0.9918749928474426
0.9935416579246521
0.9947916865348816
0.9941666722297668
0.9979166388511658
0.9945833086967468
0.9893749952316284
0.9964583516120911
0.996666669845581
0.9962499737739563
0.9895833134651184
0.9914583563804626
0.9979166388511658
0.9979166388511658
0.9956250190734863
0.9962499737739563
0.9947916865348816
0.9950000047683716
0.9975000023841858
0.996666669845581
0.996874988079071
0.9962499737739563
0.9983333349227905
0.9947916865348816
0.9941666722297668
0.9979166388511658
0.9995833039283752

training history val accuracy
0.5083333253860474
0.5083333253860474
0.5083333253860474
0.5083333253860474
0.5083333253860474
0.5083333253860474
0.5083333253860474
0.5083333253860474
0.5108333230018616
0.5525000095367432
0.5083333253860474
0.5083333253860474
0.8441666960716248
0.5108333230018616
0.49166667461395264
0.6866666674613953
0.49166667461395264
0.5091666579246521
0.9383333325386047
0.9133333563804626
0.5733333230018616
0.8666666746139526
0.49166667461395264
0.9258333444595337
0.5141666531562805
0.49166667461395264
0.8883333206176758
0.7991666793823242
0.8700000047683716
0.6858333349227905
0.528333306312561
0.4933333396911621
0.49166667461395264
0.6516666412353516
0.528333306312561
0.550000011920929
0.4975000023841858
0.550000011920929
0.8666666746139526
0.8808333277702332
0.9391666650772095
0.4975000023841858
0.5133333206176758
0.5099999904632568
0.4983333349227905
0.82833331823349
0.7941666841506958
0.5383333563804626
0.9283333420753479

training history loss
0.34509390592575073
0.18718837201595306
0.15186308324337006
0.13584654033184052
0.1255730539560318
0.09223978966474533
0.08761077374219894
0.07016307860612869
0.06252631545066833
0.05713324993848801
0.03894895315170288
0.0326419360935688
0.0457172729074955
0.029038861393928528
0.03792808577418327
0.022735876962542534
0.028574993833899498
0.02746083214879036
0.014427771791815758
0.007922119460999966
0.029802825301885605
0.018095219507813454
0.022848092019557953
0.01857537031173706
0.014028231613337994
0.016504783183336258
0.00681333290413022
0.015686025843024254
0.028910024091601372
0.010304256342351437
0.010587158612906933
0.010118362493813038
0.029596814885735512
0.021353401243686676
0.008922064676880836
0.005244794301688671
0.012102952226996422
0.009691729210317135
0.014210991561412811
0.015032494440674782
0.007053349632769823
0.010827534832060337
0.008774859830737114
0.009261050261557102
0.004400759935379028
0.014894485473632812
0.01591322012245655
0.006342366803437471
0.0016042512143030763

training history val loss
7.467442035675049
10.513336181640625
10.35537052154541
10.760932922363281
13.406538963317871
14.991645812988281
13.677027702331543
12.892375946044922
6.940375804901123
2.287944793701172
6.391786098480225
10.600323677062988
0.5575450658798218
4.381407260894775
9.915576934814453
1.5488266944885254
20.7196102142334
6.6009016036987305
0.19258494675159454
0.29850128293037415
2.704667329788208
0.5209652781486511
11.59350299835205
0.2827948033809662
4.7804436683654785
11.37356185913086
0.4133106470108032
0.7350584268569946
0.6209845542907715
1.676356554031372
4.388122081756592
5.9805073738098145
14.876319885253906
1.3415884971618652
3.7761690616607666
2.7054574489593506
4.513916492462158
4.395108222961426
0.4823763966560364
0.42107120156288147
0.2613353431224823
3.565394401550293
6.841885566711426
5.915402889251709
5.281778335571289
0.727068305015564
1.1880855560302734
3.1909444332122803
0.2725759446620941