test data loss : 0.16741332411766052
test data accyracy : 0.9440000057220459

training history accuracy
0.8391666412353516
0.9231250286102295
0.9456250071525574
0.9495833516120911
0.9631249904632568
0.9725000262260437
0.9714583158493042
0.965624988079071
0.9837499856948853
0.98458331823349
0.9852083325386047
0.9791666865348816
0.9902083277702332
0.9883333444595337
0.9935416579246521
0.9939583539962769
0.9879166483879089
0.9937499761581421
0.9945833086967468
0.9947916865348816
0.9939583539962769
0.9943749904632568
0.9885416626930237
0.9935416579246521
0.996874988079071
0.9964583516120911
0.997083306312561
0.9964583516120911
0.9964583516120911
0.9922916889190674
0.9962499737739563
0.996874988079071
0.9941666722297668
0.9975000023841858
0.996666669845581
0.9922916889190674
0.9945833086967468
0.9952083230018616
0.9975000023841858
0.9975000023841858
0.9933333396911621
0.9931250214576721
0.9975000023841858
0.9993749856948853
0.9954166412353516
0.9954166412353516
0.9987499713897705
0.9981250166893005
0.9987499713897705
0.9995833039283752
1.0
0.9979166388511658
0.9956250190734863
0.9935416579246521
0.9987499713897705
0.9985416531562805
0.9975000023841858
0.9943749904632568
0.9952083230018616
0.9987499713897705
0.9991666674613953
0.996874988079071
0.996666669845581
0.996666669845581

training history val accuracy
0.5083333253860474
0.5083333253860474
0.5083333253860474
0.5083333253860474
0.5083333253860474
0.5083333253860474
0.5083333253860474
0.5083333253860474
0.5083333253860474
0.8941666483879089
0.6891666650772095
0.7058333158493042
0.550000011920929
0.9424999952316284
0.4950000047683716
0.6158333420753479
0.8433333039283752
0.8533333539962769
0.7483333349227905
0.9125000238418579
0.49416667222976685
0.9266666769981384
0.9108333587646484
0.4933333396911621
0.9200000166893005
0.5249999761581421
0.8274999856948853
0.5083333253860474
0.5933333039283752
0.9483333230018616
0.8125
0.6825000047683716
0.6608333587646484
0.95333331823349
0.9183333516120911
0.5083333253860474
0.8758333325386047
0.5083333253860474
0.6850000023841858
0.5583333373069763
0.5083333253860474
0.6466666460037231
0.5083333253860474
0.5083333253860474
0.7975000143051147
0.5699999928474426
0.871666669845581
0.49166667461395264
0.6166666746139526
0.7491666674613953
0.6383333206176758
0.9591666460037231
0.49166667461395264
0.5083333253860474
0.5074999928474426
0.8208333253860474
0.7558333277702332
0.7291666865348816
0.8291666507720947
0.5550000071525574
0.934166669845581
0.49166667461395264
0.49166667461395264
0.95333331823349

training history loss
0.373350590467453
0.20070435106754303
0.14913518726825714
0.1353929191827774
0.10340917855501175
0.07964456081390381
0.08374566584825516
0.08160129189491272
0.048971086740493774
0.046341199427843094
0.041642434895038605
0.055887095630168915
0.025068676099181175
0.028856663033366203
0.024262791499495506
0.01762969233095646
0.03289207071065903
0.01717548444867134
0.016275547444820404
0.01577223278582096
0.016746098175644875
0.014197221025824547
0.03317911550402641
0.01750643365085125
0.010983793996274471
0.009708531200885773
0.008174559101462364
0.011418879963457584
0.008870502933859825
0.022923143580555916
0.010888823308050632
0.011397886089980602
0.01628372259438038
0.007681349758058786
0.007998409681022167
0.0188361257314682
0.015965742990374565
0.014186795800924301
0.00787004828453064
0.009029276669025421
0.01829768344759941
0.019679725170135498
0.006899910047650337
0.002857373096048832
0.013312490656971931
0.010805460624396801
0.004836738109588623
0.005339472554624081
0.0033189801033586264
0.001577114569954574
0.000897830119356513
0.0049929143860936165
0.014847933314740658
0.02125687338411808
0.003567736828699708
0.005025329999625683
0.006804584059864283
0.014869052916765213
0.012832439504563808
0.003924680408090353
0.0028576485347002745
0.012122232466936111
0.007709914818406105
0.009082713164389133

training history val loss
7.1636962890625
14.170129776000977
13.50223445892334
14.282001495361328
11.740689277648926
14.056011199951172
12.838565826416016
12.632366180419922
6.466917514801025
0.31821492314338684
1.6582167148590088
0.9883888959884644
2.348909616470337
0.18413962423801422
3.723179817199707
1.3220717906951904
0.41211166977882385
0.4974743723869324
1.0452426671981812
0.35007357597351074
4.2930779457092285
0.222124382853508
0.28060877323150635
6.641653537750244
0.27338236570358276
4.188318252563477
0.7388663291931152
9.598423957824707
2.5478575229644775
0.1712748110294342
0.6309329867362976
1.4697508811950684
1.9395383596420288
0.1530969887971878
0.31897664070129395
7.324257850646973
0.5103012323379517
15.497076988220215
2.2028162479400635
3.431480646133423
8.607998847961426
1.7822715044021606
9.594023704528809
6.76919412612915
0.9216873049736023
2.60770845413208
0.7159702777862549
9.951682090759277
3.177506923675537
1.5530086755752563
2.635704278945923
0.19914472103118896
7.790137767791748
9.414932250976562
4.4432477951049805
0.8964134454727173
1.1914187669754028
1.350917100906372
0.7586226463317871
4.565561771392822
0.2520577609539032
10.158773422241211
8.80888843536377
0.1983376145362854