test data loss : 0.17073285579681396
test data accyracy : 0.9449999928474426

training history accuracy
0.8660416603088379
0.9316666722297668
0.9445833563804626
0.9591666460037231
0.9610416889190674
0.9635416865348816
0.9668750166893005
0.9745833277702332
0.9781249761581421
0.9797916412353516
0.9866666793823242
0.9829166531562805
0.9868749976158142
0.9904166460037231
0.9918749928474426
0.9885416626930237
0.9912499785423279
0.9962499737739563
0.9950000047683716
0.9916666746139526
0.9881250262260437
0.9931250214576721
0.9958333373069763
0.9977083206176758
0.9964583516120911
0.9939583539962769
0.9910416603088379
0.9893749952316284
0.9977083206176758
0.9977083206176758
0.997083306312561
0.996874988079071
0.9972916841506958
0.9927083253860474
0.9910416603088379
0.9931250214576721
0.9975000023841858
0.9979166388511658
0.997083306312561
0.9960416555404663
0.9977083206176758
0.9975000023841858
0.9925000071525574
0.9975000023841858
0.9977083206176758
0.9983333349227905
0.9947916865348816
0.9939583539962769
0.9952083230018616
0.9947916865348816
0.9977083206176758
0.9985416531562805
0.9972916841506958
0.9983333349227905
0.9977083206176758
0.9950000047683716
0.9941666722297668
0.9962499737739563

training history val accuracy
0.5083333253860474
0.5083333253860474
0.5083333253860474
0.5083333253860474
0.5083333253860474
0.5083333253860474
0.5083333253860474
0.5083333253860474
0.5083333253860474
0.512499988079071
0.5149999856948853
0.5400000214576721
0.528333306312561
0.49166667461395264
0.5083333253860474
0.49166667461395264
0.9008333086967468
0.5400000214576721
0.9483333230018616
0.5083333253860474
0.49166667461395264
0.9191666841506958
0.49166667461395264
0.7983333468437195
0.6358333230018616
0.8199999928474426
0.5083333253860474
0.9541666507720947
0.8799999952316284
0.9158333539962769
0.8808333277702332
0.5799999833106995
0.7391666769981384
0.7308333516120911
0.5099999904632568
0.8700000047683716
0.9175000190734863
0.7633333206176758
0.9333333373069763
0.9125000238418579
0.949999988079071
0.7366666793823242
0.6641666889190674
0.7099999785423279
0.5108333230018616
0.9208333492279053
0.5358333587646484
0.5083333253860474
0.49166667461395264
0.528333306312561
0.7716666460037231
0.7149999737739563
0.49166667461395264
0.9241666793823242
0.9233333468437195
0.5016666650772095
0.9258333444595337
0.6608333587646484

training history loss
0.31702813506126404
0.18105940520763397
0.15501485764980316
0.12020393460988998
0.10655201971530914
0.10126181691884995
0.09226132929325104
0.06587281078100204
0.05906308442354202
0.05643588304519653
0.03658528998494148
0.045273639261722565
0.03616960719227791
0.027468662708997726
0.02453514188528061
0.03445762023329735
0.02416716329753399
0.011009065434336662
0.013325965031981468
0.025427283719182014
0.03243859112262726
0.020683249458670616
0.01451865490525961
0.009906795807182789
0.009068616665899754
0.015053128823637962
0.022565530613064766
0.02955496497452259
0.006398809142410755
0.008691244758665562
0.006792176514863968
0.007908369414508343
0.00950857438147068
0.02143980748951435
0.021306132897734642
0.02205330692231655
0.0076560028828680515
0.0071068876422941685
0.007731014862656593
0.010026688687503338
0.007353907451033592
0.008158665150403976
0.021897148340940475
0.006295617204159498
0.0055136908777058125
0.006930093746632338
0.013797618448734283
0.014216220937669277
0.015545419417321682
0.013275373727083206
0.0063636512495577335
0.003737678052857518
0.006090590264648199
0.005847166292369366
0.004799637943506241
0.015103950165212154
0.018988437950611115
0.010640008375048637

training history val loss
6.579030513763428
11.56579875946045
12.506675720214844
11.545677185058594
12.653349876403809
11.682158470153809
12.83200740814209
14.526436805725098
10.305052757263184
2.9172229766845703
4.239327907562256
2.9284212589263916
3.456097364425659
17.62088394165039
12.24288558959961
5.607865810394287
0.346062034368515
4.110778331756592
0.20858153700828552
6.587697982788086
6.727964878082275
0.2549021542072296
11.172735214233398
0.9289994239807129
3.1431326866149902
0.8397637009620667
6.731174945831299
0.16193822026252747
0.5585830211639404
0.26367196440696716
0.4621160328388214
3.0899369716644287
1.4556310176849365
1.2402812242507935
8.383790016174316
0.5318877100944519
0.2687219977378845
0.8253455758094788
0.2263529747724533
0.42616042494773865
0.1908399909734726
1.078992247581482
1.600387454032898
1.2567192316055298
3.9929964542388916
0.3483627736568451
3.806643009185791
12.947270393371582
5.384426116943359
3.7453384399414062
1.3615628480911255
1.729671597480774
6.512415409088135
0.3100239634513855
0.3403007388114929
6.459961414337158
0.33585426211357117
2.0686147212982178