test data loss : 0.16930483281612396
test data accyracy : 0.9570000171661377

training history accuracy
0.8650000095367432
0.9289583563804626
0.9431250095367432
0.9539583325386047
0.9593750238418579
0.9672916531562805
0.972083330154419
0.9795833230018616
0.9800000190734863
0.9829166531562805
0.987500011920929
0.981249988079071
0.9868749976158142
0.9929166436195374
0.9918749928474426
0.9914583563804626
0.9887499809265137
0.9945833086967468
0.9960416555404663
0.9860416650772095
0.9962499737739563
0.9947916865348816
0.9956250190734863
0.9958333373069763
0.9883333444595337
0.9958333373069763
0.9993749856948853
0.9950000047683716
0.9920833110809326
0.9958333373069763
0.9985416531562805
0.9993749856948853
0.9983333349227905
0.9920833110809326
0.9952083230018616
0.9958333373069763
0.996666669845581
0.996874988079071
0.9960416555404663
0.997083306312561
0.9943749904632568
0.9964583516120911
0.9979166388511658
0.99979168176651
0.99979168176651
1.0
0.9995833039283752
0.9947916865348816
0.9870833158493042
0.9935416579246521
0.99979168176651
0.9993749856948853
0.9995833039283752
0.9987499713897705
0.9960416555404663
0.9929166436195374
0.9962499737739563
0.9937499761581421
0.9983333349227905
0.9979166388511658
0.9985416531562805
0.996874988079071
0.9977083206176758
0.9964583516120911
0.996874988079071
0.9975000023841858
0.9991666674613953
0.9993749856948853
0.9927083253860474
0.9972916841506958
0.9975000023841858
0.9983333349227905
0.9993749856948853
0.9991666674613953
0.9987499713897705

training history val accuracy
0.5083333253860474
0.5083333253860474
0.5083333253860474
0.5083333253860474
0.5083333253860474
0.5083333253860474
0.5083333253860474
0.5083333253860474
0.5083333253860474
0.5083333253860474
0.5199999809265137
0.9150000214576721
0.49166667461395264
0.746666669845581
0.49166667461395264
0.6916666626930237
0.5116666555404663
0.8258333206176758
0.5083333253860474
0.49166667461395264
0.5208333134651184
0.6366666555404663
0.9158333539962769
0.8341666460037231
0.4958333373069763
0.9316666722297668
0.559166669845581
0.5108333230018616
0.5099999904632568
0.89083331823349
0.6733333468437195
0.9308333396911621
0.6808333396911621
0.7958333492279053
0.9391666650772095
0.5274999737739563
0.8100000023841858
0.5608333349227905
0.9424999952316284
0.8899999856948853
0.7024999856948853
0.7816666960716248
0.9316666722297668
0.5108333230018616
0.9591666460037231
0.9366666674613953
0.7900000214576721
0.4983333349227905
0.5083333253860474
0.7091666460037231
0.8799999952316284
0.9241666793823242
0.6083333492279053
0.9275000095367432
0.8916666507720947
0.9391666650772095
0.8324999809265137
0.8891666531562805
0.5141666531562805
0.6458333134651184
0.8708333373069763
0.5083333253860474
0.5083333253860474
0.8833333253860474
0.8658333420753479
0.8108333349227905
0.5375000238418579
0.5649999976158142
0.49166667461395264
0.5375000238418579
0.49166667461395264
0.9474999904632568
0.5083333253860474
0.8883333206176758
0.7441666722297668

training history loss
0.32860928773880005
0.1798461526632309
0.15636134147644043
0.12341722100973129
0.11276302486658096
0.08544256538152695
0.07920839637517929
0.06419002264738083
0.05581457167863846
0.04754890874028206
0.03883548080921173
0.05219454690814018
0.03653863072395325
0.01844453439116478
0.027076132595539093
0.023551469668745995
0.03317686542868614
0.015884997323155403
0.010784006677567959
0.038238491863012314
0.01161606702953577
0.015428617596626282
0.014619879424571991
0.010945573449134827
0.03818918764591217
0.013457095250487328
0.00306325382553041
0.01575845293700695
0.02090379223227501
0.0124618299305439
0.005168776493519545
0.0019118714844807982
0.0060332417488098145
0.021058518439531326
0.012865236029028893
0.012448864988982677
0.01089385710656643
0.008753917180001736
0.01254312600940466
0.007922365330159664
0.01677890680730343
0.010617051273584366
0.008725368417799473
0.0017616029363125563
0.0009028295753523707
0.0002900439139921218
0.0010491510620340705
0.015469838865101337
0.0338192880153656
0.01731502264738083
0.001701756496913731
0.0019547315314412117
0.002288178773596883
0.0028584643732756376
0.012538008391857147
0.016683796420693398
0.009492199867963791
0.016157684847712517
0.004098150879144669
0.0041952612809836864
0.0048935292288661
0.008280202746391296
0.005145988427102566
0.009086248464882374
0.008236230351030827
0.008028111420571804
0.0024881584104150534
0.0015586474910378456
0.018576763570308685
0.007734386716037989
0.008052915334701538
0.005708685144782066
0.0019515615422278643
0.00281637255102396
0.002751660766080022

training history val loss
8.526272773742676
11.830458641052246
12.656743049621582
13.569514274597168
11.089890480041504
11.555508613586426
11.730134963989258
10.343122482299805
8.492157936096191
8.964274406433105
3.184252977371216
0.21561294794082642
8.492823600769043
1.1245414018630981
4.363185405731201
1.250520944595337
5.064838886260986
0.7732970118522644
7.378117561340332
8.344956398010254
3.3380165100097656
2.098085880279541
0.2680475413799286
0.5564553141593933
4.838108539581299
0.18649853765964508
2.7978572845458984
4.103199005126953
3.994382381439209
0.5356499552726746
1.7989985942840576
0.27573493123054504
2.064847230911255
0.9695454835891724
0.22644342482089996
2.955434560775757
0.7753396034240723
4.169744968414307
0.20219779014587402
0.5067856907844543
1.055505394935608
1.322174072265625
0.28887587785720825
8.56116771697998
0.14979326725006104
0.3265368938446045
1.1149687767028809
6.0252180099487305
12.678130149841309
1.3785228729248047
0.5813457369804382
0.252426415681839
3.3271915912628174
0.2603139281272888
0.5309224724769592
0.2672494649887085
1.067384958267212
0.4090079665184021
5.651669979095459
2.4906041622161865
0.6989813446998596
11.31889533996582
7.893819808959961
0.48530009388923645
0.62724369764328
1.106804370880127
6.052397727966309
4.02731466293335
19.02696990966797
4.310648441314697
13.508559226989746
0.186549574136734
12.489593505859375
0.46613526344299316
1.6790046691894531