test data loss : 0.176730677485466
test data accyracy : 0.9490000009536743

training history accuracy
0.8687499761581421
0.9310416579246521
0.9472916722297668
0.9512500166893005
0.9591666460037231
0.9670833349227905
0.965416669845581
0.9768750071525574
0.9806249737739563
0.9862499833106995
0.9831249713897705
0.9891666769981384
0.9912499785423279
0.9897916913032532
0.9883333444595337
0.9914583563804626
0.9920833110809326
0.9858333468437195
0.9933333396911621
0.9931250214576721
0.9900000095367432
0.997083306312561
0.9943749904632568
0.996666669845581
0.9964583516120911
0.996666669845581
0.9941666722297668
0.9956250190734863
0.9927083253860474
0.996874988079071
0.9941666722297668
0.9954166412353516
0.9975000023841858
0.9987499713897705
0.9958333373069763
0.9962499737739563
0.9993749856948853
0.9962499737739563
0.9891666769981384
0.9972916841506958
0.9987499713897705
0.9962499737739563
0.996666669845581

training history val accuracy
0.5083333253860474
0.5083333253860474
0.5083333253860474
0.5083333253860474
0.5083333253860474
0.5083333253860474
0.5083333253860474
0.5083333253860474
0.5083333253860474
0.5074999928474426
0.5433333516120911
0.5058333277702332
0.9541666507720947
0.6691666841506958
0.5
0.5174999833106995
0.4975000023841858
0.5441666841506958
0.7875000238418579
0.5441666841506958
0.6200000047683716
0.9449999928474426
0.4950000047683716
0.7091666460037231
0.8966666460037231
0.5683333277702332
0.49166667461395264
0.8383333086967468
0.6558333039283752
0.92166668176651
0.574999988079071
0.5833333134651184
0.8441666960716248
0.8058333396911621
0.6241666674613953
0.6758333444595337
0.550000011920929
0.8374999761581421
0.49166667461395264
0.8725000023841858
0.5833333134651184
0.778333306312561
0.7633333206176758

training history loss
0.32605594396591187
0.18681073188781738
0.15455670654773712
0.13325919210910797
0.11735415458679199
0.09427360445261002
0.09081660211086273
0.06947984546422958
0.05372649058699608
0.03530973941087723
0.04392462596297264
0.033093322068452835
0.026985816657543182
0.028463080525398254
0.03163326531648636
0.023490477353334427
0.02169044315814972
0.04047766700387001
0.017609119415283203
0.019365275278687477
0.029318027198314667
0.007752793841063976
0.016793686896562576
0.009989582002162933
0.008495994843542576
0.008625558577477932
0.01812373660504818
0.014039842411875725
0.019274597987532616
0.01071108877658844
0.014087229035794735
0.013327933847904205
0.008210905827581882
0.00441823061555624
0.012240617536008358
0.011579617857933044
0.002138841664418578
0.01324333157390356
0.03092648833990097
0.007023939862847328
0.004579942207783461
0.009602099657058716
0.009587477892637253

training history val loss
8.991156578063965
11.994698524475098
11.179950714111328
14.017582893371582
13.36254596710205
10.741103172302246
10.682390213012695
9.729206085205078
9.52610969543457
2.04182505607605
3.742020606994629
3.970797538757324
0.14211581647396088
1.8183882236480713
3.6019368171691895
4.333719253540039
5.7307586669921875
1.8491861820220947
0.7822721600532532
2.8554527759552
1.675358772277832
0.17131604254245758
5.050706386566162
1.2516896724700928
0.38301676511764526
4.509100914001465
9.807950019836426
0.6686083674430847
1.567052960395813
0.27698764204978943
2.7140746116638184
2.256239175796509
0.5493279695510864
0.5885928869247437
1.806708574295044
1.65360426902771
4.12812614440918
0.7836545705795288
7.7053680419921875
0.5686289072036743
2.830928087234497
0.7237215638160706
1.1385278701782227