test data loss : 0.6133513450622559
test data accyracy : 0.6669999957084656

training history accuracy
0.5362499952316284
0.6177083253860474
0.7037500143051147
0.7495833039283752
0.7768750190734863
0.815833330154419
0.8356249928474426
0.8920833468437195
0.9291666746139526
0.9470833539962769
0.95291668176651
0.9695833325386047
0.965833306312561
0.9764583110809326
0.9835416674613953
0.9835416674613953
0.9775000214576721
0.9791666865348816
0.981041669845581
0.98458331823349
0.9860416650772095
0.9912499785423279
0.9889583587646484
0.9939583539962769
0.9889583587646484
0.98458331823349
0.981249988079071
0.9847916960716248
0.9937499761581421
0.9972916841506958
0.9945833086967468
0.9897916913032532
0.9822916388511658
0.9897916913032532
0.9925000071525574
0.9952083230018616
0.9956250190734863

training history val accuracy
0.5083333253860474
0.5083333253860474
0.5083333253860474
0.5083333253860474
0.5083333253860474
0.5083333253860474
0.6625000238418579
0.5083333253860474
0.5183333158493042
0.4958333373069763
0.49166667461395264
0.5083333253860474
0.5091666579246521
0.6033333539962769
0.5099999904632568
0.5216666460037231
0.4925000071525574
0.49166667461395264
0.5083333253860474
0.5149999856948853
0.5083333253860474
0.49166667461395264
0.5083333253860474
0.5083333253860474
0.49166667461395264
0.5083333253860474
0.49166667461395264
0.5083333253860474
0.70333331823349
0.5249999761581421
0.5083333253860474
0.5083333253860474
0.5083333253860474
0.5083333253860474
0.49166667461395264
0.5491666793823242
0.5083333253860474

training history loss
0.7714470028877258
0.6538355946540833
0.5728601813316345
0.5092570781707764
0.47547832131385803
0.40493538975715637
0.3585331439971924
0.25984081625938416
0.1886434108018875
0.13361026346683502
0.12340803444385529
0.07666247338056564
0.09143467247486115
0.06185418367385864
0.043671783059835434
0.04359658807516098
0.06076638028025627
0.060170579701662064
0.05153755471110344
0.038617320358753204
0.04053160175681114
0.026132622733712196
0.03020622581243515
0.018552901223301888
0.027397966012358665
0.040759969502687454
0.04954047128558159
0.042113497853279114
0.019512590020895004
0.009586578235030174
0.013098717667162418
0.029891526326537132
0.04471907764673233
0.030239887535572052
0.02144388109445572
0.016140438616275787
0.01150151900947094

training history val loss
1.1686776876449585
1.855326533317566
3.5100467205047607
6.4558186531066895
12.719308853149414
11.350052833557129
0.6151402592658997
2.4021949768066406
3.9228549003601074
3.9077446460723877
20.74176025390625
11.118817329406738
4.683363914489746
1.5289992094039917
5.430548191070557
3.1257288455963135
9.04999828338623
14.4935302734375
9.96279239654541
3.347661256790161
8.707605361938477
7.122532367706299
6.823697566986084
13.644538879394531
21.8132381439209
21.416107177734375
27.33713150024414
18.0997371673584
1.2478251457214355
3.9935336112976074
13.00757884979248
9.112024307250977
14.76590633392334
11.201335906982422
11.126862525939941
4.535796165466309
11.922049522399902