test data loss : 0.8304261565208435
test data accyracy : 0.5

training history accuracy
0.5289583206176758
0.5693749785423279
0.6341666579246521
0.7093750238418579
0.7408333420753479
0.7704166769981384
0.7912499904632568
0.8187500238418579
0.8456249833106995
0.8812500238418579
0.9164583086967468
0.9429166913032532
0.9549999833106995
0.9618750214576721
0.9681249856948853
0.9758333563804626
0.9797916412353516
0.9791666865348816
0.9856250286102295
0.987291693687439
0.9881250262260437
0.987500011920929
0.987708330154419
0.98458331823349
0.9831249713897705
0.9860416650772095
0.9964583516120911
0.9983333349227905
0.9964583516120911
0.9902083277702332
0.981041669845581

training history val accuracy
0.5083333253860474
0.5083333253860474
0.5083333253860474
0.5083333253860474
0.5083333253860474
0.5083333253860474
0.5083333253860474
0.5083333253860474
0.5083333253860474
0.5208333134651184
0.5083333253860474
0.5608333349227905
0.5083333253860474
0.559166669845581
0.5083333253860474
0.5083333253860474
0.5083333253860474
0.5099999904632568
0.60916668176651
0.5191666483879089
0.5083333253860474
0.5083333253860474
0.5724999904632568
0.6549999713897705
0.5174999833106995
0.5541666746139526
0.5891666412353516
0.5475000143051147
0.5083333253860474
0.5266666412353516
0.5083333253860474

training history loss
0.7841136455535889
0.6914345622062683
0.6459037065505981
0.5731064677238464
0.5205226540565491
0.4885651171207428
0.445123553276062
0.3965221643447876
0.34653767943382263
0.27781182527542114
0.20814739167690277
0.1466660350561142
0.12144875526428223
0.09594103693962097
0.08119407296180725
0.06933252513408661
0.05922588333487511
0.056353822350502014
0.04112422466278076
0.03789224475622177
0.032641250640153885
0.034367721527814865
0.03602961078286171
0.040814194828271866
0.04729781672358513
0.03738442063331604
0.013683906756341457
0.007521568797528744
0.00908745639026165
0.023150216788053513
0.05170673131942749

training history val loss
0.8215034008026123
1.045012354850769
1.7535734176635742
3.590122938156128
5.427426338195801
6.245233535766602
6.726992130279541
7.138604164123535
8.657846450805664
1.5103479623794556
4.6143479347229
2.3450093269348145
5.965662002563477
3.3867976665496826
10.431379318237305
6.135183811187744
5.23348331451416
6.241800308227539
2.066030979156494
4.430605411529541
5.963582992553711
10.586085319519043
2.4023518562316895
0.9932734370231628
3.782749891281128
3.761618137359619
2.364569664001465
3.555863857269287
7.907386779785156
4.56113338470459
14.10045051574707