test data loss : 1.1568742990493774
test data accyracy : 0.5

training history accuracy
0.5429166555404663
0.6441666483879089
0.7172916531562805
0.7566666603088379
0.7785416841506958
0.8085416555404663
0.8333333134651184
0.8685416579246521
0.9110416769981384
0.9293749928474426
0.9574999809265137
0.9618750214576721
0.9662500023841858
0.9731249809265137
0.9745833277702332
0.9881250262260437
0.9925000071525574
0.9891666769981384
0.9860416650772095
0.9777083396911621
0.9787499904632568
0.9881250262260437
0.987708330154419
0.9920833110809326
0.98416668176651
0.9868749976158142
0.9922916889190674
0.9947916865348816
0.9922916889190674
0.9914583563804626
0.9908333420753479

training history val accuracy
0.5083333253860474
0.5083333253860474
0.5083333253860474
0.5083333253860474
0.5083333253860474
0.5083333253860474
0.5083333253860474
0.5083333253860474
0.5083333253860474
0.5083333253860474
0.5083333253860474
0.49166667461395264
0.49166667461395264
0.49166667461395264
0.49166667461395264
0.49166667461395264
0.6000000238418579
0.49166667461395264
0.49166667461395264
0.5224999785423279
0.6875
0.5149999856948853
0.5041666626930237
0.5224999785423279
0.49666666984558105
0.6691666841506958
0.503333330154419
0.5874999761581421
0.5058333277702332
0.5824999809265137
0.5091666579246521

training history loss
0.7687476873397827
0.6264081001281738
0.5532633066177368
0.5079641938209534
0.4685324728488922
0.42555731534957886
0.3765430748462677
0.3055495321750641
0.22093214094638824
0.17928530275821686
0.11627677828073502
0.09731806069612503
0.09220828115940094
0.07332376390695572
0.06448942422866821
0.03551046922802925
0.024333592504262924
0.0307071041315794
0.043088752776384354
0.06712503731250763
0.05402674898505211
0.03625471889972687
0.03566815331578255
0.022346438840031624
0.04653486981987953
0.0367823988199234
0.021668637171387672
0.01564992032945156
0.023419750854372978
0.028152547776699066
0.026172718033194542

training history val loss
1.1395810842514038
5.163458824157715
5.782078266143799
7.024927616119385
6.943674087524414
7.845613479614258
8.300570487976074
11.255762100219727
7.7256178855896
10.727377891540527
7.513631820678711
13.190232276916504
22.559158325195312
8.399566650390625
13.799012184143066
7.649940490722656
1.9437158107757568
14.76752758026123
6.3232221603393555
4.733519554138184
1.1871519088745117
5.938943386077881
5.294069766998291
4.269742965698242
4.18544340133667
1.374279260635376
6.219849586486816
2.6438891887664795
5.129910469055176
2.17323899269104
8.304251670837402