test data loss : 0.8098337054252625
test data accyracy : 0.5590000152587891

training history accuracy
0.534166693687439
0.6070833206176758
0.6941666603088379
0.7360416650772095
0.7441666722297668
0.784166693687439
0.8047916889190674
0.8370833396911621
0.8722916841506958
0.9110416769981384
0.940833330154419
0.9568750262260437
0.9700000286102295
0.96895831823349
0.9764583110809326
0.9733333587646484
0.9797916412353516
0.9858333468437195
0.98458331823349
0.9906250238418579
0.9893749952316284
0.9797916412353516
0.9791666865348816
0.9854166507720947
0.9935416579246521
0.9925000071525574
0.9935416579246521
0.9889583587646484
0.9883333444595337
0.9933333396911621
0.9977083206176758
0.9954166412353516
0.9800000190734863
0.9795833230018616
0.9947916865348816
0.9956250190734863
0.9935416579246521
0.9920833110809326

training history val accuracy
0.5083333253860474
0.5083333253860474
0.5083333253860474
0.5083333253860474
0.5083333253860474
0.5083333253860474
0.5083333253860474
0.5858333110809326
0.4724999964237213
0.5083333253860474
0.5149999856948853
0.5
0.49166667461395264
0.6683333516120911
0.5083333253860474
0.49166667461395264
0.6833333373069763
0.49166667461395264
0.49416667222976685
0.5083333253860474
0.5083333253860474
0.49166667461395264
0.5083333253860474
0.5083333253860474
0.5083333253860474
0.4925000071525574
0.5216666460037231
0.5141666531562805
0.5741666555404663
0.590833306312561
0.5016666650772095
0.49166667461395264
0.5083333253860474
0.5083333253860474
0.49166667461395264
0.5400000214576721
0.512499988079071
0.6341666579246521

training history loss
0.7484227418899536
0.6646292209625244
0.5828945636749268
0.5253331065177917
0.5125189423561096
0.4563530385494232
0.41598883271217346
0.3585756719112396
0.3002207577228546
0.2187301069498062
0.14940880239009857
0.11175623536109924
0.0857258215546608
0.08085513114929199
0.0664227157831192
0.0690639317035675
0.05598277226090431
0.04118970409035683
0.04136558622121811
0.027486324310302734
0.026835788041353226
0.05019989609718323
0.06204105541110039
0.04360567405819893
0.019968630746006966
0.022962292656302452
0.022464707493782043
0.032191742211580276
0.029357776045799255
0.024242309853434563
0.009370140731334686
0.012125673703849316
0.05165274441242218
0.053526997566223145
0.0181486364454031
0.011195465922355652
0.018615731969475746
0.022951455786824226

training history val loss
0.8480777144432068
1.5205494165420532
3.2401156425476074
4.680075168609619
6.547780513763428
9.32642650604248
10.479928016662598
0.820190966129303
5.9370903968811035
8.578710556030273
2.7957637310028076
5.180368423461914
6.917438983917236
1.1563124656677246
7.389125347137451
7.067420959472656
1.2010116577148438
8.790793418884277
6.2603960037231445
8.561417579650879
6.263789653778076
11.098179817199707
6.144067287445068
13.595259666442871
8.171357154846191
6.665328025817871
3.589766025543213
3.982365608215332
2.8560595512390137
2.045816659927368
5.016418933868408
8.356352806091309
10.189506530761719
7.791544437408447
19.739952087402344
3.7446529865264893
6.680238246917725
1.8877431154251099