test data loss : 0.8189076781272888
test data accyracy : 0.6869999766349792

training history accuracy
0.5564583539962769
0.6256250143051147
0.7179166674613953
0.75020831823349
0.7670833468437195
0.8106250166893005
0.8381249904632568
0.8860416412353516
0.9120833277702332
0.9474999904632568
0.9541666507720947
0.9668750166893005
0.971666693687439
0.9779166579246521
0.98416668176651
0.9837499856948853
0.9758333563804626
0.9739583134651184
0.9856250286102295
0.9856250286102295
0.9879166483879089
0.9839583039283752
0.9906250238418579
0.9908333420753479
0.9922916889190674
0.9941666722297668
0.9914583563804626
0.9929166436195374
0.9870833158493042
0.9797916412353516
0.9852083325386047
0.9937499761581421
0.996666669845581
0.9954166412353516
0.9937499761581421
0.9864583611488342
0.9856250286102295
0.9870833158493042
0.9889583587646484
0.9960416555404663
0.9977083206176758
0.9975000023841858
0.9954166412353516
0.9891666769981384
0.9902083277702332
0.9914583563804626
0.9922916889190674
0.9891666769981384
0.9885416626930237

training history val accuracy
0.5083333253860474
0.5083333253860474
0.5083333253860474
0.5083333253860474
0.5083333253860474
0.5083333253860474
0.5083333253860474
0.5083333253860474
0.5083333253860474
0.5083333253860474
0.4925000071525574
0.5083333253860474
0.5083333253860474
0.6549999713897705
0.5083333253860474
0.5083333253860474
0.49166667461395264
0.5083333253860474
0.6700000166893005
0.5808333158493042
0.5083333253860474
0.5516666769981384
0.5833333134651184
0.49166667461395264
0.5091666579246521
0.5083333253860474
0.5083333253860474
0.6625000238418579
0.5383333563804626
0.6116666793823242
0.7083333134651184
0.49166667461395264
0.6783333420753479
0.6349999904632568
0.5083333253860474
0.5049999952316284
0.49166667461395264
0.6308333277702332
0.5649999976158142
0.7149999737739563
0.565833330154419
0.5083333253860474
0.5541666746139526
0.5083333253860474
0.5083333253860474
0.5083333253860474
0.5083333253860474
0.67166668176651
0.5083333253860474

training history loss
0.7206023931503296
0.642937183380127
0.5543005466461182
0.5134090781211853
0.48100045323371887
0.4186471700668335
0.36834242939949036
0.2714948058128357
0.21616852283477783
0.13526412844657898
0.11523117125034332
0.09384290874004364
0.07620679587125778
0.06140707805752754
0.04450597986578941
0.04198979213833809
0.062407881021499634
0.06592585891485214
0.04328228160738945
0.0371943861246109
0.03589501604437828
0.043345678597688675
0.02525930292904377
0.03158506006002426
0.02142871357500553
0.01754051446914673
0.02193700522184372
0.01899026148021221
0.033159833401441574
0.051698245108127594
0.040426116436719894
0.018047282472252846
0.010382087901234627
0.012505833990871906
0.019605934619903564
0.03769195079803467
0.03907759487628937
0.032970450818538666
0.029178151860833168
0.0131067531183362
0.007378819864243269
0.0069872308522462845
0.016818877309560776
0.02976679801940918
0.02759433351457119
0.019591620191931725
0.01911148428916931
0.0290685947984457
0.026843030005693436

training history val loss
1.0184516906738281
1.1007217168807983
5.777344226837158
6.315150737762451
5.317631244659424
8.483484268188477
5.404394626617432
11.273594856262207
6.068936824798584
7.421590328216553
3.8559696674346924
11.833654403686523
6.113212585449219
1.2499934434890747
5.939511775970459
8.847567558288574
8.017837524414062
8.326356887817383
0.8045290112495422
2.019906997680664
6.068901062011719
3.043855905532837
1.9862910509109497
22.142135620117188
5.8576436042785645
5.9177422523498535
12.251410484313965
1.5990666151046753
3.0865046977996826
2.1909430027008057
1.280948519706726
14.604416847229004
2.0509886741638184
1.929890751838684
9.524642944335938
5.375246524810791
14.648489952087402
1.7480652332305908
2.3632571697235107
1.138441801071167
2.659576654434204
8.605767250061035
3.048610210418701
15.498481750488281
9.221016883850098
12.551504135131836
10.178452491760254
1.612242341041565
13.146649360656738