test data loss : 0.8177652359008789
test data accyracy : 0.6579999923706055

training history accuracy
0.5347916483879089
0.6100000143051147
0.7041666507720947
0.7495833039283752
0.768750011920929
0.7889583110809326
0.8106250166893005
0.8433333039283752
0.8756250143051147
0.9083333611488342
0.9316666722297668
0.9520833492279053
0.9641666412353516
0.9806249737739563
0.9883333444595337
0.9887499809265137
0.9704166650772095
0.9708333611488342
0.9854166507720947
0.9908333420753479
0.9943749904632568
0.9825000166893005
0.9768750071525574
0.9854166507720947
0.987500011920929
0.9910416603088379
0.9925000071525574
0.9931250214576721
0.9900000095367432
0.9922916889190674
0.9891666769981384
0.9820833206176758
0.9868749976158142
0.9891666769981384
0.9954166412353516
0.9964583516120911
0.9912499785423279
0.9820833206176758
0.9931250214576721
0.9933333396911621
0.9954166412353516
0.9975000023841858
0.9950000047683716

training history val accuracy
0.5083333253860474
0.5083333253860474
0.5083333253860474
0.5083333253860474
0.5083333253860474
0.5083333253860474
0.5083333253860474
0.5083333253860474
0.5083333253860474
0.6691666841506958
0.5099999904632568
0.5683333277702332
0.6608333587646484
0.4958333373069763
0.5141666531562805
0.5183333158493042
0.5083333253860474
0.684166669845581
0.6516666412353516
0.5091666579246521
0.54666668176651
0.5083333253860474
0.5083333253860474
0.5274999737739563
0.5083333253860474
0.5083333253860474
0.5108333230018616
0.5375000238418579
0.675000011920929
0.6441666483879089
0.5083333253860474
0.5083333253860474
0.6333333253860474
0.5649999976158142
0.5083333253860474
0.5375000238418579
0.5083333253860474
0.5083333253860474
0.6866666674613953
0.5083333253860474
0.5141666531562805
0.5174999833106995
0.6483333110809326

training history loss
0.7724257707595825
0.659740149974823
0.575188398361206
0.510232150554657
0.47633180022239685
0.45331665873527527
0.41676566004753113
0.34904420375823975
0.2942160665988922
0.21075691282749176
0.1642044633626938
0.1265343576669693
0.09612982720136642
0.05442904308438301
0.034884173423051834
0.036197442561388016
0.08018682152032852
0.07340557128190994
0.04607868939638138
0.02829171158373356
0.019394543021917343
0.04499468952417374
0.06375192850828171
0.03922513872385025
0.02995416708290577
0.02627987414598465
0.021567970514297485
0.023672884330153465
0.027991246432065964
0.021826136857271194
0.026382824406027794
0.04350980743765831
0.034841056913137436
0.027046969160437584
0.01639137975871563
0.00978115200996399
0.023142559453845024
0.04410478472709656
0.021197330206632614
0.02048354223370552
0.011976759880781174
0.009101560339331627
0.014944731257855892

training history val loss
1.0879040956497192
3.1394970417022705
5.845376968383789
7.557801246643066
9.35126781463623
6.597980499267578
5.544898986816406
10.595841407775879
10.313390731811523
0.8159794807434082
2.8222806453704834
1.7852952480316162
0.7704470157623291
4.57255744934082
4.067328929901123
3.013340473175049
7.502772808074951
0.780857503414154
1.310298204421997
4.368923664093018
3.1200802326202393
8.628482818603516
11.741584777832031
4.1071457862854
8.433526992797852
11.058680534362793
4.158088207244873
3.2107715606689453
1.640421748161316
1.2122511863708496
9.188006401062012
13.550496101379395
1.503077745437622
2.8964004516601562
9.135340690612793
3.2962825298309326
7.992547035217285
18.707775115966797
1.2560105323791504
9.539810180664062
4.929405689239502
5.28680419921875
1.210801362991333