test data loss : 1.320046067237854
test data accyracy : 0.675000011920929

training history accuracy
0.5489583611488342
0.6704166531562805
0.7262499928474426
0.7612500190734863
0.7839583158493042
0.8145833611488342
0.8477083444595337
0.8814583420753479
0.9197916388511658
0.934583306312561
0.9568750262260437
0.9733333587646484
0.972083330154419
0.9856250286102295
0.9779166579246521
0.9747916460037231
0.9762499928474426
0.987291693687439
0.9789583086967468
0.9833333492279053
0.9893749952316284
0.9937499761581421
0.9893749952316284
0.9856250286102295
0.9847916960716248
0.9835416674613953
0.9895833134651184
0.9885416626930237
0.9945833086967468
0.9943749904632568
0.9885416626930237
0.9914583563804626
0.984375
0.9906250238418579
0.9922916889190674
0.9929166436195374
0.9906250238418579
0.9929166436195374
0.9908333420753479
0.987291693687439
0.9916666746139526
0.9927083253860474
0.9950000047683716
0.9939583539962769
0.9931250214576721
0.9887499809265137
0.9895833134651184
0.9945833086967468
0.9962499737739563
0.9972916841506958
0.997083306312561
0.9935416579246521
0.9908333420753479
0.9910416603088379
0.9979166388511658
0.9991666674613953
0.9975000023841858
0.9914583563804626
0.984375
0.9922916889190674
0.9987499713897705
0.9962499737739563
0.9920833110809326
0.9914583563804626
0.9956250190734863
0.996666669845581
0.9964583516120911
0.9939583539962769
0.9887499809265137
0.9920833110809326
0.9931250214576721
0.9960416555404663
0.9954166412353516
0.9989583492279053
0.9952083230018616
0.9918749928474426
0.9925000071525574

training history val accuracy
0.5083333253860474
0.5083333253860474
0.5083333253860474
0.5083333253860474
0.5083333253860474
0.5083333253860474
0.5083333253860474
0.5083333253860474
0.5083333253860474
0.596666693687439
0.49166667461395264
0.5400000214576721
0.6133333444595337
0.49166667461395264
0.49166667461395264
0.5
0.5316666960716248
0.5083333253860474
0.5133333206176758
0.5133333206176758
0.534166693687439
0.5083333253860474
0.5083333253860474
0.49166667461395264
0.5699999928474426
0.5199999809265137
0.6458333134651184
0.6916666626930237
0.49166667461395264
0.6816666722297668
0.5083333253860474
0.6449999809265137
0.5083333253860474
0.5983333587646484
0.5091666579246521
0.5083333253860474
0.512499988079071
0.5083333253860474
0.6650000214576721
0.6175000071525574
0.49166667461395264
0.5083333253860474
0.5266666412353516
0.5083333253860474
0.5083333253860474
0.49166667461395264
0.6791666746139526
0.49166667461395264
0.5149999856948853
0.596666693687439
0.5475000143051147
0.5083333253860474
0.5083333253860474
0.5116666555404663
0.5091666579246521
0.5183333158493042
0.5099999904632568
0.6783333420753479
0.5575000047683716
0.5724999904632568
0.4983333349227905
0.5525000095367432
0.5699999928474426
0.5083333253860474
0.5083333253860474
0.5308333039283752
0.5233333110809326
0.653333306312561
0.5083333253860474
0.5091666579246521
0.5083333253860474
0.6075000166893005
0.6616666913032532
0.5899999737739563
0.5091666579246521
0.6083333492279053
0.5391666889190674

training history loss
0.7741797566413879
0.6087373495101929
0.5472371578216553
0.4907849133014679
0.4547545909881592
0.4045874774456024
0.3483206629753113
0.2787216305732727
0.1994660496711731
0.1630227118730545
0.11077364534139633
0.08008570969104767
0.07376022636890411
0.041846178472042084
0.05576097592711449
0.0650271475315094
0.0606825016438961
0.0350596085190773
0.05482859909534454
0.043510694056749344
0.026807358488440514
0.02033718302845955
0.02635110355913639
0.037351176142692566
0.04233779013156891
0.043062083423137665
0.02919550985097885
0.030007151886820793
0.01878417283296585
0.02060547284781933
0.028772935271263123
0.02403741143643856
0.04216485470533371
0.02617066353559494
0.022280661389231682
0.01858656480908394
0.023950055241584778
0.017924629151821136
0.026831937953829765
0.034061167389154434
0.026241814717650414
0.018862036988139153
0.012558281421661377
0.01635114848613739
0.019348902627825737
0.03505391255021095
0.02823391556739807
0.01604549214243889
0.011422734707593918
0.009092689491808414
0.009208302944898605
0.019571317359805107
0.026102134957909584
0.024722443893551826
0.007438693195581436
0.0031782002188265324
0.006705667823553085
0.02096610888838768
0.04115314036607742
0.020320875570178032
0.005294260568916798
0.010327830910682678
0.01864994689822197
0.019198469817638397
0.012558620423078537
0.009497941471636295
0.010089912451803684
0.016195043921470642
0.03260152414441109
0.01989479549229145
0.016115354374051094
0.009968404658138752
0.011814495548605919
0.0036006239242851734
0.013992729596793652
0.023297002539038658
0.020114781334996223

training history val loss
1.6860450506210327
4.749176979064941
6.075045585632324
6.017858028411865
7.059974193572998
9.641544342041016
9.260822296142578
7.555497169494629
11.851593017578125
1.9860113859176636
6.974769592285156
1.5912964344024658
1.843679428100586
7.833489418029785
12.318065643310547
4.8656907081604
2.839810848236084
8.41006851196289
3.2050647735595703
5.583858013153076
3.067967653274536
7.00799560546875
5.7381672859191895
8.971585273742676
3.868115186691284
5.059028625488281
1.637539029121399
1.2547281980514526
8.071724891662598
1.449387550354004
5.89390230178833
1.2377028465270996
9.749435424804688
2.785883903503418
5.184822082519531
6.152543544769287
4.76192569732666
12.174551963806152
1.9657491445541382
2.615717887878418
12.479013442993164
11.364375114440918
4.988468647003174
15.10018539428711
14.04520034790039
8.95508098602295
1.2294056415557861
9.236165046691895
5.788873672485352
2.4423277378082275
3.888796329498291
14.548564910888672
9.44690227508545
9.142986297607422
8.898993492126465
6.471572399139404
5.245626449584961
1.9188586473464966
3.854034900665283
4.824597358703613
7.835894584655762
3.677414894104004
3.6348094940185547
10.572198867797852
11.7009859085083
4.693312644958496
6.927276134490967
1.8705720901489258
19.827993392944336
8.504509925842285
17.077308654785156
2.645953893661499
1.961377739906311
3.4747273921966553
8.437948226928711
2.2494263648986816
5.785528659820557