test data loss : 0.808491051197052
test data accyracy : 0.5789999961853027

training history accuracy
0.5368750095367432
0.5827083587646484
0.67208331823349
0.7275000214576721
0.7485416531562805
0.778124988079071
0.7950000166893005
0.8229166865348816
0.8447916507720947
0.8791666626930237
0.9135416746139526
0.9435416460037231
0.9639583230018616
0.972083330154419
0.9731249809265137
0.9752083420753479
0.96875
0.984375
0.9856250286102295
0.9889583587646484
0.9793750047683716
0.9741666913032532
0.9808333516120911
0.9916666746139526
0.9939583539962769
0.9906250238418579
0.9931250214576721
0.9931250214576721
0.987291693687439
0.9772916436195374
0.9902083277702332
0.9931250214576721
0.9956250190734863
0.9937499761581421
0.9937499761581421
0.9879166483879089
0.9800000190734863
0.9879166483879089

training history val accuracy
0.5083333253860474
0.5083333253860474
0.5083333253860474
0.5083333253860474
0.5083333253860474
0.5083333253860474
0.5083333253860474
0.5683333277702332
0.49166667461395264
0.49166667461395264
0.4950000047683716
0.5083333253860474
0.49166667461395264
0.503333330154419
0.5083333253860474
0.5799999833106995
0.5083333253860474
0.5108333230018616
0.6000000238418579
0.5741666555404663
0.49666666984558105
0.5099999904632568
0.5149999856948853
0.7166666388511658
0.5333333611488342
0.49416667222976685
0.5083333253860474
0.5083333253860474
0.5091666579246521
0.5766666531562805
0.5191666483879089
0.5083333253860474
0.6700000166893005
0.5074999928474426
0.49166667461395264
0.5358333587646484
0.5083333253860474
0.5083333253860474

training history loss
0.7907209396362305
0.6796522736549377
0.6032000184059143
0.5470030903816223
0.5061010122299194
0.47059717774391174
0.4405975937843323
0.3954026401042938
0.34682950377464294
0.28247833251953125
0.211448535323143
0.1476597636938095
0.09926459938287735
0.07379891723394394
0.07234835624694824
0.06695599108934402
0.08518289029598236
0.04418248310685158
0.041598476469516754
0.03260837867856026
0.050457485020160675
0.06526163965463638
0.045709725469350815
0.024483628571033478
0.01610718108713627
0.025004761293530464
0.018601449206471443
0.021100061014294624
0.035517409443855286
0.05741538479924202
0.029173918068408966
0.017998648807406425
0.014445601962506771
0.013860088773071766
0.017994821071624756
0.02993185631930828
0.05642443522810936
0.03509689122438431

training history val loss
1.111469030380249
1.6225099563598633
4.551904201507568
7.40568208694458
6.985342025756836
3.9666292667388916
9.399039268493652
0.8419479131698608
3.00982928276062
5.995893955230713
3.134540557861328
9.723381042480469
6.7267255783081055
3.275369882583618
6.184485912322998
2.4111645221710205
9.663932800292969
4.799328804016113
2.178318977355957
2.298819065093994
4.372034549713135
6.4113898277282715
3.443432092666626
0.89276522397995
4.415794849395752
4.267204284667969
10.363865852355957
9.815324783325195
4.433060646057129
3.648456573486328
4.319253921508789
9.643396377563477
1.2395576238632202
5.3292622566223145
6.385540962219238
3.1934151649475098
12.552275657653809
10.35096549987793