test data loss : 1.1553820371627808
test data accyracy : 0.7039999961853027

training history accuracy
0.5393750071525574
0.6793749928474426
0.7266666889190674
0.7579166889190674
0.7749999761581421
0.8039583563804626
0.8295833468437195
0.8722916841506958
0.8993750214576721
0.9375
0.9431250095367432
0.9591666460037231
0.9745833277702332
0.9787499904632568
0.9745833277702332
0.9735416769981384
0.984375
0.9768750071525574
0.9827083349227905
0.98416668176651
0.9931250214576721
0.987291693687439
0.9910416603088379
0.9900000095367432
0.9900000095367432
0.9881250262260437
0.9864583611488342
0.9900000095367432
0.9835416674613953
0.9860416650772095
0.9887499809265137
0.9952083230018616
0.9916666746139526
0.9900000095367432
0.9881250262260437
0.9910416603088379
0.9952083230018616
0.9975000023841858
0.9943749904632568
0.9870833158493042
0.9885416626930237
0.9964583516120911
0.9991666674613953
0.9993749856948853
0.9956250190734863
0.9870833158493042
0.98458331823349
0.9954166412353516
0.9972916841506958
0.9962499737739563

training history val accuracy
0.5083333253860474
0.5083333253860474
0.5083333253860474
0.5083333253860474
0.5083333253860474
0.5083333253860474
0.5083333253860474
0.5083333253860474
0.5083333253860474
0.5083333253860474
0.51583331823349
0.6491666436195374
0.5091666579246521
0.5425000190734863
0.5533333420753479
0.5074999928474426
0.5433333516120911
0.5083333253860474
0.5091666579246521
0.6966666579246521
0.5083333253860474
0.5083333253860474
0.49166667461395264
0.5133333206176758
0.6050000190734863
0.5233333110809326
0.5083333253860474
0.5083333253860474
0.5491666793823242
0.5083333253860474
0.5566666722297668
0.534166693687439
0.565833330154419
0.5099999904632568
0.5083333253860474
0.5141666531562805
0.67166668176651
0.5083333253860474
0.6558333039283752
0.5083333253860474
0.5083333253860474
0.5141666531562805
0.5741666555404663
0.49166667461395264
0.5083333253860474
0.5083333253860474
0.5083333253860474
0.5083333253860474
0.5224999785423279
0.5941666960716248

training history loss
0.7750600576400757
0.6066210269927979
0.5448249578475952
0.5005025863647461
0.47816669940948486
0.4342995584011078
0.38353025913238525
0.304451584815979
0.2480657696723938
0.15494471788406372
0.14414843916893005
0.10632636398077011
0.07044840604066849
0.05631887540221214
0.06702163815498352
0.07614533603191376
0.04893741384148598
0.062044937163591385
0.05182619020342827
0.0417746864259243
0.019447393715381622
0.03400123491883278
0.028302116319537163
0.028562432155013084
0.028252258896827698
0.03468407690525055
0.034903671592473984
0.02711162157356739
0.04197896644473076
0.03816346824169159
0.030548661947250366
0.016126031056046486
0.01993047446012497
0.026746749877929688
0.03346920385956764
0.0250917449593544
0.016804508864879608
0.008492136374115944
0.012492209672927856
0.035660967230796814
0.029024638235569
0.009762750938534737
0.0035392038989812136
0.0028731131460517645
0.010629326105117798
0.03477229177951813
0.043867968022823334
0.014272386208176613
0.0072673773393034935
0.010810964740812778

training history val loss
1.636994481086731
3.5116357803344727
5.140636444091797
5.9141316413879395
5.009695053100586
3.0587663650512695
3.8744168281555176
5.9766693115234375
5.65290641784668
6.5577473640441895
2.091029167175293
1.2579717636108398
4.862252235412598
2.003988027572632
3.045785427093506
5.241604328155518
2.231232166290283
3.130314826965332
4.536279678344727
1.2029691934585571
5.364498138427734
10.900559425354004
7.891436576843262
5.118326187133789
1.6575448513031006
3.3453543186187744
9.179513931274414
8.596372604370117
2.7552857398986816
6.194668769836426
3.114602565765381
2.0668344497680664
3.391786813735962
2.263300895690918
9.72238826751709
5.810507297515869
2.0773730278015137
12.054367065429688
1.861288070678711
8.701733589172363
5.720444679260254
4.664519309997559
2.227689743041992
11.337333679199219
9.586417198181152
12.531733512878418
6.206439971923828
8.453743934631348
7.151887893676758
2.3072659969329834