test data loss : 0.7104142904281616
test data accyracy : 0.5

training history accuracy
0.5456249713897705
0.621874988079071
0.7035416960716248
0.7460416555404663
0.7647916674613953
0.7887499928474426
0.8191666603088379
0.8568750023841858
0.8902083039283752
0.9183333516120911
0.9472916722297668
0.95291668176651
0.9645833373069763
0.9756249785423279
0.9770833253860474
0.9800000190734863
0.9785416722297668
0.9777083396911621
0.9929166436195374
0.9933333396911621
0.9833333492279053
0.9827083349227905
0.9862499833106995
0.9879166483879089
0.9918749928474426
0.9860416650772095
0.9833333492279053
0.9937499761581421
0.9954166412353516
0.997083306312561
0.9897916913032532

training history val accuracy
0.5083333253860474
0.5083333253860474
0.5083333253860474
0.5083333253860474
0.5083333253860474
0.5083333253860474
0.5083333253860474
0.5083333253860474
0.5083333253860474
0.5083333253860474
0.5083333253860474
0.625
0.6433333158493042
0.5083333253860474
0.5141666531562805
0.6825000047683716
0.5083333253860474
0.5099999904632568
0.6891666650772095
0.5883333086967468
0.5083333253860474
0.5083333253860474
0.5083333253860474
0.49166667461395264
0.5083333253860474
0.5441666841506958
0.5116666555404663
0.6100000143051147
0.5916666388511658
0.5083333253860474
0.5083333253860474

training history loss
0.7401539087295532
0.6554126143455505
0.576531171798706
0.5187195539474487
0.4855620861053467
0.4496016800403595
0.39641037583351135
0.33009934425354004
0.2720552980899811
0.20061950385570526
0.1384226232767105
0.11361505836248398
0.09170383214950562
0.061501000076532364
0.0627327635884285
0.05009380355477333
0.058820050209760666
0.06416059285402298
0.023518623784184456
0.021025674417614937
0.04497667774558067
0.04652292653918266
0.0407872311770916
0.03415938839316368
0.02506348118185997
0.0386078767478466
0.049248725175857544
0.019872261211276054
0.013274027965962887
0.008126864209771156
0.03277689218521118

training history val loss
0.7072322368621826
1.3714088201522827
3.7218635082244873
4.646580696105957
5.718386173248291
6.556663990020752
6.982069492340088
5.655577182769775
7.957838535308838
9.245087623596191
11.18315315246582
0.9481431245803833
1.0432932376861572
12.988658905029297
5.667842388153076
0.8803442120552063
8.771830558776855
5.388928413391113
1.1256775856018066
2.052373170852661
7.566744804382324
11.048418998718262
6.849137306213379
16.922611236572266
13.710273742675781
1.4933849573135376
5.839537143707275
1.881621241569519
2.530024528503418
10.40383243560791
13.232975006103516