test data loss : 0.9391408562660217
test data accyracy : 0.5

training history accuracy
0.5393750071525574
0.6018750071525574
0.7116666436195374
0.7420833110809326
0.7691666483879089
0.7827083468437195
0.81270831823349
0.8381249904632568
0.8706250190734863
0.9097916483879089
0.9385416507720947
0.9606249928474426
0.9599999785423279
0.9712499976158142
0.9858333468437195
0.9808333516120911
0.9800000190734863
0.981249988079071
0.98458331823349
0.9891666769981384
0.9864583611488342
0.9852083325386047
0.9804166555404663
0.9864583611488342
0.9954166412353516
0.9879166483879089
0.9837499856948853
0.9902083277702332
0.9941666722297668
0.9929166436195374
0.9897916913032532

training history val accuracy
0.5083333253860474
0.5083333253860474
0.5083333253860474
0.5083333253860474
0.5083333253860474
0.5083333253860474
0.5083333253860474
0.5083333253860474
0.5083333253860474
0.5166666507720947
0.5400000214576721
0.49166667461395264
0.5133333206176758
0.5841666460037231
0.5233333110809326
0.5083333253860474
0.5083333253860474
0.5083333253860474
0.6800000071525574
0.5649999976158142
0.5808333158493042
0.5224999785423279
0.5083333253860474
0.5083333253860474
0.5224999785423279
0.5083333253860474
0.5249999761581421
0.6050000190734863
0.7208333611488342
0.49166667461395264
0.5450000166893005

training history loss
0.7486217617988586
0.6610199213027954
0.5698389410972595
0.5206050276756287
0.4901060461997986
0.46617650985717773
0.4200495779514313
0.36230841279029846
0.29659175872802734
0.22295448184013367
0.1570979207754135
0.10316696017980576
0.10480145364999771
0.07907068729400635
0.045450203120708466
0.05182371661067009
0.0521710179746151
0.04908289015293121
0.04571659862995148
0.03211105614900589
0.03526043891906738
0.03968281298875809
0.05505922809243202
0.03872137889266014
0.016681155189871788
0.0334407314658165
0.04443278908729553
0.029700256884098053
0.01629895158112049
0.02037488855421543
0.02714681625366211

training history val loss
0.9270045161247253
2.29508638381958
5.330227375030518
7.318645000457764
6.458650588989258
4.9876203536987305
5.292487144470215
5.745051383972168
4.219671726226807
2.4786062240600586
1.8322869539260864
5.535253047943115
3.37040638923645
2.2020039558410645
2.6397972106933594
8.116803169250488
5.024249076843262
8.486173629760742
0.958230197429657
1.7836323976516724
1.9948554039001465
4.836679935455322
7.101656913757324
9.247488021850586
4.770405292510986
6.319998741149902
4.495025634765625
2.017508029937744
1.1189675331115723
6.067827224731445
4.144757270812988