test data loss : 0.8371663689613342
test data accyracy : 0.5

training history accuracy
0.5418750047683716
0.6454166769981384
0.7214583158493042
0.7450000047683716
0.7802083492279053
0.8031250238418579
0.8322916626930237
0.8600000143051147
0.8920833468437195
0.9275000095367432
0.949999988079071
0.9631249904632568
0.9800000190734863
0.9777083396911621
0.971875011920929
0.9800000190734863
0.9822916388511658
0.9793750047683716
0.9806249737739563
0.9862499833106995
0.9912499785423279
0.9885416626930237
0.9889583587646484
0.9862499833106995
0.9831249713897705
0.9918749928474426
0.9935416579246521
0.9939583539962769
0.9887499809265137
0.9889583587646484
0.9870833158493042

training history val accuracy
0.5083333253860474
0.5083333253860474
0.5083333253860474
0.5083333253860474
0.5083333253860474
0.5083333253860474
0.5083333253860474
0.5083333253860474
0.5083333253860474
0.4958333373069763
0.6441666483879089
0.6491666436195374
0.49166667461395264
0.4950000047683716
0.5083333253860474
0.5183333158493042
0.6808333396911621
0.4958333373069763
0.5174999833106995
0.5083333253860474
0.4975000023841858
0.6066666841506958
0.6633333563804626
0.5083333253860474
0.5083333253860474
0.49166667461395264
0.5083333253860474
0.5083333253860474
0.5083333253860474
0.5083333253860474
0.5083333253860474

training history loss
0.7406507134437561
0.6339467763900757
0.5593355298042297
0.5168347954750061
0.47206568717956543
0.43540456891059875
0.3778496980667114
0.323472797870636
0.25884225964546204
0.1871703416109085
0.12623372673988342
0.0927257388830185
0.05912764370441437
0.05809883773326874
0.08186503499746323
0.05777071788907051
0.0478350855410099
0.05511093884706497
0.05193348973989487
0.0386645644903183
0.025007063522934914
0.030269702896475792
0.03324635699391365
0.0359373576939106
0.04926787689328194
0.02509177289903164
0.017560811713337898
0.02078987844288349
0.034331224858760834
0.03213852643966675
0.032586827874183655

training history val loss
0.827996015548706
2.3542227745056152
4.327203273773193
5.592374801635742
6.970629692077637
10.548802375793457
10.557137489318848
6.790702819824219
9.123432159423828
3.815608263015747
1.5098557472229004
1.260047197341919
13.43378734588623
3.9900777339935303
8.084369659423828
4.421919822692871
0.8539578318595886
5.0344438552856445
3.49188232421875
8.241427421569824
5.064932346343994
1.9205894470214844
1.6183781623840332
11.743328094482422
11.98018741607666
6.910337924957275
8.540751457214355
6.8808746337890625
11.181062698364258
8.809468269348145
14.20496940612793