test data loss : 1.0420585870742798
test data accyracy : 0.6729999780654907

training history accuracy
0.5406249761581421
0.6225000023841858
0.6939583420753479
0.7352083325386047
0.7618749737739563
0.7879166603088379
0.8177083134651184
0.8472916483879089
0.893750011920929
0.9312499761581421
0.9439583420753479
0.9547916650772095
0.9693750143051147
0.9727083444595337
0.9731249809265137
0.9789583086967468
0.9858333468437195
0.9887499809265137
0.9831249713897705
0.9752083420753479
0.9854166507720947
0.9881250262260437
0.9893749952316284
0.9862499833106995
0.987291693687439
0.9900000095367432
0.9902083277702332
0.9847916960716248
0.9868749976158142
0.9895833134651184
0.9906250238418579
0.9925000071525574
0.9929166436195374
0.9927083253860474
0.9889583587646484
0.9850000143051147
0.9912499785423279
0.9887499809265137
0.9931250214576721
0.9952083230018616
0.996874988079071
0.9910416603088379
0.9885416626930237
0.9941666722297668
0.9947916865348816
0.9927083253860474
0.9947916865348816
0.9962499737739563

training history val accuracy
0.5083333253860474
0.5083333253860474
0.5083333253860474
0.5083333253860474
0.5083333253860474
0.5083333253860474
0.5083333253860474
0.5083333253860474
0.5083333253860474
0.5083333253860474
0.49166667461395264
0.5083333253860474
0.5083333253860474
0.5674999952316284
0.49166667461395264
0.6166666746139526
0.5799999833106995
0.6966666579246521
0.5083333253860474
0.5391666889190674
0.5083333253860474
0.6791666746139526
0.49166667461395264
0.5083333253860474
0.6708333492279053
0.5091666579246521
0.5233333110809326
0.49166667461395264
0.5074999928474426
0.5216666460037231
0.5325000286102295
0.6775000095367432
0.6066666841506958
0.5874999761581421
0.49166667461395264
0.5083333253860474
0.5941666960716248
0.5083333253860474
0.5233333110809326
0.5491666793823242
0.6508333086967468
0.5575000047683716
0.5083333253860474
0.5083333253860474
0.5083333253860474
0.5083333253860474
0.5091666579246521
0.550000011920929

training history loss
0.7561522126197815
0.6463719010353088
0.5876780152320862
0.5354081988334656
0.5033175945281982
0.44960078597068787
0.40377140045166016
0.3403606414794922
0.2651400864124298
0.17689396440982819
0.1395166516304016
0.11711705476045609
0.07774995267391205
0.07090414315462112
0.07053785026073456
0.05578983947634697
0.037836477160453796
0.03143255040049553
0.04985858127474785
0.0637262836098671
0.03933772072196007
0.03590620681643486
0.027815256267786026
0.036415014415979385
0.0363188199698925
0.026667242869734764
0.026991281658411026
0.04437526687979698
0.03535924106836319
0.028397347778081894
0.025027262046933174
0.018511079251766205
0.021727053448557854
0.021320398896932602
0.030662119388580322
0.038111742585897446
0.026770366355776787
0.027241801843047142
0.01644876040518284
0.012481021694839
0.009841532446444035
0.025035619735717773
0.031040847301483154
0.018878374248743057
0.01683943346142769
0.021413438022136688
0.01611274480819702
0.009681781753897667

training history val loss
1.0813285112380981
1.645471215248108
4.0632524490356445
5.11318302154541
5.1995463371276855
6.931849956512451
7.021940231323242
9.576888084411621
6.515135288238525
9.575274467468262
9.917428970336914
10.574524879455566
5.931456565856934
2.1831986904144287
7.5855584144592285
1.8676472902297974
2.7692341804504395
0.9658533930778503
7.585739612579346
3.5853846073150635
7.8487701416015625
1.523486852645874
11.814475059509277
14.047100067138672
1.6117383241653442
6.916478633880615
3.641033887863159
11.157938003540039
3.7477242946624756
6.079348087310791
4.418040752410889
1.687345027923584
2.7929153442382812
2.8997251987457275
15.076282501220703
11.086660385131836
3.241964817047119
13.834799766540527
4.3176116943359375
3.1565299034118652
1.7703646421432495
4.962375640869141
17.96161651611328
12.701507568359375
12.027114868164062
11.782930374145508
7.552481174468994
4.026391983032227