test data loss : 0.7577484846115112
test data accyracy : 0.6679999828338623

training history accuracy
0.5391666889190674
0.5977083444595337
0.6918749809265137
0.7350000143051147
0.7587500214576721
0.7825000286102295
0.809583306312561
0.8395833373069763
0.8972916603088379
0.9170833230018616
0.9481250047683716
0.9574999809265137
0.972083330154419
0.9762499928474426
0.9800000190734863
0.9772916436195374
0.9806249737739563
0.9820833206176758
0.9891666769981384
0.9862499833106995
0.9837499856948853
0.9825000166893005
0.987291693687439
0.9904166460037231
0.9916666746139526
0.9931250214576721
0.9904166460037231
0.9931250214576721
0.9858333468437195
0.9866666793823242
0.9847916960716248
0.9895833134651184
0.9914583563804626
0.9918749928474426
0.987291693687439
0.9920833110809326
0.9962499737739563
0.996874988079071
0.9918749928474426
0.9893749952316284
0.9902083277702332

training history val accuracy
0.5083333253860474
0.5083333253860474
0.5083333253860474
0.5083333253860474
0.5083333253860474
0.5083333253860474
0.5083333253860474
0.5083333253860474
0.5083333253860474
0.5099999904632568
0.7016666531562805
0.5083333253860474
0.5533333420753479
0.6733333468437195
0.4933333396911621
0.5316666960716248
0.5091666579246521
0.5083333253860474
0.5083333253860474
0.5083333253860474
0.6775000095367432
0.5116666555404663
0.5083333253860474
0.7024999856948853
0.6949999928474426
0.5091666579246521
0.5841666460037231
0.5083333253860474
0.5083333253860474
0.6116666793823242
0.5108333230018616
0.5083333253860474
0.6075000166893005
0.5008333325386047
0.5083333253860474
0.5083333253860474
0.5116666555404663
0.5099999904632568
0.5083333253860474
0.49166667461395264
0.5083333253860474

training history loss
0.7577340006828308
0.6599798202514648
0.5822854042053223
0.532288134098053
0.4948051869869232
0.46054330468177795
0.416998028755188
0.36282673478126526
0.2497144639492035
0.20932213962078094
0.1406347006559372
0.11324454098939896
0.07626726478338242
0.06669880449771881
0.05732269957661629
0.056483522057533264
0.05253177508711815
0.0475679412484169
0.031185802072286606
0.036275167018175125
0.04168140888214111
0.04828132688999176
0.037792034447193146
0.028076481074094772
0.022447755560278893
0.020943090319633484
0.028291737660765648
0.02060287818312645
0.04182044416666031
0.03468052297830582
0.03839019685983658
0.02977724000811577
0.019958261400461197
0.023552479222416878
0.03351231664419174
0.02230360172688961
0.010377973318099976
0.009622630663216114
0.022186577320098877
0.02872525155544281
0.029990559443831444

training history val loss
0.8292113542556763
1.5142817497253418
3.4485535621643066
3.6988143920898438
4.290531635284424
4.516057014465332
3.9947152137756348
1.6219441890716553
3.790325164794922
1.4697669744491577
0.6942827105522156
5.734732627868652
2.152034282684326
1.2898633480072021
3.467972755432129
2.5979511737823486
6.302811622619629
5.1277384757995605
5.505902290344238
5.435664176940918
0.8361492156982422
3.3579280376434326
6.544441223144531
0.809945821762085
1.0825841426849365
6.35181188583374
1.3075566291809082
6.470815658569336
8.320880889892578
2.167625665664673
3.770611047744751
4.059351921081543
1.356130838394165
3.494929552078247
6.517574787139893
11.568582534790039
5.892416954040527
5.324923992156982
7.718823432922363
10.604057312011719
6.357284069061279