test data loss : 1.0644205808639526
test data accyracy : 0.6579999923706055

training history accuracy
0.5379166603088379
0.6391666531562805
0.7222916483879089
0.7593749761581421
0.7866666913032532
0.8293750286102295
0.87520831823349
0.9114583134651184
0.9366666674613953
0.9504166841506958
0.9677083492279053
0.9837499856948853
0.9762499928474426
0.9706249833106995
0.9739583134651184
0.9804166555404663
0.9860416650772095
0.9914583563804626
0.981041669845581
0.98416668176651
0.9893749952316284
0.9829166531562805
0.984375
0.9885416626930237
0.9864583611488342
0.9889583587646484
0.9941666722297668
0.9956250190734863
0.9902083277702332
0.9916666746139526
0.9910416603088379
0.9881250262260437
0.9893749952316284
0.9829166531562805
0.9914583563804626
0.9945833086967468
0.9918749928474426
0.9904166460037231
0.9895833134651184
0.9925000071525574
0.9954166412353516
0.9950000047683716

training history val accuracy
0.5083333253860474
0.5083333253860474
0.5083333253860474
0.5083333253860474
0.5083333253860474
0.5083333253860474
0.5083333253860474
0.6175000071525574
0.5308333039283752
0.5083333253860474
0.5083333253860474
0.6775000095367432
0.5083333253860474
0.4925000071525574
0.4925000071525574
0.5008333325386047
0.6033333539962769
0.5083333253860474
0.49166667461395264
0.49166667461395264
0.5475000143051147
0.5866666436195374
0.5083333253860474
0.5308333039283752
0.5083333253860474
0.6291666626930237
0.6299999952316284
0.5616666674613953
0.512499988079071
0.5166666507720947
0.5975000262260437
0.4950000047683716
0.5083333253860474
0.49166667461395264
0.5083333253860474
0.49166667461395264
0.6650000214576721
0.5083333253860474
0.6474999785423279
0.49166667461395264
0.699999988079071
0.5091666579246521

training history loss
0.7763562798500061
0.6367231011390686
0.5518440008163452
0.49210646748542786
0.453003853559494
0.39318665862083435
0.2958768606185913
0.22025176882743835
0.16623136401176453
0.13120092451572418
0.09029866755008698
0.047510985285043716
0.06411140412092209
0.07678956538438797
0.07114949822425842
0.05398562178015709
0.03937934711575508
0.026139942929148674
0.04961198940873146
0.04081996530294418
0.03356565907597542
0.048076432198286057
0.04121433198451996
0.02951955422759056
0.037796225398778915
0.029936762526631355
0.018578287214040756
0.013717111200094223
0.026596952229738235
0.02324726991355419
0.03007165901362896
0.030664250254631042
0.027865909039974213
0.044850606471300125
0.022684389725327492
0.016270136460661888
0.02119830623269081
0.024160411208868027
0.028353996574878693
0.019524244591593742
0.014749652706086636
0.015105967409908772

training history val loss
1.1504592895507812
2.584146022796631
3.609119176864624
5.909074306488037
7.950546741485596
9.188605308532715
6.13657283782959
1.3669508695602417
4.003536701202393
14.192193984985352
6.575860023498535
1.0158908367156982
3.5058329105377197
4.898467540740967
9.421272277832031
4.844712257385254
1.933100938796997
8.261981964111328
16.709400177001953
18.2616024017334
3.006047010421753
2.2536849975585938
12.828825950622559
4.372787952423096
12.464303016662598
2.0487966537475586
2.3354134559631348
4.400022029876709
6.109761714935303
5.870699882507324
1.879279375076294
7.599137306213379
9.63306999206543
20.05784034729004
9.446745872497559
14.227202415466309
1.336379051208496
11.883350372314453
1.8762125968933105
20.117713928222656
1.4436700344085693
8.60457992553711