test data loss : 1.0649523735046387
test data accyracy : 0.6579999923706055

training history accuracy
0.5597916841506958
0.6239583492279053
0.7147916555404663
0.7445833086967468
0.7735416889190674
0.79666668176651
0.8231250047683716
0.8458333611488342
0.8883333206176758
0.9168750047683716
0.9466666579246521
0.9508333206176758
0.9691666960716248
0.9781249761581421
0.9820833206176758
0.9714583158493042
0.9737499952316284
0.981249988079071
0.98458331823349
0.9918749928474426
0.9870833158493042
0.9922916889190674
0.987500011920929
0.9793750047683716
0.9885416626930237
0.9947916865348816
0.9972916841506958
0.9975000023841858
0.9908333420753479
0.9762499928474426
0.9785416722297668
0.9922916889190674
0.9964583516120911
0.9983333349227905
0.997083306312561
0.9914583563804626
0.987708330154419
0.9895833134651184
0.9904166460037231
0.9939583539962769
0.9912499785423279
0.9935416579246521
0.9941666722297668
0.9937499761581421
0.9887499809265137
0.987500011920929
0.9897916913032532

training history val accuracy
0.5083333253860474
0.5083333253860474
0.5083333253860474
0.5083333253860474
0.5083333253860474
0.5083333253860474
0.5083333253860474
0.5083333253860474
0.49166667461395264
0.4933333396911621
0.6066666841506958
0.5083333253860474
0.5083333253860474
0.5083333253860474
0.6483333110809326
0.49166667461395264
0.6916666626930237
0.512499988079071
0.49416667222976685
0.5791666507720947
0.6316666603088379
0.49166667461395264
0.5174999833106995
0.5083333253860474
0.7116666436195374
0.5083333253860474
0.49166667461395264
0.6274999976158142
0.5083333253860474
0.5083333253860474
0.5083333253860474
0.6274999976158142
0.6175000071525574
0.6008333563804626
0.6983333230018616
0.5566666722297668
0.5224999785423279
0.6383333206176758
0.5475000143051147
0.49166667461395264
0.49166667461395264
0.621666669845581
0.5083333253860474
0.5083333253860474
0.49916666746139526
0.5450000166893005
0.5083333253860474

training history loss
0.754865288734436
0.6457148790359497
0.5644017457962036
0.5152137875556946
0.4832804501056671
0.4370567202568054
0.39597225189208984
0.35414066910743713
0.2727802097797394
0.20666003227233887
0.13694487512111664
0.12467137724161148
0.08097425848245621
0.059651006013154984
0.05196730047464371
0.07518098503351212
0.06880919635295868
0.0472966693341732
0.042028628289699554
0.02708921767771244
0.03281277418136597
0.022321857511997223
0.032400742173194885
0.05647452175617218
0.03475406393408775
0.014967324212193489
0.011128859594464302
0.008740113116800785
0.024776043370366096
0.06813134253025055
0.05851517990231514
0.025064002722501755
0.011890881694853306
0.005901113152503967
0.010310214012861252
0.02505652979016304
0.031639695167541504
0.029562171548604965
0.025666451081633568
0.018062835559248924
0.025807205587625504
0.018090490251779556
0.01766301319003105
0.017737211659550667
0.029768873006105423
0.028371524065732956
0.028244469314813614

training history val loss
1.0279946327209473
2.070880651473999
6.024759769439697
5.639841079711914
6.336361408233643
6.554755210876465
8.069268226623535
7.903723239898682
4.257403373718262
3.5169920921325684
1.094940185546875
6.813877582550049
13.305401802062988
6.9353556632995605
1.101335883140564
24.48007583618164
0.9550639986991882
4.623326301574707
4.688775539398193
2.3091909885406494
1.542054295539856
8.988753318786621
4.339280128479004
9.263429641723633
1.1815707683563232
6.948001384735107
12.884857177734375
1.7389405965805054
9.258047103881836
9.145784378051758
10.023947715759277
1.558691143989563
2.078068733215332
2.733583688735962
1.2997995615005493
4.011714458465576
3.0778040885925293
2.0815367698669434
4.542315483093262
24.678760528564453
10.614274024963379
1.8853570222854614
12.653534889221191
6.956667423248291
7.276366233825684
4.049605846405029
20.728975296020508