test data loss : 0.7236576676368713
test data accyracy : 0.5

training history accuracy
0.5443750023841858
0.60916668176651
0.7097916603088379
0.7491666674613953
0.7637500166893005
0.7927083373069763
0.8052083253860474
0.8429166674613953
0.8818749785423279
0.9164583086967468
0.9275000095367432
0.9670833349227905
0.9691666960716248
0.9568750262260437
0.9800000190734863
0.981041669845581
0.9829166531562805
0.9856250286102295
0.9833333492279053
0.9833333492279053
0.9768750071525574
0.9760416746139526
0.98416668176651
0.9839583039283752
0.9941666722297668
0.9920833110809326
0.9881250262260437
0.9864583611488342
0.9835416674613953
0.9862499833106995
0.9918749928474426

training history val accuracy
0.5083333253860474
0.5083333253860474
0.5083333253860474
0.5083333253860474
0.5083333253860474
0.5083333253860474
0.5083333253860474
0.5083333253860474
0.4925000071525574
0.5083333253860474
0.534166693687439
0.49166667461395264
0.4925000071525574
0.5083333253860474
0.512499988079071
0.49166667461395264
0.5108333230018616
0.5274999737739563
0.5083333253860474
0.6083333492279053
0.5083333253860474
0.5083333253860474
0.49166667461395264
0.684166669845581
0.6141666769981384
0.653333306312561
0.49166667461395264
0.5083333253860474
0.6875
0.5133333206176758
0.5083333253860474

training history loss
0.770533561706543
0.6576371788978577
0.5708377361297607
0.5184822082519531
0.4904213547706604
0.4482356905937195
0.4143870770931244
0.3609754741191864
0.28446146845817566
0.2092629224061966
0.18355236947536469
0.08709065616130829
0.08915993571281433
0.10898607969284058
0.059772592037916183
0.05071333050727844
0.04869134724140167
0.04433818161487579
0.048361118882894516
0.044168658554553986
0.06005755066871643
0.055814508348703384
0.0420084111392498
0.03926482051610947
0.017446313053369522
0.02145044319331646
0.03359690308570862
0.03464692085981369
0.04569685459136963
0.03840348869562149
0.020923087373375893

training history val loss
0.7194839715957642
2.787043809890747
6.256072521209717
8.080565452575684
6.720210552215576
8.391563415527344
8.437776565551758
8.937527656555176
2.9580161571502686
6.5531134605407715
2.359055519104004
3.2619662284851074
4.503389835357666
9.628777503967285
4.75507116317749
8.963765144348145
4.431209087371826
4.264705657958984
10.151677131652832
1.669217586517334
5.177393913269043
7.499904155731201
9.11810302734375
1.235512375831604
1.4317706823349
1.477948784828186
10.288837432861328
11.210580825805664
1.2402300834655762
4.917987823486328
6.358745574951172