test data loss : 0.8910447955131531
test data accyracy : 0.7080000042915344

training history accuracy
0.5389583110809326
0.6358333230018616
0.7202083468437195
0.7512500286102295
0.7758333086967468
0.8187500238418579
0.84375
0.890625
0.9245833158493042
0.950208306312561
0.9725000262260437
0.9706249833106995
0.9754166603088379
0.9739583134651184
0.9816666841506958
0.987708330154419
0.9802083373069763
0.9822916388511658
0.9818750023841858
0.9908333420753479
0.9931250214576721
0.9850000143051147
0.9822916388511658
0.9897916913032532
0.9954166412353516
0.9954166412353516
0.9952083230018616
0.9825000166893005
0.9870833158493042
0.9904166460037231
0.9922916889190674
0.9958333373069763
0.9987499713897705
0.9979166388511658
0.9920833110809326
0.9793750047683716
0.9850000143051147
0.9925000071525574
0.9985416531562805
0.9975000023841858
0.9985416531562805

training history val accuracy
0.5083333253860474
0.5083333253860474
0.5083333253860474
0.5083333253860474
0.5083333253860474
0.5083333253860474
0.5083333253860474
0.5083333253860474
0.5083333253860474
0.5083333253860474
0.7266666889190674
0.7099999785423279
0.5216666460037231
0.6308333277702332
0.5091666579246521
0.4925000071525574
0.51583331823349
0.5083333253860474
0.6666666865348816
0.6858333349227905
0.5091666579246521
0.49166667461395264
0.5083333253860474
0.5099999904632568
0.5733333230018616
0.5116666555404663
0.5083333253860474
0.49166667461395264
0.5083333253860474
0.5083333253860474
0.6691666841506958
0.5083333253860474
0.5024999976158142
0.5083333253860474
0.5099999904632568
0.5083333253860474
0.5266666412353516
0.51583331823349
0.5083333253860474
0.5833333134651184
0.6641666889190674

training history loss
0.7538650035858154
0.6343302130699158
0.5515514612197876
0.5082916021347046
0.46356523036956787
0.4029114842414856
0.35099396109580994
0.26308974623680115
0.1845140904188156
0.1250704824924469
0.0754954069852829
0.07974875718355179
0.06743241846561432
0.06332915276288986
0.05130840465426445
0.03563448786735535
0.04946530982851982
0.054143428802490234
0.048983439803123474
0.030149176716804504
0.019936198368668556
0.03838542476296425
0.047314103692770004
0.030755214393138885
0.016135113313794136
0.01648162119090557
0.013686025515198708
0.052938319742679596
0.037028174847364426
0.027292894199490547
0.02272745780646801
0.011740556918084621
0.005763223394751549
0.006559037137776613
0.025097841396927834
0.05519998073577881
0.04405636340379715
0.020831769332289696
0.007014153059571981
0.008304690942168236
0.006944853346794844

training history val loss
0.8309096097946167
1.7788478136062622
4.4225311279296875
6.464900493621826
5.431215763092041
6.53554105758667
9.456317901611328
8.711967468261719
7.130370140075684
11.643071174621582
0.7800866961479187
0.9609803557395935
4.482118129730225
1.6171345710754395
4.936076641082764
6.099890232086182
5.006121635437012
5.596417427062988
0.9298197627067566
1.154954433441162
2.9719321727752686
6.658255577087402
15.86214542388916
4.035740375518799
3.504916191101074
5.342806816101074
6.66106653213501
8.99079704284668
7.068427085876465
8.851409912109375
1.88530433177948
3.644240379333496
4.981639385223389
8.017306327819824
4.881157875061035
14.685222625732422
5.1273512840271
5.789466381072998
11.866724967956543
2.434180736541748
1.638615369796753