test data loss : 0.8547465205192566
test data accyracy : 0.5

training history accuracy
0.5270833373069763
0.6056249737739563
0.6991666555404663
0.7347916960716248
0.7670833468437195
0.7787500023841858
0.8006250262260437
0.8372916579246521
0.8839583396911621
0.9087499976158142
0.9391666650772095
0.9481250047683716
0.9693750143051147
0.9708333611488342
0.9725000262260437
0.9785416722297668
0.9777083396911621
0.9910416603088379
0.987291693687439
0.9831249713897705
0.9785416722297668
0.9800000190734863
0.9900000095367432
0.9947916865348816
0.9952083230018616
0.9850000143051147
0.9816666841506958
0.9768750071525574
0.9881250262260437
0.9950000047683716
0.9958333373069763

training history val accuracy
0.5083333253860474
0.5083333253860474
0.5083333253860474
0.5083333253860474
0.5083333253860474
0.5083333253860474
0.5083333253860474
0.49166667461395264
0.49166667461395264
0.5083333253860474
0.528333306312561
0.5083333253860474
0.49166667461395264
0.5083333253860474
0.5491666793823242
0.6958333253860474
0.49166667461395264
0.550000011920929
0.49916666746139526
0.49166667461395264
0.5208333134651184
0.5083333253860474
0.49166667461395264
0.596666693687439
0.5083333253860474
0.528333306312561
0.5083333253860474
0.6449999809265137
0.5108333230018616
0.6333333253860474
0.5208333134651184

training history loss
0.7935453057289124
0.6602576971054077
0.5780234336853027
0.527117908000946
0.4834268093109131
0.46791890263557434
0.4286680221557617
0.36308616399765015
0.2777811288833618
0.22361139953136444
0.15946507453918457
0.13040369749069214
0.08525466918945312
0.07947719097137451
0.06350632756948471
0.05828126147389412
0.059716224670410156
0.029319165274500847
0.03671630844473839
0.04222171753644943
0.056566670536994934
0.06195695698261261
0.030388062819838524
0.018034802749753
0.013750335201621056
0.03909822180867195
0.048620376735925674
0.05581115186214447
0.03222087398171425
0.015194791369140148
0.010819578543305397

training history val loss
0.8450097441673279
1.2495779991149902
3.743621349334717
6.924681663513184
9.047149658203125
8.420455932617188
9.209683418273926
2.6252663135528564
22.460111618041992
9.828892707824707
5.41864538192749
10.329911231994629
7.098820686340332
10.80916976928711
2.542926549911499
0.9297187328338623
14.590009689331055
2.993955373764038
4.027767658233643
10.595527648925781
4.93820333480835
13.423903465270996
6.132991313934326
2.2863738536834717
7.311397075653076
5.044829845428467
7.0503668785095215
1.4892033338546753
6.048608303070068
1.7415268421173096
3.690373420715332