test data loss : 0.6992433071136475
test data accyracy : 0.5

training history accuracy
0.5389583110809326
0.6116666793823242
0.7008333206176758
0.7450000047683716
0.7722916603088379
0.8014583587646484
0.8320833444595337
0.8691666722297668
0.8995833396911621
0.9212499856948853
0.9522916674613953
0.9681249856948853
0.965416669845581
0.9652083516120911
0.9702083468437195
0.9804166555404663
0.9866666793823242
0.9937499761581421
0.9927083253860474
0.9772916436195374
0.9725000262260437
0.9902083277702332
0.9916666746139526
0.9862499833106995
0.987291693687439
0.987291693687439
0.9906250238418579
0.9935416579246521
0.9947916865348816
0.9925000071525574
0.9927083253860474

training history val accuracy
0.5083333253860474
0.5083333253860474
0.5083333253860474
0.5083333253860474
0.5083333253860474
0.5083333253860474
0.5083333253860474
0.4841666519641876
0.5083333253860474
0.5083333253860474
0.5116666555404663
0.49166667461395264
0.5391666889190674
0.5049999952316284
0.49166667461395264
0.49000000953674316
0.49166667461395264
0.49166667461395264
0.5083333253860474
0.6133333444595337
0.5550000071525574
0.5083333253860474
0.49166667461395264
0.5083333253860474
0.6641666889190674
0.7108333110809326
0.49166667461395264
0.5083333253860474
0.5108333230018616
0.6974999904632568
0.5083333253860474

training history loss
0.7445486187934875
0.6611535549163818
0.5791138410568237
0.5186688303947449
0.4782329201698303
0.4345289468765259
0.3804769217967987
0.3049471974372864
0.2442074567079544
0.1974785029888153
0.12007909268140793
0.08950626105070114
0.0997418612241745
0.08183735609054565
0.07794421166181564
0.05165138840675354
0.035162173211574554
0.024824734777212143
0.021465294063091278
0.056809648871421814
0.08080212771892548
0.030329659581184387
0.024436237290501595
0.03494923189282417
0.03351397439837456
0.03622405230998993
0.026450088247656822
0.01942211389541626
0.018125010654330254
0.021090015769004822
0.023004060611128807

training history val loss
0.6973168253898621
1.540531039237976
3.9550936222076416
5.627396106719971
5.069267749786377
8.109366416931152
8.593990325927734
3.598203182220459
11.95657730102539
7.668853282928467
3.506547451019287
14.22014331817627
2.7977845668792725
3.3269643783569336
14.1714448928833
9.01163387298584
8.947678565979004
10.870643615722656
8.742816925048828
1.4430691003799438
2.648226261138916
8.310711860656738
20.466548919677734
12.02795696258545
1.4268686771392822
1.1135860681533813
12.113869667053223
9.158838272094727
5.7932610511779785
1.630829930305481
11.523138999938965