training history accuracy
0.5535416603088379
0.7197916507720947
0.8066666722297668
0.8295833468437195
0.8345833420753479
0.846666693687439
0.8539583086967468
0.8500000238418579
0.872083306312561
0.8706250190734863
0.8829166889190674
0.8879166841506958
0.8933333158493042
0.8991666436195374
0.9116666913032532
0.9235416650772095
0.9254166483879089
0.9364583492279053
0.9460416436195374
0.9441666603088379
0.956458330154419
0.9604166746139526
0.9572916626930237
0.9614583253860474
0.965833306312561
0.9677083492279053
0.9629166722297668
0.9747916460037231
0.9731249809265137
0.9772916436195374
0.9808333516120911
0.965833306312561
0.9768750071525574
0.9785416722297668
0.9818750023841858
0.9820833206176758
0.9754166603088379
0.9806249737739563
0.9827083349227905
0.9852083325386047
0.9839583039283752
0.9806249737739563
0.9806249737739563
0.98458331823349
0.9881250262260437
0.9879166483879089
0.9864583611488342
0.9825000166893005
0.987708330154419
0.9927083253860474
0.9887499809265137
0.987291693687439
0.9891666769981384
0.9904166460037231
0.987291693687439
0.987500011920929
0.9914583563804626
0.9891666769981384
0.9920833110809326
0.9922916889190674
0.987500011920929
0.9895833134651184
0.9885416626930237
0.9893749952316284

training history val accuracy
0.49166667461395264
0.5091666579246521
0.675000011920929
0.49166667461395264
0.5083333253860474
0.5083333253860474
0.49166667461395264
0.590833306312561
0.559166669845581
0.5691666603088379
0.5099999904632568
0.7833333611488342
0.7483333349227905
0.7350000143051147
0.6266666650772095
0.5249999761581421
0.5083333253860474
0.6150000095367432
0.762499988079071
0.76583331823349
0.7583333253860474
0.8066666722297668
0.8016666769981384
0.5391666889190674
0.675000011920929
0.5333333611488342
0.8766666650772095
0.7541666626930237
0.6741666793823242
0.5383333563804626
0.7141666412353516
0.4958333373069763
0.8541666865348816
0.8758333325386047
0.5216666460037231
0.5583333373069763
0.6308333277702332
0.5608333349227905
0.7325000166893005
0.8958333134651184
0.5166666507720947
0.5308333039283752
0.809166669845581
0.5558333396911621
0.8616666793823242
0.8883333206176758
0.8558333516120911
0.7149999737739563
0.5099999904632568
0.8550000190734863
0.5325000286102295
0.5141666531562805
0.5249999761581421
0.8166666626930237
0.5391666889190674
0.8174999952316284
0.7674999833106995
0.8899999856948853
0.8525000214576721
0.8133333325386047
0.778333306312561
0.5266666412353516
0.8733333349227905
0.8883333206176758

training history loss
0.7258236408233643
0.5425704121589661
0.4381210207939148
0.40196511149406433
0.381540447473526
0.3741030991077423
0.3449513614177704
0.3520244359970093
0.3200812339782715
0.30902665853500366
0.2884487807750702
0.2817746698856354
0.26813647150993347
0.2540590167045593
0.2272712141275406
0.200969398021698
0.19945235550403595
0.17359977960586548
0.14711809158325195
0.15729650855064392
0.12246931344270706
0.11632223427295685
0.12368906289339066
0.11564119905233383
0.09891126304864883
0.09719788283109665
0.10554080456495285
0.07792074233293533
0.08413033932447433
0.06931809335947037
0.05881713703274727
0.10087840259075165
0.07790882140398026
0.07064979523420334
0.060965653508901596
0.06044606491923332
0.07242858409881592
0.05658206343650818
0.0541466660797596
0.049242645502090454
0.051424697041511536
0.061355628073215485
0.05848434567451477
0.05770675092935562
0.040368009358644485
0.03590463474392891
0.04638037830591202
0.06389527022838593
0.037762124091386795
0.02551151067018509
0.03711748495697975
0.041891660541296005
0.03826010972261429
0.035104140639305115
0.04015825316309929
0.04217621311545372
0.026132041588425636
0.03835595026612282
0.026855316013097763
0.029391905292868614
0.04050486907362938
0.03221842274069786
0.035860709846019745
0.03532857075333595

training history val loss
3.787642002105713
2.9321115016937256
0.6232556104660034
9.436853408813477
5.748070240020752
6.753119945526123
10.701204299926758
1.0004993677139282
1.6964884996414185
0.7744395732879639
7.177765369415283
0.564215362071991
0.6997483372688293
0.5381207466125488
0.6819708943367004
2.7437965869903564
7.283544063568115
1.1573864221572876
0.7877667546272278
0.5024449229240417
0.9893021583557129
0.5315040349960327
0.7581862807273865
4.3819355964660645
0.6680616736412048
5.047095775604248
0.3417442739009857
0.8616986870765686
1.38509202003479
2.4684576988220215
1.0834788084030151
6.180575847625732
0.3388798236846924
0.29819029569625854
2.4133195877075195
3.1904373168945312
2.6563034057617188
1.962424874305725
1.3380454778671265
0.3377769887447357
3.2854363918304443
9.038689613342285
0.6972803473472595
1.8836458921432495
0.45285364985466003
0.43835631012916565
0.33157458901405334
1.1940566301345825
5.923047065734863
0.642910897731781
1.4768335819244385
2.4177463054656982
4.636034965515137
0.49659809470176697
3.678255558013916
0.5061442852020264
0.8421831130981445
0.3505571186542511
0.4873865246772766
0.790044903755188
0.5436246991157532
4.765034198760986
0.6132639646530151
0.3927212059497833