test data loss : 0.6931471824645996
test data accyracy : 0.5

training history accuracy
0.4962500035762787
0.49666666984558105
0.48374998569488525
0.492083340883255
0.5020833611488342
0.4933333396911621
0.5020833611488342
0.5020833611488342
0.4908333420753479
0.49000000953674316
0.5020833611488342
0.5020833611488342
0.5020833611488342
0.5020833611488342
0.5020833611488342
0.5020833611488342
0.4816666543483734
0.5020833611488342
0.5020833611488342
0.4933333396911621
0.49791666865348816
0.5020833611488342
0.5020833611488342
0.5020833611488342
0.5020833611488342
0.492083340883255
0.4975000023841858
0.5020833611488342
0.5020833611488342
0.5020833611488342
0.5020833611488342
0.4958333373069763

training history val accuracy
0.49166667461395264
0.5083333253860474
0.49166667461395264
0.49166667461395264
0.49166667461395264
0.49166667461395264
0.49166667461395264
0.49166667461395264
0.49166667461395264
0.49166667461395264
0.49166667461395264
0.49166667461395264
0.49166667461395264
0.49166667461395264
0.49166667461395264
0.49166667461395264
0.49166667461395264
0.49166667461395264
0.49166667461395264
0.49166667461395264
0.49166667461395264
0.49166667461395264
0.49166667461395264
0.49166667461395264
0.49166667461395264
0.49166667461395264
0.49166667461395264
0.49166667461395264
0.49166667461395264
0.49166667461395264
0.49166667461395264
0.49166667461395264

training history loss
0.6947247385978699
0.693163275718689
0.693180501461029
0.6931764483451843
0.6931856870651245
0.6931856274604797
0.6931768655776978
0.6931726932525635
0.6931955218315125
0.6931709051132202
0.6931698322296143
0.6932013034820557
0.6931830048561096
0.6931588649749756
0.6931727528572083
0.6931739449501038
0.6931795477867126
0.6931970119476318
0.6931813359260559
0.6931675672531128
0.693183422088623
0.6932117938995361
0.6931924223899841
0.6931851506233215
0.6931889057159424
0.6931908130645752
0.6931735277175903
0.6931761503219604
0.6931651830673218
0.6931877732276917
0.6932047605514526
0.6931646466255188

training history val loss
0.6932740807533264
0.693146824836731
0.6931999921798706
0.693211555480957
0.6931989789009094
0.6932052373886108
0.6932265162467957
0.6932492256164551
0.69318026304245
0.6932358145713806
0.6932097673416138
0.6932830810546875
0.6932855844497681
0.6932480931282043
0.6932157874107361
0.6931936740875244
0.6931920051574707
0.6932633519172668
0.693239688873291
0.6931993961334229
0.6932118535041809
0.6932321190834045
0.6931856870651245
0.6932355761528015
0.6932383179664612
0.6931692361831665
0.693229079246521
0.6932804584503174
0.6932202577590942
0.693202555179596
0.6932617425918579
0.6931840777397156