test data loss : 0.6931480169296265
test data accyracy : 0.5

training history accuracy
0.49791666865348816
0.4950000047683716
0.5020833611488342
0.49125000834465027
0.5020833611488342
0.492083340883255
0.5020833611488342
0.5020833611488342
0.5020833611488342
0.4962500035762787
0.5020833611488342
0.5020833611488342
0.5020833611488342
0.5020833611488342
0.5020833611488342
0.5020833611488342
0.5020833611488342
0.5020833611488342
0.5020833611488342
0.4833333194255829
0.5020833611488342
0.5020833611488342
0.49125000834465027
0.49166667461395264
0.5020833611488342
0.5020833611488342
0.5020833611488342
0.4950000047683716
0.5020833611488342
0.5020833611488342
0.5020833611488342

training history val accuracy
0.5083333253860474
0.49166667461395264
0.49166667461395264
0.49166667461395264
0.49166667461395264
0.49166667461395264
0.49166667461395264
0.49166667461395264
0.49166667461395264
0.49166667461395264
0.49166667461395264
0.49166667461395264
0.49166667461395264
0.49166667461395264
0.49166667461395264
0.49166667461395264
0.49166667461395264
0.49166667461395264
0.49166667461395264
0.49166667461395264
0.49166667461395264
0.49166667461395264
0.49166667461395264
0.49166667461395264
0.49166667461395264
0.49166667461395264
0.49166667461395264
0.49166667461395264
0.49166667461395264
0.49166667461395264
0.49166667461395264

training history loss
0.6936281323432922
0.6931797862052917
0.6931722164154053
0.6931987404823303
0.6931580901145935
0.6932454705238342
0.6931695342063904
0.6931825280189514
0.6931843757629395
0.6931887865066528
0.6931720972061157
0.6931633353233337
0.6931991577148438
0.6931614279747009
0.6931663751602173
0.693234384059906
0.6931912899017334
0.6931864619255066
0.6931972503662109
0.6932891607284546
0.6931558847427368
0.6931896805763245
0.6931813359260559
0.6931925415992737
0.6931921243667603
0.6931841969490051
0.6931973695755005
0.6931931972503662
0.6931841969490051
0.693213939666748
0.6931855082511902

training history val loss
0.6931268572807312
0.6931724548339844
0.6931888461112976
0.6931946873664856
0.6932392120361328
0.6932180523872375
0.6932304501533508
0.6932700872421265
0.6932500600814819
0.6932451128959656
0.6932454109191895
0.6932249069213867
0.6931864619255066
0.693219006061554
0.6932206153869629
0.6932700872421265
0.6931936144828796
0.693189263343811
0.6932191252708435
0.6932183504104614
0.6932045817375183
0.6932570338249207
0.6931583881378174
0.6932140588760376
0.6932201981544495
0.6932758688926697
0.6932462453842163
0.6931819915771484
0.6932588219642639
0.693289577960968
0.6932746171951294