test data loss : 0.6931472420692444
test data accyracy : 0.5

training history accuracy
0.4970833361148834
0.5020833611488342
0.5020833611488342
0.5020833611488342
0.5020833611488342
0.5020833611488342
0.4933333396911621
0.5020833611488342
0.4933333396911621
0.5020833611488342
0.5020833611488342
0.49166667461395264
0.5020833611488342
0.5020833611488342
0.5020833611488342
0.5020833611488342
0.5020833611488342
0.5020833611488342
0.49416667222976685
0.5020833611488342
0.49791666865348816
0.5020833611488342
0.5020833611488342
0.49416667222976685
0.4883333444595337
0.5020833611488342
0.5020833611488342
0.5020833611488342
0.5020833611488342
0.5020833611488342
0.5020833611488342
0.4937500059604645
0.5020833611488342
0.5020833611488342
0.5020833611488342
0.5020833611488342
0.4858333468437195
0.5020833611488342

training history val accuracy
0.49166667461395264
0.49166667461395264
0.49166667461395264
0.49166667461395264
0.49166667461395264
0.49166667461395264
0.49166667461395264
0.49166667461395264
0.49166667461395264
0.49166667461395264
0.49166667461395264
0.49166667461395264
0.49166667461395264
0.49166667461395264
0.49166667461395264
0.49166667461395264
0.49166667461395264
0.49166667461395264
0.49166667461395264
0.49166667461395264
0.49166667461395264
0.49166667461395264
0.49166667461395264
0.49166667461395264
0.49166667461395264
0.49166667461395264
0.49166667461395264
0.49166667461395264
0.49166667461395264
0.49166667461395264
0.49166667461395264
0.49166667461395264
0.49166667461395264
0.49166667461395264
0.49166667461395264
0.49166667461395264
0.49166667461395264
0.49166667461395264

training history loss
0.7046153545379639
0.6932690143585205
0.6932154893875122
0.6931684613227844
0.693177342414856
0.6931626796722412
0.6932923793792725
0.6932594776153564
0.6932165622711182
0.6931970119476318
0.6932047605514526
0.6932744979858398
0.6931962370872498
0.6932113170623779
0.6931909918785095
0.6932406425476074
0.693149983882904
0.6931590437889099
0.6931809782981873
0.6931655406951904
0.693195641040802
0.6931811571121216
0.6931645274162292
0.6931962370872498
0.6932187676429749
0.6931730508804321
0.693164587020874
0.6931829452514648
0.6931663751602173
0.6931747198104858
0.6931735873222351
0.6932204961776733
0.6931776404380798
0.6931781768798828
0.6931667923927307
0.6932074427604675
0.6932559609413147
0.6931698322296143

training history val loss
0.693256139755249
0.693310558795929
0.6932992339134216
0.6932540535926819
0.6932443380355835
0.6932333111763
0.6931858062744141
0.6931490302085876
0.6932658553123474
0.6932135224342346
0.6932080984115601
0.6933071613311768
0.6932092308998108
0.6933566927909851
0.6931952238082886
0.6932973861694336
0.6932183504104614
0.6932346224784851
0.6932618618011475
0.6932273507118225
0.6932435035705566
0.6932135224342346
0.6932225227355957
0.6932278275489807
0.6932846307754517
0.6933221220970154
0.693256139755249
0.6932085156440735
0.6932057738304138
0.6932443976402283
0.6932805180549622
0.6932974457740784
0.693272590637207
0.6931792497634888
0.6932569146156311
0.6932677626609802
0.6932440996170044
0.693234384059906