test data loss : 0.693147599697113
test data accyracy : 0.5

training history accuracy
0.4945833384990692
0.5020833611488342
0.4910416603088379
0.49125000834465027
0.5020833611488342
0.49416667222976685
0.5020833611488342
0.5020833611488342
0.5020833611488342
0.5020833611488342
0.5020833611488342
0.5020833611488342
0.5020833611488342
0.5020833611488342
0.4866666793823242
0.5020833611488342
0.5020833611488342
0.49791666865348816
0.5020833611488342
0.5020833611488342
0.5020833611488342
0.5020833611488342
0.5020833611488342
0.5020833611488342
0.5020833611488342
0.5020833611488342
0.4933333396911621
0.5020833611488342
0.5020833611488342
0.5020833611488342
0.5020833611488342
0.5020833611488342
0.5020833611488342

training history val accuracy
0.49166667461395264
0.3733333349227905
0.49166667461395264
0.49166667461395264
0.49166667461395264
0.49166667461395264
0.49166667461395264
0.49166667461395264
0.49166667461395264
0.49166667461395264
0.49166667461395264
0.49166667461395264
0.49166667461395264
0.49166667461395264
0.49166667461395264
0.49166667461395264
0.49166667461395264
0.49166667461395264
0.49166667461395264
0.49166667461395264
0.49166667461395264
0.49166667461395264
0.49166667461395264
0.49166667461395264
0.49166667461395264
0.49166667461395264
0.49166667461395264
0.49166667461395264
0.49166667461395264
0.49166667461395264
0.49166667461395264
0.49166667461395264
0.49166667461395264

training history loss
0.7165810465812683
0.6933491230010986
0.6932324171066284
0.6931678056716919
0.6931638717651367
0.6931781768798828
0.6931670308113098
0.6931824684143066
0.6931871771812439
0.6931953430175781
0.6931646466255188
0.6931754946708679
0.6931648850440979
0.693163275718689
0.6932194232940674
0.6931646466255188
0.6932061910629272
0.6931779384613037
0.6931781768798828
0.6932066679000854
0.6931676864624023
0.6931644678115845
0.6931608319282532
0.6931704878807068
0.693172812461853
0.6932211518287659
0.6931791305541992
0.6931677460670471
0.6931641101837158
0.6931626796722412
0.693190336227417
0.6931654214859009
0.6932103633880615

training history val loss
0.6932576894760132
0.6931711435317993
0.6931635141372681
0.6931819915771484
0.6932361125946045
0.6932024359703064
0.693210780620575
0.6932475566864014
0.6931823492050171
0.6932366490364075
0.6932184100151062
0.6932194828987122
0.6932469606399536
0.6932052373886108
0.693284273147583
0.6932662129402161
0.6932387351989746
0.6931717991828918
0.6932564377784729
0.6932151913642883
0.6932170987129211
0.6932744383811951
0.6932455897331238
0.6931939721107483
0.693244457244873
0.6931737065315247
0.6932335495948792
0.6931934952735901
0.6932489275932312
0.6932196021080017
0.6932346820831299
0.6932129859924316
0.6932142376899719