test data loss : 0.6931102871894836
test data accyracy : 0.5

training history accuracy
0.4845833480358124
0.49416667222976685
0.484375
0.49916666746139526
0.4947916567325592
0.5020833611488342
0.49791666865348816
0.49666666984558105
0.5020833611488342
0.5020833611488342
0.5020833611488342
0.5020833611488342
0.49291667342185974
0.4925000071525574
0.5020833611488342
0.5020833611488342
0.5020833611488342
0.5020833611488342
0.5020833611488342
0.5020833611488342
0.5020833611488342
0.5020833611488342
0.5020833611488342
0.5020833611488342
0.5020833611488342
0.5020833611488342
0.5020833611488342
0.49541667103767395
0.5020833611488342
0.49416667222976685
0.49541667103767395
0.5020833611488342

training history val accuracy
0.49166667461395264
0.5083333253860474
0.5099999904632568
0.49166667461395264
0.49166667461395264
0.5083333253860474
0.5083333253860474
0.49166667461395264
0.49166667461395264
0.49166667461395264
0.49166667461395264
0.49166667461395264
0.49166667461395264
0.49166667461395264
0.49166667461395264
0.49166667461395264
0.49166667461395264
0.49166667461395264
0.49166667461395264
0.49166667461395264
0.49166667461395264
0.49166667461395264
0.49166667461395264
0.49166667461395264
0.49166667461395264
0.49166667461395264
0.49166667461395264
0.49166667461395264
0.49166667461395264
0.49166667461395264
0.49166667461395264
0.49166667461395264

training history loss
0.7021103501319885
0.6932107210159302
0.6933585405349731
0.6931918859481812
0.6931655406951904
0.6931629776954651
0.6932117342948914
0.6931850910186768
0.6931778192520142
0.6931790709495544
0.6931934952735901
0.693195641040802
0.6931778192520142
0.693179726600647
0.6931615471839905
0.6931707262992859
0.6931803226470947
0.6931770443916321
0.6931977868080139
0.6931723356246948
0.6931644082069397
0.6931904554367065
0.693181037902832
0.6932064294815063
0.6931769251823425
0.6931660771369934
0.6931691765785217
0.6932032108306885
0.6931668519973755
0.6932104229927063
0.6931897401809692
0.6931753754615784

training history val loss
0.6931903958320618
0.693070113658905
0.6931242346763611
0.6931487917900085
0.6933336853981018
0.693134605884552
0.693123996257782
0.6931976079940796
0.6931713223457336
0.6931955814361572
0.693168580532074
0.693182647228241
0.6932546496391296
0.6931944489479065
0.6932520866394043
0.6932303309440613
0.6932321190834045
0.6931946277618408
0.693234384059906
0.693245530128479
0.6932634711265564
0.6932377219200134
0.6932674050331116
0.6932000517845154
0.693230926990509
0.6932176947593689
0.6932471990585327
0.6932381391525269
0.6932381987571716
0.6932744979858398
0.6932825446128845
0.6932852268218994