test data loss : 0.6931473016738892
test data accyracy : 0.5

training history accuracy
0.50020831823349
0.5020833611488342
0.5020833611488342
0.5020833611488342
0.4933333396911621
0.49916666746139526
0.5020833611488342
0.5020833611488342
0.5020833611488342
0.5020833611488342
0.5020833611488342
0.5020833611488342
0.5020833611488342
0.49166667461395264
0.5020833611488342
0.5020833611488342
0.5020833611488342
0.5020833611488342
0.4908333420753479
0.4891666769981384
0.5020833611488342
0.5020833611488342
0.5020833611488342
0.5020833611488342
0.5020833611488342
0.5020833611488342
0.4937500059604645
0.5020833611488342
0.5020833611488342
0.4958333373069763
0.5020833611488342
0.5020833611488342
0.5020833611488342
0.5020833611488342
0.5020833611488342

training history val accuracy
0.49166667461395264
0.49166667461395264
0.49166667461395264
0.49166667461395264
0.5083333253860474
0.49166667461395264
0.49166667461395264
0.49166667461395264
0.49166667461395264
0.49166667461395264
0.49166667461395264
0.49166667461395264
0.49166667461395264
0.49166667461395264
0.49166667461395264
0.49166667461395264
0.49166667461395264
0.49166667461395264
0.49166667461395264
0.49166667461395264
0.49166667461395264
0.49166667461395264
0.49166667461395264
0.49166667461395264
0.49166667461395264
0.49166667461395264
0.49166667461395264
0.49166667461395264
0.49166667461395264
0.49166667461395264
0.49166667461395264
0.49166667461395264
0.49166667461395264
0.49166667461395264
0.49166667461395264

training history loss
0.6985875964164734
0.6931917071342468
0.6931847929954529
0.6931793689727783
0.6932156085968018
0.693217396736145
0.693150520324707
0.6931856274604797
0.6932070851325989
0.6931850910186768
0.6931824088096619
0.6931599974632263
0.6931829452514648
0.6932128667831421
0.6932109594345093
0.6932432055473328
0.6931837201118469
0.6931865215301514
0.693181037902832
0.6931947469711304
0.693188488483429
0.69316166639328
0.6931635737419128
0.6931917667388916
0.6931657195091248
0.6931672692298889
0.6931769847869873
0.6931989192962646
0.6931658983230591
0.6931795477867126
0.6931872367858887
0.6931940317153931
0.6931642889976501
0.6931861639022827
0.693204402923584

training history val loss
0.6932743191719055
0.693219006061554
0.6932715773582458
0.6931852698326111
0.6931380033493042
0.6931936144828796
0.6932201981544495
0.693270742893219
0.6932647824287415
0.6932337880134583
0.6932075023651123
0.6932358741760254
0.6931929588317871
0.6931636929512024
0.6932485699653625
0.6932796239852905
0.6931866407394409
0.6932300329208374
0.6932218670845032
0.6931824684143066
0.693256139755249
0.6932194232940674
0.6932228207588196
0.6932734847068787
0.6932335495948792
0.6932078003883362
0.693225085735321
0.6931729912757874
0.6931632161140442
0.6932236552238464
0.6932726502418518
0.6932658553123474
0.6932290196418762
0.6931988596916199
0.6932259798049927