test data loss : 0.6931472420692444
test data accyracy : 0.5

training history accuracy
0.4983333349227905
0.5020833611488342
0.4879166781902313
0.4972916543483734
0.5020833611488342
0.5020833611488342
0.5020833611488342
0.4945833384990692
0.5020833611488342
0.5020833611488342
0.5020833611488342
0.48875001072883606
0.4925000071525574
0.5020833611488342
0.5020833611488342
0.5020833611488342
0.4891666769981384
0.5020833611488342
0.5020833611488342
0.5020833611488342
0.48875001072883606
0.49291667342185974
0.5020833611488342
0.5020833611488342
0.5020833611488342
0.4933333396911621
0.4925000071525574
0.4891666769981384
0.5020833611488342
0.5020833611488342
0.4950000047683716
0.5020833611488342
0.4933333396911621
0.5020833611488342
0.49416667222976685
0.5020833611488342
0.5020833611488342
0.4945833384990692
0.5020833611488342
0.4870833456516266
0.5020833611488342
0.5020833611488342

training history val accuracy
0.49166667461395264
0.49166667461395264
0.49166667461395264
0.49166667461395264
0.49166667461395264
0.49166667461395264
0.49166667461395264
0.49166667461395264
0.49166667461395264
0.49166667461395264
0.49166667461395264
0.49166667461395264
0.49166667461395264
0.49166667461395264
0.49166667461395264
0.49166667461395264
0.49166667461395264
0.49166667461395264
0.49166667461395264
0.49166667461395264
0.49166667461395264
0.49166667461395264
0.49166667461395264
0.49166667461395264
0.49166667461395264
0.49166667461395264
0.49166667461395264
0.49166667461395264
0.49166667461395264
0.49166667461395264
0.49166667461395264
0.49166667461395264
0.49166667461395264
0.49166667461395264
0.49166667461395264
0.49166667461395264
0.49166667461395264
0.49166667461395264
0.49166667461395264
0.49166667461395264
0.49166667461395264
0.49166667461395264

training history loss
0.6944288611412048
0.6931936144828796
0.6933811902999878
0.6931955814361572
0.6931934356689453
0.6931875944137573
0.6931754946708679
0.6932169198989868
0.6931630969047546
0.6931627988815308
0.6931799054145813
0.693193793296814
0.6932033896446228
0.6931768655776978
0.6931853890419006
0.6931830644607544
0.6931858062744141
0.6931864023208618
0.6932032108306885
0.6931708455085754
0.6932548880577087
0.693181037902832
0.6932429671287537
0.6932156085968018
0.6931848526000977
0.6931886076927185
0.6932093501091003
0.6932194232940674
0.6931851506233215
0.6931782960891724
0.6931840181350708
0.693169891834259
0.6931928992271423
0.693173348903656
0.693227231502533
0.6931560635566711
0.6931766271591187
0.6931923627853394
0.6932045817375183
0.6931787133216858
0.6931581497192383
0.6931782960891724

training history val loss
0.6932938694953918
0.6940445303916931
0.6933071613311768
0.6932371258735657
0.6932293176651001
0.6932534575462341
0.6932389140129089
0.6932213306427002
0.693248450756073
0.6932172179222107
0.6932101845741272
0.6931547522544861
0.6932161450386047
0.6932607293128967
0.6932278275489807
0.6931919455528259
0.6931719183921814
0.6932308077812195
0.6932452917098999
0.6932352781295776
0.6932194232940674
0.693230390548706
0.6932091116905212
0.6932302117347717
0.6932447552680969
0.6932163238525391
0.6931871175765991
0.6931968927383423
0.6932435035705566
0.6932222247123718
0.6932631134986877
0.6932474374771118
0.6932308673858643
0.6932284832000732
0.6932558417320251
0.6932462453842163
0.6932392120361328
0.693210780620575
0.6932324767112732
0.6932024955749512
0.6932698488235474
0.6932245492935181