test data loss : 0.6931539177894592
test data accyracy : 0.5

training history accuracy
0.503333330154419
0.49791666865348816
0.4841666519641876
0.4854166805744171
0.4870833456516266
0.5020833611488342
0.5020833611488342
0.5020833611488342
0.4958333373069763
0.5020833611488342
0.5020833611488342
0.49416667222976685
0.49541667103767395
0.4945833384990692
0.49041667580604553
0.5020833611488342
0.492083340883255
0.5020833611488342
0.5020833611488342
0.5020833611488342
0.5020833611488342
0.5020833611488342
0.5020833611488342
0.48750001192092896
0.5020833611488342
0.4883333444595337
0.5020833611488342
0.5020833611488342
0.5020833611488342
0.5020833611488342
0.5020833611488342
0.4933333396911621
0.5020833611488342

training history val accuracy
0.49166667461395264
0.49166667461395264
0.5083333253860474
0.5083333253860474
0.49166667461395264
0.49166667461395264
0.49166667461395264
0.49166667461395264
0.49166667461395264
0.49166667461395264
0.49166667461395264
0.49166667461395264
0.49166667461395264
0.49166667461395264
0.49166667461395264
0.49166667461395264
0.49166667461395264
0.49166667461395264
0.49166667461395264
0.49166667461395264
0.49166667461395264
0.49166667461395264
0.49166667461395264
0.49166667461395264
0.49166667461395264
0.49166667461395264
0.49166667461395264
0.49166667461395264
0.49166667461395264
0.49166667461395264
0.49166667461395264
0.49166667461395264
0.49166667461395264

training history loss
0.6949310302734375
0.6935994625091553
0.6931965351104736
0.6933072209358215
0.6931913495063782
0.6932607293128967
0.693200409412384
0.6932387948036194
0.6932017803192139
0.6932035088539124
0.6932859420776367
0.6932229399681091
0.6931920647621155
0.6932134032249451
0.6932515501976013
0.69318026304245
0.6932140588760376
0.6931793689727783
0.693178653717041
0.6932426691055298
0.6931799650192261
0.6931819319725037
0.6931705474853516
0.6932031512260437
0.6931743621826172
0.6932254433631897
0.693173348903656
0.6931681036949158
0.6931717991828918
0.6931717395782471
0.693175733089447
0.6932007074356079
0.6931887865066528

training history val loss
0.6940110325813293
0.6932284832000732
0.6930926442146301
0.6931368708610535
0.6931623220443726
0.6931893825531006
0.6932436227798462
0.6931765675544739
0.6932602524757385
0.6932912468910217
0.6932365298271179
0.6931804418563843
0.6933047771453857
0.6932955384254456
0.6931646466255188
0.6932398676872253
0.6931596994400024
0.6932656168937683
0.6931828856468201
0.693213701248169
0.6931823492050171
0.6932080984115601
0.6932501196861267
0.693202793598175
0.6932330131530762
0.6931540369987488
0.6932503581047058
0.6932174563407898
0.6932201385498047
0.6932217478752136
0.6932721734046936
0.6932374238967896
0.6932659149169922