test data loss : 0.6931518316268921
test data accyracy : 0.5

training history accuracy
0.48875001072883606
0.4891666769981384
0.5020833611488342
0.5020833611488342
0.5020833611488342
0.492083340883255
0.5020833611488342
0.49916666746139526
0.5020833611488342
0.5020833611488342
0.49166667461395264
0.5020833611488342
0.49541667103767395
0.5020833611488342
0.5020833611488342
0.5020833611488342
0.5020833611488342
0.5020833611488342
0.5020833611488342
0.4933333396911621
0.5020833611488342
0.5020833611488342
0.5020833611488342
0.5020833611488342
0.5020833611488342
0.5020833611488342
0.5020833611488342
0.4879166781902313
0.5020833611488342
0.5020833611488342
0.5020833611488342

training history val accuracy
0.5083333253860474
0.49166667461395264
0.49166667461395264
0.49166667461395264
0.49166667461395264
0.49166667461395264
0.49166667461395264
0.49166667461395264
0.49166667461395264
0.49166667461395264
0.49166667461395264
0.49166667461395264
0.49166667461395264
0.49166667461395264
0.49166667461395264
0.49166667461395264
0.49166667461395264
0.49166667461395264
0.49166667461395264
0.49166667461395264
0.49166667461395264
0.49166667461395264
0.49166667461395264
0.49166667461395264
0.49166667461395264
0.49166667461395264
0.49166667461395264
0.49166667461395264
0.49166667461395264
0.49166667461395264
0.49166667461395264

training history loss
0.6954936981201172
0.693173348903656
0.6931635141372681
0.6931660175323486
0.6931788325309753
0.6932031512260437
0.6932233572006226
0.6931715607643127
0.6931743621826172
0.6932052969932556
0.6931876540184021
0.6931701302528381
0.6932108998298645
0.6931599378585815
0.6931877136230469
0.6931512355804443
0.6931717395782471
0.6931772232055664
0.6931886672973633
0.6932087540626526
0.6931689977645874
0.6931755542755127
0.6931719183921814
0.6931616067886353
0.6932706236839294
0.6931623220443726
0.6931989789009094
0.6932099461555481
0.6931872963905334
0.693174421787262
0.6931783556938171

training history val loss
0.6931005716323853
0.6932088136672974
0.6931853890419006
0.6931841969490051
0.6931821703910828
0.6931511163711548
0.6932417154312134
0.6931865215301514
0.6932122707366943
0.6932089924812317
0.6932114958763123
0.693254828453064
0.6932931542396545
0.693231463432312
0.6932260394096375
0.6932471990585327
0.6932405829429626
0.6932536363601685
0.6932525634765625
0.6932426691055298
0.6931911706924438
0.6932305097579956
0.6931871175765991
0.6932052969932556
0.6932723522186279
0.6932163238525391
0.6932295560836792
0.6931654214859009
0.6931970119476318
0.6932316422462463
0.6932184100151062