test data loss : 0.6931474804878235
test data accyracy : 0.5

training history accuracy
0.5008333325386047
0.49166667461395264
0.5020833611488342
0.4975000023841858
0.5020833611488342
0.5020833611488342
0.5020833611488342
0.4987500011920929
0.5020833611488342
0.5020833611488342
0.5020833611488342
0.4945833384990692
0.5020833611488342
0.5020833611488342
0.5020833611488342
0.5020833611488342
0.4933333396911621
0.5020833611488342
0.5020833611488342
0.5020833611488342
0.5020833611488342
0.5020833611488342
0.5020833611488342
0.4958333373069763
0.5020833611488342
0.5020833611488342
0.5020833611488342
0.5020833611488342
0.5020833611488342
0.5020833611488342
0.5020833611488342
0.5020833611488342
0.5020833611488342
0.4870833456516266

training history val accuracy
0.49166667461395264
0.49166667461395264
0.49166667461395264
0.49166667461395264
0.49166667461395264
0.49166667461395264
0.49166667461395264
0.49166667461395264
0.49166667461395264
0.49166667461395264
0.49166667461395264
0.49166667461395264
0.49166667461395264
0.49166667461395264
0.49166667461395264
0.49166667461395264
0.49166667461395264
0.49166667461395264
0.49166667461395264
0.49166667461395264
0.49166667461395264
0.49166667461395264
0.49166667461395264
0.49166667461395264
0.49166667461395264
0.49166667461395264
0.49166667461395264
0.49166667461395264
0.49166667461395264
0.49166667461395264
0.49166667461395264
0.49166667461395264
0.49166667461395264
0.49166667461395264

training history loss
0.6957688331604004
0.693188488483429
0.6932331919670105
0.6931601762771606
0.6931844353675842
0.693237841129303
0.6931840181350708
0.6931822299957275
0.6931781768798828
0.6931646466255188
0.6931699514389038
0.6931777000427246
0.6931560635566711
0.6931889057159424
0.693193256855011
0.6931973099708557
0.6931930780410767
0.6931840777397156
0.693164587020874
0.6931750774383545
0.6931626796722412
0.6931860446929932
0.6931694149971008
0.6931760907173157
0.6931751370429993
0.6931671500205994
0.6931833624839783
0.6931897401809692
0.6931850910186768
0.6931625604629517
0.6931726932525635
0.6931715607643127
0.6931630969047546
0.6932371854782104

training history val loss
0.6932036876678467
0.693221926689148
0.693238377571106
0.6931591629981995
0.6932230591773987
0.693178653717041
0.6932052373886108
0.6931933164596558
0.6932252049446106
0.6932652592658997
0.6932337880134583
0.6932058334350586
0.6932507157325745
0.6933115124702454
0.6932600736618042
0.6932490468025208
0.6932464241981506
0.6931935548782349
0.6931997537612915
0.6931792497634888
0.6932241916656494
0.6932426691055298
0.6932239532470703
0.6932500600814819
0.693243145942688
0.6933340430259705
0.6932590007781982
0.6932929158210754
0.6932507157325745
0.6931930780410767
0.6931726336479187
0.6932542324066162
0.6932291388511658
0.6931657195091248