test data loss : 0.693167507648468
test data accyracy : 0.5

training history accuracy
0.5077083110809326
0.49958333373069763
0.4950000047683716
0.4895833432674408
0.4970833361148834
0.5020833611488342
0.5020833611488342
0.5020833611488342
0.4937500059604645
0.5020833611488342
0.5020833611488342
0.49416667222976685
0.5020833611488342
0.5020833611488342
0.5020833611488342
0.4945833384990692
0.5020833611488342
0.5020833611488342
0.5020833611488342
0.5020833611488342
0.49291667342185974
0.5020833611488342
0.5020833611488342
0.49291667342185974
0.4958333373069763
0.5020833611488342
0.5020833611488342
0.5020833611488342
0.4937500059604645
0.5020833611488342
0.5020833611488342
0.5020833611488342

training history val accuracy
0.49166667461395264
0.5083333253860474
0.49166667461395264
0.49166667461395264
0.49166667461395264
0.49166667461395264
0.49166667461395264
0.49166667461395264
0.49166667461395264
0.49166667461395264
0.49166667461395264
0.49166667461395264
0.49166667461395264
0.49166667461395264
0.49166667461395264
0.49166667461395264
0.49166667461395264
0.49166667461395264
0.49166667461395264
0.49166667461395264
0.49166667461395264
0.49166667461395264
0.49166667461395264
0.49166667461395264
0.49166667461395264
0.49166667461395264
0.49166667461395264
0.49166667461395264
0.49166667461395264
0.49166667461395264
0.49166667461395264
0.49166667461395264

training history loss
0.7015039324760437
0.69331294298172
0.6932274103164673
0.6931726336479187
0.6931795477867126
0.6931836605072021
0.6931742429733276
0.6931607723236084
0.6932254433631897
0.6931989789009094
0.6931865215301514
0.6931761503219604
0.6931701302528381
0.6931710243225098
0.6931788921356201
0.6931828260421753
0.693195641040802
0.6931793689727783
0.6931909918785095
0.6931573152542114
0.6931800842285156
0.6931841969490051
0.6931712031364441
0.6932394504547119
0.6932079195976257
0.6931870579719543
0.6931888461112976
0.6931555271148682
0.693238377571106
0.6931481957435608
0.6932224035263062
0.6931672096252441

training history val loss
0.6937639713287354
0.6930612921714783
0.6931531429290771
0.6931705474853516
0.693274974822998
0.6932063102722168
0.693228542804718
0.6932662725448608
0.6932230591773987
0.6932805776596069
0.693217933177948
0.6931772232055664
0.6932858228683472
0.6932167410850525
0.6932092905044556
0.6932464241981506
0.6932558417320251
0.6931686401367188
0.6932472586631775
0.6931939125061035
0.6931985020637512
0.6932901740074158
0.6932390332221985
0.6932825446128845
0.6932163238525391
0.6932905912399292
0.6932077407836914
0.6932464241981506
0.6932002902030945
0.6932757496833801
0.6932641863822937
0.6932246088981628