test data loss : 0.6931474208831787
test data accyracy : 0.5

training history accuracy
0.4970833361148834
0.4950000047683716
0.5020833611488342
0.5020833611488342
0.49125000834465027
0.5020833611488342
0.5020833611488342
0.4845833480358124
0.5020833611488342
0.5020833611488342
0.49166667461395264
0.5020833611488342
0.5020833611488342
0.5020833611488342
0.5020833611488342
0.5020833611488342
0.5020833611488342
0.4937500059604645
0.4945833384990692
0.5020833611488342
0.5020833611488342
0.5020833611488342
0.5020833611488342
0.4891666769981384
0.5020833611488342
0.5020833611488342
0.5020833611488342
0.5020833611488342
0.4945833384990692
0.5020833611488342
0.5020833611488342
0.5020833611488342
0.5020833611488342
0.5020833611488342
0.492083340883255
0.5020833611488342
0.5020833611488342
0.5020833611488342
0.5020833611488342
0.5020833611488342
0.5020833611488342
0.5020833611488342
0.5020833611488342
0.48875001072883606
0.5020833611488342
0.5020833611488342
0.49416667222976685
0.5020833611488342
0.5020833611488342
0.5020833611488342
0.5020833611488342
0.5020833611488342
0.5020833611488342
0.5020833611488342
0.5020833611488342
0.4950000047683716
0.5020833611488342
0.4950000047683716
0.5020833611488342

training history val accuracy
0.49166667461395264
0.49166667461395264
0.49166667461395264
0.49166667461395264
0.49166667461395264
0.49166667461395264
0.49166667461395264
0.49166667461395264
0.49166667461395264
0.49166667461395264
0.49166667461395264
0.49166667461395264
0.49166667461395264
0.49166667461395264
0.49166667461395264
0.49166667461395264
0.49166667461395264
0.49166667461395264
0.49166667461395264
0.49166667461395264
0.49166667461395264
0.49166667461395264
0.49166667461395264
0.49166667461395264
0.49166667461395264
0.49166667461395264
0.49166667461395264
0.49166667461395264
0.49166667461395264
0.49166667461395264
0.49166667461395264
0.49166667461395264
0.49166667461395264
0.49166667461395264
0.49166667461395264
0.49166667461395264
0.49166667461395264
0.49166667461395264
0.49166667461395264
0.49166667461395264
0.49166667461395264
0.49166667461395264
0.49166667461395264
0.49166667461395264
0.49166667461395264
0.49166667461395264
0.49166667461395264
0.49166667461395264
0.49166667461395264
0.49166667461395264
0.49166667461395264
0.49166667461395264
0.49166667461395264
0.49166667461395264
0.49166667461395264
0.49166667461395264
0.49166667461395264
0.49166667461395264
0.49166667461395264

training history loss
0.6947502493858337
0.6931887865066528
0.6932016611099243
0.6931948065757751
0.6932007670402527
0.6931596398353577
0.6931897401809692
0.6932004690170288
0.6931803822517395
0.693203866481781
0.6931801438331604
0.693194568157196
0.6931850910186768
0.6932082772254944
0.693172812461853
0.693196177482605
0.6932003498077393
0.6932049989700317
0.6931719183921814
0.6931726336479187
0.6931665539741516
0.6931708455085754
0.693168044090271
0.6932228803634644
0.693172037601471
0.6931628584861755
0.6931718587875366
0.6931823492050171
0.6932024955749512
0.6931819915771484
0.6931641101837158
0.6932510137557983
0.6931595802307129
0.6931639909744263
0.6932251453399658
0.693155825138092
0.693189263343811
0.693183183670044
0.6931734681129456
0.6931722164154053
0.6931807994842529
0.6931965947151184
0.6931827068328857
0.6931942105293274
0.69318687915802
0.6931754350662231
0.6932048797607422
0.6931764483451843
0.6931918263435364
0.6931782364845276
0.6931782364845276
0.69317227602005
0.6931910514831543
0.6932121515274048
0.6931897401809692
0.6932016015052795
0.693240225315094
0.6931692957878113
0.6931785941123962

training history val loss
0.6931909918785095
0.693261981010437
0.6932198405265808
0.6931643486022949
0.6931939721107483
0.6932386159896851
0.6932218670845032
0.693175733089447
0.6931909918785095
0.6932680606842041
0.693244457244873
0.6932754516601562
0.693220317363739
0.6931673884391785
0.693193793296814
0.6932063102722168
0.693175733089447
0.6932094693183899
0.6932080984115601
0.6932671666145325
0.6931970119476318
0.6932306289672852
0.6932352781295776
0.6932043433189392
0.693231463432312
0.6932513117790222
0.6932428479194641
0.6932436227798462
0.693158745765686
0.6932375431060791
0.693179726600647
0.6931691765785217
0.6932112574577332
0.693213164806366
0.6931952238082886
0.693259596824646
0.6932312846183777
0.6933017373085022
0.6932401657104492
0.6932690739631653
0.6932247877120972
0.6932374238967896
0.6932091116905212
0.6931862831115723
0.6932183504104614
0.6931945085525513
0.6932758688926697
0.6932201385498047
0.6932495832443237
0.6932185292243958
0.6932066082954407
0.6931654214859009
0.693189799785614
0.6932663321495056
0.6932501196861267
0.693160355091095
0.6931971311569214
0.693178653717041
0.6933020949363708