test data loss : 0.6931195855140686
test data accyracy : 0.5

training history accuracy
0.5037500262260437
0.49791666865348816
0.49416667222976685
0.5020833611488342
0.5020833611488342
0.4895833432674408
0.5020833611488342
0.4933333396911621
0.5020833611488342
0.4895833432674408
0.5020833611488342
0.4895833432674408
0.5020833611488342
0.4950000047683716
0.48875001072883606
0.5020833611488342
0.5020833611488342
0.5020833611488342
0.5020833611488342
0.49666666984558105
0.5020833611488342
0.5020833611488342
0.5020833611488342
0.49416667222976685
0.49916666746139526
0.5020833611488342
0.5020833611488342
0.5020833611488342
0.5020833611488342
0.4908333420753479
0.5020833611488342

training history val accuracy
0.5083333253860474
0.5083333253860474
0.49166667461395264
0.49166667461395264
0.49166667461395264
0.49166667461395264
0.49166667461395264
0.49166667461395264
0.49166667461395264
0.49166667461395264
0.49166667461395264
0.49166667461395264
0.49166667461395264
0.5083333253860474
0.49166667461395264
0.49166667461395264
0.49166667461395264
0.49166667461395264
0.49166667461395264
0.49166667461395264
0.49166667461395264
0.49166667461395264
0.49166667461395264
0.49166667461395264
0.49166667461395264
0.49166667461395264
0.49166667461395264
0.49166667461395264
0.49166667461395264
0.49166667461395264
0.49166667461395264

training history loss
0.7095892429351807
0.6932663321495056
0.6931875348091125
0.693173885345459
0.6931556463241577
0.6931996941566467
0.6931816339492798
0.6931849122047424
0.6931837201118469
0.6932169795036316
0.6931653022766113
0.6932125687599182
0.6932558417320251
0.6931755542755127
0.6932203769683838
0.6931813955307007
0.693230390548706
0.6931755542755127
0.6931621432304382
0.6931902170181274
0.6931685209274292
0.6931818723678589
0.6931855082511902
0.6931844353675842
0.6931981444358826
0.6931852102279663
0.6931781768798828
0.6931958794593811
0.6932052373886108
0.6931949257850647
0.6932066082954407

training history val loss
0.6930996179580688
0.6931341886520386
0.6931665539741516
0.6931788921356201
0.6932079792022705
0.693199634552002
0.6932501196861267
0.6932135224342346
0.6933012008666992
0.6931644678115845
0.6932381391525269
0.6932621598243713
0.6932457089424133
0.6931407451629639
0.6931604146957397
0.6932833194732666
0.6931899785995483
0.6931910514831543
0.6932201385498047
0.6931772828102112
0.6932665705680847
0.6932445764541626
0.693230152130127
0.6932167410850525
0.6933058500289917
0.6931989789009094
0.6932840943336487
0.693277895450592
0.6932050585746765
0.6931979656219482
0.6932271122932434