test data loss : 0.6931421756744385
test data accyracy : 0.5

training history accuracy
0.4947916567325592
0.49937498569488525
0.49416667222976685
0.4950000047683716
0.5020833611488342
0.5020833611488342
0.49541667103767395
0.5020833611488342
0.5020833611488342
0.5020833611488342
0.5020833611488342
0.5020833611488342
0.5020833611488342
0.5020833611488342
0.4858333468437195
0.49166667461395264
0.5020833611488342
0.4891666769981384
0.5020833611488342
0.5020833611488342
0.5020833611488342
0.5020833611488342
0.4933333396911621
0.5020833611488342
0.5020833611488342
0.5020833611488342
0.5020833611488342
0.5020833611488342
0.4933333396911621
0.5020833611488342
0.5020833611488342
0.4908333420753479

training history val accuracy
0.49166667461395264
0.49166667461395264
0.49166667461395264
0.49166667461395264
0.49166667461395264
0.49166667461395264
0.49166667461395264
0.49166667461395264
0.49166667461395264
0.49166667461395264
0.49166667461395264
0.49166667461395264
0.49166667461395264
0.49166667461395264
0.49166667461395264
0.49166667461395264
0.49166667461395264
0.49166667461395264
0.49166667461395264
0.49166667461395264
0.49166667461395264
0.49166667461395264
0.49166667461395264
0.49166667461395264
0.49166667461395264
0.49166667461395264
0.49166667461395264
0.49166667461395264
0.49166667461395264
0.49166667461395264
0.49166667461395264
0.49166667461395264

training history loss
0.6953184008598328
0.6931911110877991
0.6932239532470703
0.6931920647621155
0.6931959986686707
0.6932048797607422
0.6932046413421631
0.6931819915771484
0.6931694746017456
0.6931726336479187
0.6931725740432739
0.6931765079498291
0.6931793093681335
0.6932094097137451
0.6931889057159424
0.6932048797607422
0.69329833984375
0.6932014226913452
0.6931523680686951
0.6932052373886108
0.6931903958320618
0.693188488483429
0.6931732296943665
0.6931691765785217
0.6931724548339844
0.6931817531585693
0.6931874752044678
0.6932018399238586
0.6931772828102112
0.6931570172309875
0.6931643486022949
0.6932088732719421

training history val loss
0.693143904209137
0.6931437849998474
0.6931590437889099
0.6931540966033936
0.6932263970375061
0.6932662725448608
0.6932181715965271
0.6932119727134705
0.6932098269462585
0.6932838559150696
0.6932896971702576
0.6932249069213867
0.6932140588760376
0.6932953596115112
0.6931561231613159
0.6931496262550354
0.69317227602005
0.6932541131973267
0.6932247877120972
0.693211019039154
0.6932383179664612
0.6931798458099365
0.6932114958763123
0.6932141184806824
0.6932731866836548
0.6932360529899597
0.6932550668716431
0.6931968927383423
0.6932193040847778
0.6932397484779358
0.6932302713394165
0.6932291388511658