test data loss : 0.6931472420692444
test data accyracy : 0.5

training history accuracy
0.49791666865348816
0.5020833611488342
0.49958333373069763
0.5020833611488342
0.5020833611488342
0.4945833384990692
0.48249998688697815
0.5020833611488342
0.5020833611488342
0.49541667103767395
0.5020833611488342
0.5020833611488342
0.5020833611488342
0.5020833611488342
0.5020833611488342
0.5020833611488342
0.5020833611488342
0.5020833611488342
0.5020833611488342
0.4925000071525574
0.49958333373069763
0.4895833432674408
0.5020833611488342
0.5020833611488342
0.5020833611488342
0.4883333444595337
0.4987500011920929
0.5020833611488342
0.5020833611488342
0.5020833611488342
0.5020833611488342
0.5020833611488342
0.5020833611488342
0.5020833611488342
0.5020833611488342
0.5020833611488342
0.5020833611488342
0.5020833611488342
0.49791666865348816
0.4854166805744171
0.5020833611488342
0.5020833611488342
0.5020833611488342
0.4933333396911621
0.49541667103767395
0.5020833611488342
0.5020833611488342
0.5020833611488342
0.49958333373069763
0.4945833384990692
0.5020833611488342
0.5020833611488342
0.5020833611488342
0.4950000047683716
0.5020833611488342
0.4945833384990692
0.4975000023841858
0.5020833611488342
0.4891666769981384
0.5020833611488342
0.4970833361148834
0.5020833611488342
0.5020833611488342
0.49291667342185974
0.5020833611488342
0.5020833611488342
0.5020833611488342
0.4908333420753479
0.5020833611488342

training history val accuracy
0.49166667461395264
0.49166667461395264
0.49166667461395264
0.49166667461395264
0.49166667461395264
0.49166667461395264
0.49166667461395264
0.49166667461395264
0.49166667461395264
0.49166667461395264
0.49166667461395264
0.49166667461395264
0.49166667461395264
0.49166667461395264
0.49166667461395264
0.49166667461395264
0.49166667461395264
0.49166667461395264
0.49166667461395264
0.49166667461395264
0.49166667461395264
0.49166667461395264
0.49166667461395264
0.49166667461395264
0.49166667461395264
0.49166667461395264
0.49166667461395264
0.49166667461395264
0.49166667461395264
0.49166667461395264
0.49166667461395264
0.49166667461395264
0.49166667461395264
0.49166667461395264
0.49166667461395264
0.49166667461395264
0.49166667461395264
0.49166667461395264
0.5083333253860474
0.49166667461395264
0.49166667461395264
0.49166667461395264
0.49166667461395264
0.49166667461395264
0.49166667461395264
0.49166667461395264
0.49166667461395264
0.49166667461395264
0.49166667461395264
0.49166667461395264
0.49166667461395264
0.49166667461395264
0.49166667461395264
0.49166667461395264
0.49166667461395264
0.49166667461395264
0.49166667461395264
0.49166667461395264
0.49166667461395264
0.49166667461395264
0.49166667461395264
0.49166667461395264
0.49166667461395264
0.49166667461395264
0.49166667461395264
0.49166667461395264
0.49166667461395264
0.49166667461395264
0.49166667461395264

training history loss
0.6951812505722046
0.6932299733161926
0.6932058334350586
0.6932105422019958
0.6931957006454468
0.693175196647644
0.6932016611099243
0.6931995749473572
0.6931780576705933
0.6931625008583069
0.6932027339935303
0.6932443976402283
0.6931750774383545
0.6931785345077515
0.6931711435317993
0.6931800246238708
0.6931790709495544
0.6931726336479187
0.6931876540184021
0.6931878328323364
0.6931564807891846
0.6932255029678345
0.6931732892990112
0.6931823492050171
0.69317626953125
0.6931987404823303
0.6932273507118225
0.6931713819503784
0.693182647228241
0.6931618452072144
0.6932053565979004
0.6931741833686829
0.6932234764099121
0.6931840777397156
0.6931697726249695
0.6931763291358948
0.6931605339050293
0.6931652426719666
0.6932602524757385
0.6931935548782349
0.6931583881378174
0.6931872367858887
0.6931662559509277
0.6931886076927185
0.693182110786438
0.693209707736969
0.6931760907173157
0.693200409412384
0.6931790709495544
0.693193793296814
0.6931754946708679
0.6931867003440857
0.6931620240211487
0.6931725144386292
0.6931890249252319
0.6931943893432617
0.6931801438331604
0.6931715607643127
0.6932351589202881
0.6931672692298889
0.6931654214859009
0.6931968331336975
0.6931781768798828
0.6931919455528259
0.6931668519973755
0.69316565990448
0.6931943893432617
0.6931628584861755
0.6932072043418884

training history val loss
0.6934902667999268
0.6932815909385681
0.6933359503746033
0.6932170391082764
0.6931852102279663
0.6931824684143066
0.6931751370429993
0.6932196617126465
0.6931887269020081
0.6932191252708435
0.6932583451271057
0.6932241916656494
0.6931775212287903
0.6931991577148438
0.6931915879249573
0.6932340860366821
0.693210780620575
0.693185031414032
0.6931973695755005
0.693161129951477
0.6932035088539124
0.6932727098464966
0.6932605504989624
0.6932469606399536
0.6932269930839539
0.6932581663131714
0.6932592988014221
0.693221926689148
0.6932353377342224
0.6932728886604309
0.693210780620575
0.6932069659233093
0.6932057738304138
0.6931746006011963
0.6932298541069031
0.6932141184806824
0.6932122111320496
0.6931999921798706
0.6931464672088623
0.6932506561279297
0.6932163238525391
0.6931966543197632
0.6932650804519653
0.693244993686676
0.6932279467582703
0.6932079195976257
0.6932461261749268
0.6932193040847778
0.6932421326637268
0.6932531595230103
0.6933065056800842
0.6932802200317383
0.6932315826416016
0.6932100653648376
0.6932854652404785
0.6932371258735657
0.6932047605514526
0.6932467222213745
0.6932178735733032
0.6932246685028076
0.6932405829429626
0.6932668089866638
0.6932276487350464
0.6932142376899719
0.6932547688484192
0.693259596824646
0.6932745575904846
0.693188488483429
0.6932520270347595