test data loss : 0.6931508183479309
test data accyracy : 0.5

training history accuracy
0.4866666793823242
0.4870833456516266
0.4983333349227905
0.4950000047683716
0.5020833611488342
0.5020833611488342
0.5020833611488342
0.4879166781902313
0.5020833611488342
0.4883333444595337
0.5020833611488342
0.5020833611488342
0.5020833611488342
0.49125000834465027
0.49291667342185974
0.5020833611488342
0.5020833611488342
0.4908333420753479
0.5020833611488342
0.5020833611488342
0.49166667461395264
0.4933333396911621
0.5020833611488342
0.5020833611488342
0.5020833611488342
0.5020833611488342
0.5020833611488342
0.5020833611488342
0.5020833611488342
0.5020833611488342
0.5020833611488342

training history val accuracy
0.5083333253860474
0.5083333253860474
0.49166667461395264
0.49166667461395264
0.49166667461395264
0.49166667461395264
0.49166667461395264
0.49166667461395264
0.49166667461395264
0.49166667461395264
0.49166667461395264
0.49166667461395264
0.49166667461395264
0.49166667461395264
0.49166667461395264
0.49166667461395264
0.49166667461395264
0.49166667461395264
0.49166667461395264
0.49166667461395264
0.49166667461395264
0.49166667461395264
0.49166667461395264
0.49166667461395264
0.49166667461395264
0.49166667461395264
0.49166667461395264
0.49166667461395264
0.49166667461395264
0.49166667461395264
0.49166667461395264

training history loss
0.6935758590698242
0.6931833624839783
0.6932291388511658
0.6932153701782227
0.6931543350219727
0.693190336227417
0.6932123303413391
0.6932248473167419
0.6931755542755127
0.693177342414856
0.693181574344635
0.6931917071342468
0.6931591629981995
0.6931933760643005
0.6931896209716797
0.6931772828102112
0.6931990385055542
0.6932323575019836
0.6931729316711426
0.6932041049003601
0.6931895017623901
0.693182110786438
0.6931560635566711
0.6931717991828918
0.6931650638580322
0.6931911706924438
0.6931784152984619
0.6931837797164917
0.6931792497634888
0.6931951642036438
0.6931668519973755

training history val loss
0.6931058168411255
0.6931355595588684
0.6932464241981506
0.6931751370429993
0.6932142376899719
0.6932290196418762
0.6932272911071777
0.6932187080383301
0.6932015419006348
0.6932267546653748
0.6932220458984375
0.6932293772697449
0.6932463645935059
0.6932497024536133
0.6932303309440613
0.6932849884033203
0.6932331323623657
0.6931963562965393
0.6932587623596191
0.6932744979858398
0.693235456943512
0.6932496428489685
0.6932275891304016
0.6932339668273926
0.6932141184806824
0.6932497024536133
0.6932592391967773
0.6932125091552734
0.6932092308998108
0.6932569146156311
0.6932461857795715