test data loss : 0.6931532025337219
test data accyracy : 0.5

training history accuracy
0.4962500035762787
0.5068749785423279
0.4985416531562805
0.5062500238418579
0.4893749952316284
0.4935416579246521
0.5020833611488342
0.5020833611488342
0.5020833611488342
0.49041667580604553
0.5020833611488342
0.5020833611488342
0.5020833611488342
0.5020833611488342
0.49791666865348816
0.5020833611488342
0.49166667461395264
0.5020833611488342
0.4983333349227905
0.5020833611488342
0.5020833611488342
0.5020833611488342
0.5020833611488342
0.4950000047683716
0.5020833611488342
0.5020833611488342
0.5020833611488342
0.4908333420753479
0.5020833611488342
0.5020833611488342
0.5020833611488342
0.5020833611488342

training history val accuracy
0.49166667461395264
0.5083333253860474
0.621666669845581
0.49166667461395264
0.49166667461395264
0.49166667461395264
0.49166667461395264
0.49166667461395264
0.49166667461395264
0.49166667461395264
0.49166667461395264
0.49166667461395264
0.49166667461395264
0.49166667461395264
0.49166667461395264
0.49166667461395264
0.49166667461395264
0.49166667461395264
0.49166667461395264
0.49166667461395264
0.49166667461395264
0.49166667461395264
0.49166667461395264
0.49166667461395264
0.49166667461395264
0.49166667461395264
0.49166667461395264
0.49166667461395264
0.49166667461395264
0.49166667461395264
0.49166667461395264
0.49166667461395264

training history loss
0.6939955353736877
0.6931902170181274
0.6932249665260315
0.6931822299957275
0.693253755569458
0.6931898593902588
0.6931838393211365
0.6931743621826172
0.6931955218315125
0.6932240128517151
0.6931582689285278
0.693206787109375
0.6931747794151306
0.6931926608085632
0.6932111978530884
0.693245530128479
0.6932095289230347
0.6931852102279663
0.6931637525558472
0.6931684017181396
0.6931924819946289
0.6931785345077515
0.6931635141372681
0.6931990385055542
0.6931759119033813
0.6932045221328735
0.6932163238525391
0.6931775808334351
0.6931660175323486
0.6931812763214111
0.6931757926940918
0.6931827664375305

training history val loss
0.6931418180465698
0.6930612921714783
0.6931256055831909
0.6932071447372437
0.6931672096252441
0.6931846141815186
0.6931636333465576
0.6932076811790466
0.6931806802749634
0.6932031512260437
0.6932141184806824
0.6932257413864136
0.6931926012039185
0.6932424902915955
0.6931759715080261
0.693242609500885
0.6932364106178284
0.6931604146957397
0.693229615688324
0.6932422518730164
0.6932757496833801
0.6932587623596191
0.6932185292243958
0.693220317363739
0.693207323551178
0.6932756304740906
0.6932880282402039
0.6931986212730408
0.6932485699653625
0.6931841373443604
0.6932621598243713
0.6932550072669983