test data loss : 0.6931226849555969
test data accyracy : 0.5

training history accuracy
0.5010416507720947
0.49791666865348816
0.5020833611488342
0.5
0.49000000953674316
0.5020833611488342
0.5020833611488342
0.5020833611488342
0.5020833611488342
0.5020833611488342
0.5020833611488342
0.5020833611488342
0.5020833611488342
0.49291667342185974
0.49395832419395447
0.5020833611488342
0.5020833611488342
0.5020833611488342
0.4935416579246521
0.5020833611488342
0.5020833611488342
0.4937500059604645
0.4829166531562805
0.5020833611488342
0.5020833611488342
0.5020833611488342
0.48875001072883606
0.5043749809265137
0.5020833611488342
0.5020833611488342
0.4947916567325592
0.5020833611488342
0.5020833611488342
0.49541667103767395
0.4925000071525574
0.5010416507720947
0.5095833539962769
0.49416667222976685
0.48645833134651184
0.5020833611488342
0.47999998927116394
0.5020833611488342
0.5020833611488342
0.5020833611488342
0.4962500035762787
0.5020833611488342
0.5020833611488342
0.5020833611488342
0.5020833611488342
0.5020833611488342
0.5020833611488342
0.5020833611488342
0.5020833611488342
0.5020833611488342
0.5020833611488342
0.49791666865348816
0.5020833611488342
0.5020833611488342
0.5020833611488342
0.4950000047683716
0.5020833611488342
0.5020833611488342
0.4925000071525574
0.5020833611488342

training history val accuracy
0.5083333253860474
0.49166667461395264
0.49166667461395264
0.49166667461395264
0.49166667461395264
0.49166667461395264
0.49166667461395264
0.49166667461395264
0.49166667461395264
0.49166667461395264
0.49166667461395264
0.49166667461395264
0.49166667461395264
0.49166667461395264
0.49166667461395264
0.49166667461395264
0.49166667461395264
0.49166667461395264
0.49166667461395264
0.49166667461395264
0.49166667461395264
0.49166667461395264
0.49166667461395264
0.49166667461395264
0.49166667461395264
0.49166667461395264
0.5083333253860474
0.49166667461395264
0.49166667461395264
0.49166667461395264
0.49166667461395264
0.49166667461395264
0.49166667461395264
0.5083333253860474
0.54666668176651
0.49166667461395264
0.49166667461395264
0.49166667461395264
0.49166667461395264
0.49166667461395264
0.49166667461395264
0.49166667461395264
0.49166667461395264
0.49166667461395264
0.49166667461395264
0.49166667461395264
0.49166667461395264
0.49166667461395264
0.49166667461395264
0.49166667461395264
0.49166667461395264
0.49166667461395264
0.49166667461395264
0.49166667461395264
0.49166667461395264
0.49166667461395264
0.49166667461395264
0.49166667461395264
0.49166667461395264
0.49166667461395264
0.49166667461395264
0.49166667461395264
0.49166667461395264
0.49166667461395264

training history loss
0.7187616229057312
0.6932269930839539
0.69319087266922
0.6932005882263184
0.693212628364563
0.6931670904159546
0.6931567788124084
0.6931998133659363
0.6931539177894592
0.693240225315094
0.6931753754615784
0.6932132244110107
0.6931528449058533
0.6931753754615784
0.6932693719863892
0.6931785345077515
0.6931913495063782
0.6931509375572205
0.6931694149971008
0.6932755708694458
0.6931869983673096
0.6931788325309753
0.6931746006011963
0.6931555867195129
0.6931480169296265
0.69316166639328
0.6932186484336853
0.6931726932525635
0.6931420564651489
0.6931424736976624
0.6931880712509155
0.6931374669075012
0.6931239366531372
0.6931774020195007
0.6931561231613159
0.6931157112121582
0.6931068897247314
0.6932270526885986
0.693609893321991
0.6931657195091248
0.6932117342948914
0.6931813359260559
0.6931759715080261
0.6931712031364441
0.6931966543197632
0.6932516694068909
0.6931740641593933
0.6931844353675842
0.6931795477867126
0.6931800246238708
0.6932024359703064
0.6931667327880859
0.69316565990448
0.6931679248809814
0.6931611895561218
0.6932032704353333
0.693172812461853
0.6931842565536499
0.6932416558265686
0.6931982636451721
0.6931918859481812
0.6931902170181274
0.6931727528572083
0.6931833624839783

training history val loss
0.6931438446044922
0.6932843327522278
0.6932994723320007
0.6932380199432373
0.6932583451271057
0.6932114362716675
0.6931972503662109
0.6932500600814819
0.6931923627853394
0.6931670308113098
0.6931607127189636
0.6933349370956421
0.6931813359260559
0.6932325959205627
0.6932193636894226
0.6933174729347229
0.6931858062744141
0.6932365894317627
0.6932249665260315
0.6932647824287415
0.6931698322296143
0.6931445598602295
0.6931625008583069
0.6932869553565979
0.6932233572006226
0.693172037601471
0.6931171417236328
0.6932454705238342
0.6932198405265808
0.693190336227417
0.6931883692741394
0.6933460235595703
0.6931247115135193
0.6930582523345947
0.693082869052887
0.6932624578475952
0.6932807564735413
0.6934456825256348
0.6931847333908081
0.6931993365287781
0.6931644678115845
0.6932868957519531
0.6932183504104614
0.6932223439216614
0.6931681036949158
0.6931688189506531
0.6932149529457092
0.6932395100593567
0.6932268738746643
0.6932267546653748
0.6931938529014587
0.6932209134101868
0.6932163238525391
0.693215548992157
0.6932353973388672
0.6932014226913452
0.6932352185249329
0.6932520270347595
0.693159818649292
0.6932957172393799
0.6931924819946289
0.6931809782981873
0.6932269930839539
0.6932326555252075