test data loss : 0.6931464672088623
test data accyracy : 0.5

training history accuracy
0.49958333373069763
0.4866666793823242
0.4933333396911621
0.5020833611488342
0.5020833611488342
0.5020833611488342
0.4925000071525574
0.5020833611488342
0.49541667103767395
0.5020833611488342
0.5020833611488342
0.49041667580604553
0.4933333396911621
0.5020833611488342
0.5020833611488342
0.5020833611488342
0.4879166781902313
0.5020833611488342
0.5020833611488342
0.5020833611488342
0.4937500059604645
0.5020833611488342
0.48875001072883606
0.5020833611488342
0.4933333396911621
0.5020833611488342
0.5020833611488342
0.5020833611488342
0.5020833611488342
0.4950000047683716
0.5020833611488342
0.5020833611488342
0.5020833611488342

training history val accuracy
0.49166667461395264
0.49166667461395264
0.49166667461395264
0.49166667461395264
0.49166667461395264
0.49166667461395264
0.49166667461395264
0.49166667461395264
0.49166667461395264
0.49166667461395264
0.49166667461395264
0.49166667461395264
0.49166667461395264
0.49166667461395264
0.49166667461395264
0.49166667461395264
0.49166667461395264
0.49166667461395264
0.49166667461395264
0.49166667461395264
0.49166667461395264
0.49166667461395264
0.49166667461395264
0.49166667461395264
0.49166667461395264
0.49166667461395264
0.49166667461395264
0.49166667461395264
0.49166667461395264
0.49166667461395264
0.49166667461395264
0.49166667461395264
0.49166667461395264

training history loss
0.7079347968101501
0.69332355260849
0.6932345032691956
0.6931683421134949
0.6931670904159546
0.6931813955307007
0.6931899785995483
0.6932526230812073
0.6931935548782349
0.6931740045547485
0.693207859992981
0.6931915879249573
0.6931911110877991
0.6931548714637756
0.6931776404380798
0.693159818649292
0.6932243704795837
0.6931784749031067
0.693171501159668
0.6931747794151306
0.6931857466697693
0.6931968331336975
0.6932541131973267
0.6932030916213989
0.6931824684143066
0.6931735277175903
0.6931673288345337
0.6931900382041931
0.6931869983673096
0.6931819915771484
0.6931828260421753
0.6932000517845154
0.6931691765785217

training history val loss
0.6937611699104309
0.6932382583618164
0.6931508779525757
0.6932570338249207
0.6932046413421631
0.6932782530784607
0.6932253241539001
0.6932565569877625
0.6931704878807068
0.6932061910629272
0.6932665705680847
0.6932008862495422
0.6932000517845154
0.6932806968688965
0.6932764053344727
0.6932361125946045
0.6931787729263306
0.6932061910629272
0.6932538151741028
0.6932632923126221
0.6932128667831421
0.6932510137557983
0.6931899785995483
0.6932792663574219
0.6931996941566467
0.6932081580162048
0.6932318806648254
0.6932875514030457
0.6932306885719299
0.6932067275047302
0.693254292011261
0.6932820081710815
0.6932228207588196