test data loss : 0.6931487917900085
test data accyracy : 0.5

training history accuracy
0.5022916793823242
0.49041667580604553
0.49937498569488525
0.49916666746139526
0.5020833611488342
0.5020833611488342
0.5020833611488342
0.5020833611488342
0.5020833611488342
0.5020833611488342
0.5020833611488342
0.5020833611488342
0.49791666865348816
0.49041667580604553
0.5020833611488342
0.5020833611488342
0.5020833611488342
0.5020833611488342
0.5020833611488342
0.5020833611488342
0.5020833611488342
0.5020833611488342
0.49125000834465027
0.4895833432674408
0.5020833611488342
0.5020833611488342
0.5020833611488342
0.5020833611488342
0.5020833611488342
0.5020833611488342
0.5020833611488342
0.5020833611488342
0.49000000953674316
0.5020833611488342
0.5020833611488342
0.49166667461395264
0.5020833611488342
0.5020833611488342
0.5020833611488342

training history val accuracy
0.49166667461395264
0.49166667461395264
0.49166667461395264
0.49166667461395264
0.49166667461395264
0.49166667461395264
0.49166667461395264
0.49166667461395264
0.49166667461395264
0.49166667461395264
0.49166667461395264
0.49166667461395264
0.49166667461395264
0.49166667461395264
0.49166667461395264
0.49166667461395264
0.49166667461395264
0.49166667461395264
0.49166667461395264
0.49166667461395264
0.49166667461395264
0.49166667461395264
0.49166667461395264
0.49166667461395264
0.49166667461395264
0.49166667461395264
0.49166667461395264
0.49166667461395264
0.49166667461395264
0.49166667461395264
0.49166667461395264
0.49166667461395264
0.49166667461395264
0.49166667461395264
0.49166667461395264
0.49166667461395264
0.49166667461395264
0.49166667461395264
0.49166667461395264

training history loss
0.7006301879882812
0.6935086846351624
0.6933000087738037
0.6932455897331238
0.6931751370429993
0.6931801438331604
0.6931726932525635
0.6931657195091248
0.6931717395782471
0.6931920647621155
0.6931705474853516
0.6931814551353455
0.693193256855011
0.6931817531585693
0.6931925415992737
0.693162739276886
0.6931636333465576
0.6931806206703186
0.6931758522987366
0.6932517290115356
0.6931785345077515
0.6931825876235962
0.6931701898574829
0.6931899785995483
0.6931573748588562
0.6931937336921692
0.6931973695755005
0.6931679248809814
0.6931837201118469
0.6931760907173157
0.6931961178779602
0.6931761503219604
0.6931889653205872
0.6931559443473816
0.6932055950164795
0.693221926689148
0.6932191252708435
0.6931623816490173
0.6931652426719666

training history val loss
0.6948295831680298
0.6933273077011108
0.6932606101036072
0.6933152675628662
0.6932469010353088
0.6932217478752136
0.6932473182678223
0.6932267546653748
0.693179190158844
0.6932581663131714
0.6932348012924194
0.6932456493377686
0.6931859850883484
0.69318026304245
0.6932350397109985
0.6932166218757629
0.693195641040802
0.6932918429374695
0.6932335495948792
0.6932410001754761
0.693179190158844
0.6931971907615662
0.6931809782981873
0.6932030320167542
0.6932404637336731
0.6932364106178284
0.6932429075241089
0.6932039856910706
0.6932059526443481
0.6932384967803955
0.6932454705238342
0.6932435631752014
0.6931909918785095
0.6932740807533264
0.6933059692382812
0.6931996941566467
0.693191409111023
0.6932019591331482
0.6932519674301147