test data loss : 0.7517090439796448
test data accyracy : 0.5

training history accuracy
0.5270833373069763
0.5610416531562805
0.6331250071525574
0.6854166388511658
0.7254166603088379
0.7427083253860474
0.7645833492279053
0.7922916412353516
0.8137500286102295
0.8612499833106995
0.8927083611488342
0.9170833230018616
0.9452083110809326
0.9722916483879089
0.9806249737739563
0.9652083516120911
0.9652083516120911
0.9806249737739563
0.9893749952316284
0.9935416579246521
0.9881250262260437
0.9743750095367432
0.981249988079071
0.98458331823349
0.987291693687439
0.9945833086967468
0.9883333444595337
0.9804166555404663
0.9895833134651184
0.9887499809265137
0.9897916913032532

training history val accuracy
0.5083333253860474
0.5083333253860474
0.5083333253860474
0.5083333253860474
0.5083333253860474
0.5083333253860474
0.5083333253860474
0.5316666960716248
0.5083333253860474
0.5108333230018616
0.5683333277702332
0.49166667461395264
0.49166667461395264
0.6233333349227905
0.5183333158493042
0.4933333396911621
0.5083333253860474
0.5083333253860474
0.60916668176651
0.5258333086967468
0.5083333253860474
0.5083333253860474
0.5083333253860474
0.5274999737739563
0.5116666555404663
0.5083333253860474
0.5641666650772095
0.5083333253860474
0.6575000286102295
0.5083333253860474
0.5083333253860474

training history loss
0.7392239570617676
0.6865191459655762
0.6449900269508362
0.581326425075531
0.5375347137451172
0.5109639763832092
0.4864717721939087
0.44821253418922424
0.40159088373184204
0.3332623839378357
0.25564345717430115
0.20340752601623535
0.14420674741268158
0.08064939826726913
0.0558600090444088
0.09533888846635818
0.09555471688508987
0.053594768047332764
0.03436300531029701
0.021159544587135315
0.03126235678792
0.0685695931315422
0.05326428264379501
0.04419621452689171
0.03668947145342827
0.01540594082325697
0.02735653892159462
0.055189743638038635
0.02916133962571621
0.03014584258198738
0.02866249345242977

training history val loss
0.7458730936050415
0.8804571628570557
1.631406545639038
2.6853902339935303
3.526099443435669
3.840076446533203
4.307538986206055
1.013285756111145
10.661962509155273
2.844331979751587
1.133018136024475
6.322725296020508
2.935688018798828
1.6790884733200073
3.587674617767334
8.216107368469238
9.064470291137695
14.631523132324219
2.091397285461426
4.552516460418701
10.307456016540527
7.941142559051514
10.004631042480469
3.848973274230957
5.190528392791748
4.912094593048096
1.9087656736373901
8.675847053527832
1.5801852941513062
9.2933988571167
8.494343757629395