test data loss : 0.7662938833236694
test data accyracy : 0.5

training history accuracy
0.5212500095367432
0.6102083325386047
0.675208330154419
0.7206249833106995
0.7418749928474426
0.7747916579246521
0.8031250238418579
0.8479166626930237
0.8822916746139526
0.9170833230018616
0.9460416436195374
0.9681249856948853
0.9641666412353516
0.96875
0.9766666889190674
0.9758333563804626
0.9891666769981384
0.9862499833106995
0.9827083349227905
0.9750000238418579
0.9760416746139526
0.9935416579246521
0.996666669845581
0.996874988079071
0.9864583611488342
0.9835416674613953
0.9879166483879089
0.9964583516120911
0.9983333349227905
0.9945833086967468
0.9862499833106995

training history val accuracy
0.5083333253860474
0.5083333253860474
0.5083333253860474
0.5083333253860474
0.5083333253860474
0.5083333253860474
0.5083333253860474
0.5083333253860474
0.5083333253860474
0.49166667461395264
0.5083333253860474
0.5308333039283752
0.6183333396911621
0.5208333134651184
0.67166668176651
0.5425000190734863
0.5316666960716248
0.5525000095367432
0.4925000071525574
0.49916666746139526
0.5916666388511658
0.5108333230018616
0.5299999713897705
0.5133333206176758
0.5083333253860474
0.5083333253860474
0.5508333444595337
0.6983333230018616
0.6575000286102295
0.5083333253860474
0.5183333158493042

training history loss
0.7679071426391602
0.6582190990447998
0.6018677353858948
0.5515003800392151
0.5229410529136658
0.47492003440856934
0.42531275749206543
0.34394320845603943
0.2866308093070984
0.19533613324165344
0.13868588209152222
0.0892602726817131
0.08977574110031128
0.07894166558980942
0.06604552268981934
0.0670246034860611
0.03394969925284386
0.03615516424179077
0.04882759600877762
0.06738600879907608
0.06210530549287796
0.021279718726873398
0.011812987737357616
0.012258877046406269
0.040287841111421585
0.044936373829841614
0.03439096361398697
0.01177666150033474
0.006090560927987099
0.014764693565666676
0.0418492928147316

training history val loss
0.7598413228988647
1.3288369178771973
1.5334172248840332
3.1401453018188477
3.629699230194092
1.3167991638183594
1.1574276685714722
4.742594242095947
6.553171634674072
3.8122119903564453
4.768311977386475
1.9487717151641846
1.0385218858718872
2.8865416049957275
1.145983099937439
4.166830062866211
3.9145572185516357
1.3664469718933105
5.240881443023682
5.837563991546631
1.59807288646698
6.0960564613342285
3.7077486515045166
4.587612152099609
8.723315238952637
7.298430919647217
3.0002007484436035
1.1579335927963257
1.2718037366867065
3.5826284885406494
2.918490171432495