test data loss : 0.7182800769805908
test data accyracy : 0.6269999742507935

training history accuracy
0.534375011920929
0.6272916793823242
0.6991666555404663
0.7304166555404663
0.7477083206176758
0.7724999785423279
0.809166669845581
0.8331249952316284
0.8860416412353516
0.909375011920929
0.9412500262260437
0.9574999809265137
0.9762499928474426
0.9677083492279053
0.9741666913032532
0.981458306312561
0.981249988079071
0.9868749976158142
0.9835416674613953
0.9804166555404663
0.9852083325386047
0.9860416650772095
0.9854166507720947
0.9818750023841858
0.981041669845581
0.9897916913032532
0.9937499761581421
0.9920833110809326
0.9854166507720947
0.9893749952316284
0.9925000071525574
0.9912499785423279
0.9958333373069763
0.9935416579246521
0.9897916913032532
0.9858333468437195
0.9883333444595337
0.9927083253860474

training history val accuracy
0.5083333253860474
0.5083333253860474
0.5083333253860474
0.5083333253860474
0.5083333253860474
0.5083333253860474
0.5083333253860474
0.6433333158493042
0.5083333253860474
0.6050000190734863
0.5266666412353516
0.5149999856948853
0.49166667461395264
0.6691666841506958
0.5083333253860474
0.6675000190734863
0.5416666865348816
0.5208333134651184
0.6783333420753479
0.4958333373069763
0.6625000238418579
0.4933333396911621
0.5083333253860474
0.5249999761581421
0.51583331823349
0.5583333373069763
0.5083333253860474
0.5116666555404663
0.60916668176651
0.5083333253860474
0.5083333253860474
0.6600000262260437
0.6675000190734863
0.5091666579246521
0.5758333206176758
0.5241666436195374
0.5933333039283752
0.5258333086967468

training history loss
0.7433394193649292
0.6475738883018494
0.584770679473877
0.5393548011779785
0.5105751752853394
0.47435492277145386
0.4159702956676483
0.3753691613674164
0.27312302589416504
0.21611756086349487
0.1434357762336731
0.11246700584888458
0.06804481148719788
0.08700305223464966
0.07106445729732513
0.0491170771420002
0.04672807827591896
0.03560073673725128
0.04171675443649292
0.049769267439842224
0.037901658564805984
0.04011379927396774
0.0412878692150116
0.04047701135277748
0.053498078137636185
0.026815874502062798
0.019177116453647614
0.02246025949716568
0.03807699680328369
0.03130395710468292
0.020940151065587997
0.022131195291876793
0.014648997224867344
0.01698019914329052
0.026472240686416626
0.032361723482608795
0.028102757409214973
0.020333996042609215

training history val loss
0.8937841653823853
0.9639548659324646
1.2748470306396484
1.490678071975708
1.0676624774932861
2.1261847019195557
4.060173034667969
0.705676257610321
6.8648786544799805
1.0888952016830444
1.658200740814209
3.2692503929138184
6.144519805908203
0.8780772686004639
7.073267459869385
0.8792235255241394
2.627995014190674
3.6830408573150635
0.9965017437934875
3.467926502227783
0.7400375008583069
3.6919445991516113
7.877373695373535
3.3963730335235596
4.237921714782715
2.9761276245117188
6.911297798156738
3.960772752761841
1.1661452054977417
8.362707138061523
6.232070446014404
1.0767711400985718
1.2178038358688354
6.622607707977295
2.3896756172180176
1.3506258726119995
1.6152148246765137
4.780804634094238