test data loss : 0.8901370167732239
test data accyracy : 0.6100000143051147

training history accuracy
0.5356249809265137
0.5916666388511658
0.6679166555404663
0.7129166722297668
0.7414583563804626
0.7614583373069763
0.7872916460037231
0.8164583444595337
0.8697916865348816
0.9006249904632568
0.9300000071525574
0.9522916674613953
0.9660416841506958
0.9764583110809326
0.9762499928474426
0.9816666841506958
0.9795833230018616
0.9860416650772095
0.9856250286102295
0.9729166626930237
0.9791666865348816
0.9893749952316284
0.9910416603088379
0.9916666746139526
0.9935416579246521
0.987708330154419
0.9818750023841858
0.9883333444595337
0.9937499761581421
0.9918749928474426
0.9889583587646484
0.9850000143051147
0.9904166460037231
0.9906250238418579
0.9950000047683716
0.9916666746139526
0.9891666769981384
0.9947916865348816
0.9950000047683716
0.9935416579246521
0.9820833206176758
0.9862499833106995
0.9900000095367432
0.9918749928474426
0.9979166388511658
0.9975000023841858
0.9958333373069763
0.9883333444595337
0.9883333444595337
0.9918749928474426
0.9977083206176758
0.9981250166893005

training history val accuracy
0.5083333253860474
0.5083333253860474
0.5083333253860474
0.5083333253860474
0.5083333253860474
0.5083333253860474
0.5083333253860474
0.5258333086967468
0.5083333253860474
0.5083333253860474
0.4975000023841858
0.5083333253860474
0.49166667461395264
0.5091666579246521
0.6424999833106995
0.5083333253860474
0.5083333253860474
0.5099999904632568
0.49166667461395264
0.49166667461395264
0.5108333230018616
0.6158333420753479
0.6200000047683716
0.5083333253860474
0.6158333420753479
0.6050000190734863
0.5108333230018616
0.5083333253860474
0.5083333253860474
0.5458333492279053
0.5083333253860474
0.512499988079071
0.6424999833106995
0.5366666913032532
0.5108333230018616
0.5083333253860474
0.5083333253860474
0.6399999856948853
0.5083333253860474
0.5083333253860474
0.5083333253860474
0.49166667461395264
0.5083333253860474
0.5083333253860474
0.5083333253860474
0.534166693687439
0.5083333253860474
0.5083333253860474
0.6191666722297668
0.6641666889190674
0.5099999904632568
0.6499999761581421

training history loss
0.7716379761695862
0.6678553819656372
0.6109728217124939
0.5609249472618103
0.5264335870742798
0.49406057596206665
0.4507090151309967
0.40410903096199036
0.30854445695877075
0.24322739243507385
0.17180481553077698
0.12168614566326141
0.09303094446659088
0.06834068149328232
0.0662345215678215
0.05312350392341614
0.05131160840392113
0.04161923751235008
0.04048817232251167
0.06976573169231415
0.059286002069711685
0.03274285048246384
0.026031985878944397
0.026618897914886475
0.02234882302582264
0.033329419791698456
0.050860241055488586
0.03247180953621864
0.02004442922770977
0.02337932400405407
0.03585347533226013
0.04076734185218811
0.026970192790031433
0.023646816611289978
0.01386996079236269
0.022677253931760788
0.03102227859199047
0.018573442474007607
0.013757026754319668
0.017824746668338776
0.04899587854743004
0.032072920352220535
0.0246895719319582
0.022485880181193352
0.007577328477054834
0.008873675018548965
0.01372400764375925
0.03074744902551174
0.029929345473647118
0.025679800659418106
0.007254400290548801
0.004967591259628534

training history val loss
0.98117595911026
1.7870259284973145
4.3520827293396
4.042709827423096
3.279437303543091
4.186917304992676
2.4768829345703125
1.155835747718811
3.276806354522705
3.518000841140747
2.6720058917999268
8.127283096313477
6.551098823547363
4.259792804718018
1.0953930616378784
10.462092399597168
8.171747207641602
4.469278335571289
8.269402503967285
6.816357612609863
2.5427656173706055
0.9036339521408081
1.6174741983413696
6.4347615242004395
1.5666929483413696
2.4508843421936035
2.341907024383545
8.595711708068848
10.81070327758789
2.2937567234039307
3.0709493160247803
2.8921310901641846
1.8393876552581787
3.1900830268859863
3.9132442474365234
5.709415912628174
7.433892250061035
1.428006649017334
6.698753833770752
9.069707870483398
12.4841947555542
12.358657836914062
6.9244465827941895
5.492848873138428
10.127349853515625
3.461038827896118
5.759205341339111
6.900097846984863
1.8653124570846558
1.4447327852249146
5.406922817230225
1.5985151529312134