test data loss : 0.7932553291320801
test data accyracy : 0.5

training history accuracy
0.5202083587646484
0.5518749952316284
0.5916666388511658
0.6735416650772095
0.7141666412353516
0.7389583587646484
0.7679166793823242
0.7872916460037231
0.8181250095367432
0.8502083420753479
0.893541693687439
0.925000011920929
0.9458333253860474
0.9643750190734863
0.9612500071525574
0.9762499928474426
0.9839583039283752
0.9858333468437195
0.9829166531562805
0.9820833206176758
0.981041669845581
0.9802083373069763
0.9839583039283752
0.9914583563804626
0.9850000143051147
0.9904166460037231
0.9939583539962769
0.9929166436195374
0.9870833158493042
0.987291693687439
0.9927083253860474

training history val accuracy
0.5083333253860474
0.5083333253860474
0.5083333253860474
0.5083333253860474
0.5083333253860474
0.5083333253860474
0.5083333253860474
0.5083333253860474
0.5083333253860474
0.5083333253860474
0.5083333253860474
0.6924999952316284
0.5241666436195374
0.5083333253860474
0.5083333253860474
0.5083333253860474
0.49166667461395264
0.5091666579246521
0.49166667461395264
0.5083333253860474
0.5441666841506958
0.6549999713897705
0.6675000190734863
0.6108333468437195
0.6449999809265137
0.5924999713897705
0.5049999952316284
0.6441666483879089
0.5108333230018616
0.5366666913032532
0.5083333253860474

training history loss
0.7452725768089294
0.6908470392227173
0.6665710806846619
0.6013387441635132
0.554375946521759
0.5215904712677002
0.48687031865119934
0.45657408237457275
0.4022359848022461
0.34403693675994873
0.25956591963768005
0.18925148248672485
0.13883037865161896
0.09241801500320435
0.09259837120771408
0.06351356208324432
0.047021765261888504
0.04108397662639618
0.04810892045497894
0.049766577780246735
0.05122676119208336
0.0525960735976696
0.04207691177725792
0.023593811318278313
0.0416334867477417
0.026404021307826042
0.019359447062015533
0.022413335740566254
0.03368270397186279
0.03609272465109825
0.022600121796131134

training history val loss
0.7856937050819397
0.9015398025512695
1.6541244983673096
3.031406879425049
5.814700126647949
5.607346534729004
6.379650115966797
5.671984672546387
3.738262176513672
7.3078107833862305
6.663724899291992
0.8940072655677795
3.516730546951294
6.9730329513549805
10.163992881774902
6.480625152587891
13.298086166381836
5.65872049331665
14.873896598815918
7.3018083572387695
3.0542244911193848
1.2259000539779663
1.5695512294769287
1.7736430168151855
1.4713776111602783
2.9308083057403564
5.659902572631836
1.7870434522628784
3.194657325744629
5.272456169128418
12.474381446838379