test data loss : 0.7000526785850525
test data accyracy : 0.5

training history accuracy
0.5220833420753479
0.5610416531562805
0.6464583277702332
0.6918749809265137
0.7289583086967468
0.7593749761581421
0.7729166746139526
0.8025000095367432
0.8318750262260437
0.875
0.9170833230018616
0.9381250143051147
0.9537500143051147
0.9639583230018616
0.9739583134651184
0.9802083373069763
0.9793750047683716
0.9766666889190674
0.9854166507720947
0.9885416626930237
0.9835416674613953
0.98416668176651
0.9833333492279053
0.987500011920929
0.9929166436195374
0.9935416579246521
0.9883333444595337
0.9897916913032532
0.9800000190734863
0.9889583587646484
0.9952083230018616

training history val accuracy
0.5083333253860474
0.5083333253860474
0.5083333253860474
0.5083333253860474
0.5083333253860474
0.5083333253860474
0.5083333253860474
0.5083333253860474
0.51583331823349
0.5083333253860474
0.5083333253860474
0.5299999713897705
0.49166667461395264
0.5816666483879089
0.5083333253860474
0.5625
0.5083333253860474
0.5558333396911621
0.5083333253860474
0.5858333110809326
0.49166667461395264
0.675000011920929
0.5083333253860474
0.6449999809265137
0.512499988079071
0.5083333253860474
0.5983333587646484
0.5083333253860474
0.51583331823349
0.6291666626930237
0.5058333277702332

training history loss
0.7611641883850098
0.6874501705169678
0.6271270513534546
0.580901026725769
0.5368199944496155
0.499240517616272
0.4726981520652771
0.42876505851745605
0.38684073090553284
0.2986007332801819
0.2113218754529953
0.15668834745883942
0.11840910464525223
0.09343758225440979
0.06425264477729797
0.059990786015987396
0.05663976073265076
0.06143510341644287
0.04328056797385216
0.033175982534885406
0.03908126428723335
0.045342084020376205
0.04623999446630478
0.030490770936012268
0.02257007732987404
0.022158771753311157
0.03204456344246864
0.027955109253525734
0.050507303327322006
0.027603521943092346
0.0158550962805748

training history val loss
0.6980869770050049
0.8462210297584534
1.7279213666915894
2.637676954269409
3.532122850418091
3.6630964279174805
4.55906867980957
5.9468817710876465
1.2527527809143066
2.8865694999694824
4.525674819946289
1.4991921186447144
7.131838321685791
1.6408424377441406
6.102903842926025
1.8442187309265137
10.01659107208252
2.90046763420105
9.826482772827148
1.8240242004394531
10.919194221496582
1.4707229137420654
8.821915626525879
1.3458808660507202
4.394192695617676
10.025070190429688
1.8641784191131592
11.726387023925781
5.139788627624512
1.7239253520965576
3.933445930480957