test data loss : 0.7719636559486389
test data accyracy : 0.5

training history accuracy
0.5585416555404663
0.6585416793823242
0.6941666603088379
0.7281249761581421
0.7472916841506958
0.7708333134651184
0.79666668176651
0.8227083086967468
0.8554166555404663
0.9066666960716248
0.9243749976158142
0.9516666531562805
0.9554166793823242
0.9747916460037231
0.9787499904632568
0.9756249785423279
0.9710416793823242
0.9787499904632568
0.9883333444595337
0.9789583086967468
0.9829166531562805
0.9947916865348816
0.9889583587646484
0.9918749928474426
0.987500011920929
0.9852083325386047
0.9839583039283752
0.9850000143051147
0.9931250214576721
0.987708330154419
0.9904166460037231

training history val accuracy
0.5083333253860474
0.5083333253860474
0.5083333253860474
0.5083333253860474
0.5083333253860474
0.5083333253860474
0.5083333253860474
0.5083333253860474
0.5083333253860474
0.5083333253860474
0.5274999737739563
0.5233333110809326
0.590833306312561
0.51583331823349
0.49166667461395264
0.5083333253860474
0.5216666460037231
0.6391666531562805
0.5733333230018616
0.5941666960716248
0.5191666483879089
0.5083333253860474
0.4925000071525574
0.5083333253860474
0.6725000143051147
0.5516666769981384
0.5083333253860474
0.5400000214576721
0.5375000238418579
0.5083333253860474
0.49166667461395264

training history loss
0.733157753944397
0.6198586821556091
0.583314061164856
0.5427570343017578
0.508480966091156
0.4726899266242981
0.4375647008419037
0.38891223073005676
0.33366498351097107
0.22951878607273102
0.18239155411720276
0.12589441239833832
0.11871350556612015
0.0730658695101738
0.060339584946632385
0.06549516320228577
0.07657834142446518
0.05571821704506874
0.03805675357580185
0.05913545563817024
0.04697512090206146
0.017994755879044533
0.031179768964648247
0.024377785623073578
0.03004511259496212
0.03736657276749611
0.04523949325084686
0.04347481578588486
0.021745232865214348
0.03578486293554306
0.024007927626371384

training history val loss
0.7657978534698486
1.8782155513763428
3.969667911529541
3.1963050365448
4.435475826263428
3.9678385257720947
5.0418500900268555
2.8495073318481445
2.9880831241607666
10.6072416305542
0.8649873733520508
2.2453625202178955
1.100338101387024
1.8756986856460571
9.966148376464844
11.787835121154785
4.193180561065674
1.5657323598861694
2.82133412361145
2.2065651416778564
2.886444568634033
10.720060348510742
7.520359516143799
4.517662525177002
1.232201099395752
2.2390894889831543
6.68614387512207
3.2334017753601074
3.0899178981781006
7.992619037628174
8.272696495056152