test data loss : 0.6246681809425354
test data accyracy : 0.652999997138977

training history accuracy
0.5147916674613953
0.5824999809265137
0.6610416769981384
0.7077083587646484
0.737291693687439
0.765625
0.8008333444595337
0.8206250071525574
0.8662499785423279
0.9089583158493042
0.9391666650772095
0.9597916603088379
0.9610416889190674
0.9662500023841858
0.9768750071525574
0.9793750047683716
0.9825000166893005
0.9850000143051147
0.9879166483879089
0.9800000190734863
0.98416668176651
0.9887499809265137
0.9939583539962769
0.9947916865348816
0.9850000143051147
0.9768750071525574
0.9868749976158142
0.9910416603088379
0.9937499761581421
0.9941666722297668
0.981041669845581
0.9933333396911621
0.9866666793823242
0.9833333492279053
0.9910416603088379
0.997083306312561
0.9981250166893005
0.9975000023841858

training history val accuracy
0.5083333253860474
0.5083333253860474
0.5083333253860474
0.5083333253860474
0.5083333253860474
0.5083333253860474
0.5083333253860474
0.6333333253860474
0.5083333253860474
0.5149999856948853
0.5383333563804626
0.5083333253860474
0.49166667461395264
0.5475000143051147
0.49416667222976685
0.5083333253860474
0.5083333253860474
0.49166667461395264
0.4983333349227905
0.5083333253860474
0.5083333253860474
0.5141666531562805
0.5083333253860474
0.49166667461395264
0.49166667461395264
0.6116666793823242
0.5083333253860474
0.49416667222976685
0.5083333253860474
0.7124999761581421
0.5625
0.6541666388511658
0.5083333253860474
0.5083333253860474
0.49166667461395264
0.5083333253860474
0.5249999761581421
0.49416667222976685

training history loss
0.7876478433609009
0.6699916124343872
0.6197779774665833
0.5653311014175415
0.5343707799911499
0.4926503598690033
0.44208770990371704
0.39708298444747925
0.3150857090950012
0.22430182993412018
0.15348868072032928
0.10502483695745468
0.09827646613121033
0.08256011456251144
0.06224857270717621
0.054998256266117096
0.05034570395946503
0.04520736634731293
0.03889542073011398
0.05461704358458519
0.043577518314123154
0.031126851215958595
0.01755440980195999
0.017175152897834778
0.04087014123797417
0.06669969111680984
0.03341444581747055
0.0248531773686409
0.016892438754439354
0.015370224602520466
0.05498175323009491
0.024174336344003677
0.03663237765431404
0.04286833480000496
0.02660883404314518
0.009628534317016602
0.006932058371603489
0.00976459588855505

training history val loss
1.627096176147461
2.558213233947754
6.728001117706299
8.999425888061523
9.190923690795898
6.192731857299805
8.769537925720215
0.6388006806373596
1.8101242780685425
1.3651961088180542
2.657879114151001
2.568443775177002
8.29407024383545
2.4750399589538574
5.546979904174805
8.882290840148926
6.93972635269165
6.588202953338623
2.176419973373413
7.191607475280762
7.264138221740723
4.143267631530762
9.366904258728027
9.932578086853027
9.979049682617188
1.502929925918579
13.17618465423584
3.4554378986358643
11.156155586242676
1.057654857635498
2.208507776260376
1.4283242225646973
10.012374877929688
11.603318214416504
8.856980323791504
7.562241077423096
2.9661240577697754
5.163503646850586