test data loss : 0.9257092475891113
test data accyracy : 0.6729999780654907

training history accuracy
0.5243750214576721
0.59375
0.6777083277702332
0.7072916626930237
0.737708330154419
0.7583333253860474
0.7933333516120911
0.8222916722297668
0.8522916436195374
0.8958333134651184
0.9183333516120911
0.9591666460037231
0.9647916555404663
0.9666666388511658
0.9775000214576721
0.9852083325386047
0.9787499904632568
0.9762499928474426
0.9822916388511658
0.9854166507720947
0.987708330154419
0.9787499904632568
0.9887499809265137
0.9906250238418579
0.9870833158493042
0.987500011920929
0.9881250262260437
0.9914583563804626
0.9889583587646484
0.9906250238418579
0.9920833110809326
0.9893749952316284
0.9939583539962769
0.9883333444595337
0.9852083325386047
0.9883333444595337
0.9947916865348816
0.9945833086967468
0.987291693687439
0.9906250238418579
0.9902083277702332

training history val accuracy
0.5083333253860474
0.5083333253860474
0.5083333253860474
0.5083333253860474
0.5083333253860474
0.5083333253860474
0.5083333253860474
0.5083333253860474
0.5091666579246521
0.5224999785423279
0.6458333134651184
0.5566666722297668
0.51583331823349
0.5366666913032532
0.49166667461395264
0.5083333253860474
0.5674999952316284
0.5083333253860474
0.6308333277702332
0.49166667461395264
0.5083333253860474
0.4975000023841858
0.5133333206176758
0.49166667461395264
0.49166667461395264
0.5058333277702332
0.6449999809265137
0.6783333420753479
0.5674999952316284
0.5083333253860474
0.5083333253860474
0.5975000262260437
0.5083333253860474
0.5233333110809326
0.5083333253860474
0.5366666913032532
0.5116666555404663
0.5174999833106995
0.4925000071525574
0.512499988079071
0.5116666555404663

training history loss
0.782420814037323
0.6677358746528625
0.6027517318725586
0.5640184879302979
0.5270162224769592
0.49457138776779175
0.44747188687324524
0.4005071818828583
0.3412449359893799
0.24465540051460266
0.19986386597156525
0.11474151909351349
0.09645436704158783
0.0892067700624466
0.06177174299955368
0.046342331916093826
0.05680602416396141
0.05773507431149483
0.04625570774078369
0.03991270810365677
0.0373685285449028
0.05597038194537163
0.03246369585394859
0.02863249182701111
0.03740198165178299
0.0357285775244236
0.03010598197579384
0.026820622384548187
0.03149016574025154
0.027878288179636
0.022832825779914856
0.03195305913686752
0.01721118576824665
0.03403323516249657
0.03730075806379318
0.031072022393345833
0.017165567725896835
0.014040002599358559
0.03330165147781372
0.0257046390324831
0.027983948588371277

training history val loss
1.0408530235290527
1.9456937313079834
4.431148052215576
5.285253524780273
6.572213649749756
7.055583477020264
4.43235969543457
2.697744846343994
1.987546443939209
2.3780677318573
0.9831824898719788
2.3023931980133057
2.220616102218628
1.6311992406845093
4.184049606323242
8.882697105407715
1.4198529720306396
6.9590349197387695
1.1638238430023193
5.420496940612793
12.659430503845215
4.642518520355225
3.0035977363586426
12.820865631103516
7.722537517547607
6.375535011291504
1.4750182628631592
1.1491203308105469
2.563662052154541
8.982325553894043
10.217142105102539
1.4266304969787598
12.02099609375
5.390172481536865
13.061199188232422
4.990036964416504
4.8312859535217285
4.557331085205078
5.763283729553223
6.592067241668701
6.1673903465271