test data loss : 0.8206776976585388
test data accyracy : 0.7149999737739563

training history accuracy
0.5137500166893005
0.5733333230018616
0.6541666388511658
0.7010416388511658
0.7149999737739563
0.7433333396911621
0.7706249952316284
0.7956249713897705
0.8218749761581421
0.87479168176651
0.9079166650772095
0.9410416483879089
0.956250011920929
0.9702083468437195
0.9664583206176758
0.9664583206176758
0.9795833230018616
0.9937499761581421
0.9889583587646484
0.9764583110809326
0.9764583110809326
0.9808333516120911
0.9916666746139526
0.9912499785423279
0.9929166436195374
0.9885416626930237
0.9925000071525574
0.9866666793823242
0.9895833134651184
0.9893749952316284
0.98416668176651
0.9866666793823242
0.9939583539962769
0.9972916841506958
0.9983333349227905
0.9920833110809326
0.9895833134651184
0.9922916889190674
0.9922916889190674
0.9941666722297668
0.9943749904632568
0.9956250190734863
0.9866666793823242
0.984375
0.9920833110809326
0.9937499761581421
0.9933333396911621
0.9941666722297668
0.9954166412353516
0.9910416603088379
0.9929166436195374
0.9941666722297668
0.9933333396911621
0.9952083230018616
0.9977083206176758
0.9910416603088379
0.9916666746139526
0.9943749904632568
0.9945833086967468
0.9964583516120911
0.9929166436195374
0.9893749952316284
0.9943749904632568
0.996874988079071
0.9972916841506958
0.9916666746139526

training history val accuracy
0.5083333253860474
0.5083333253860474
0.5083333253860474
0.5083333253860474
0.5083333253860474
0.5083333253860474
0.5083333253860474
0.5083333253860474
0.5083333253860474
0.5108333230018616
0.5083333253860474
0.4983333349227905
0.5183333158493042
0.5083333253860474
0.5083333253860474
0.5083333253860474
0.675000011920929
0.4950000047683716
0.5633333325386047
0.5091666579246521
0.5083333253860474
0.5274999737739563
0.5299999713897705
0.5400000214576721
0.6524999737739563
0.5141666531562805
0.5083333253860474
0.5099999904632568
0.6741666793823242
0.6783333420753479
0.5183333158493042
0.625
0.5083333253860474
0.559166669845581
0.5933333039283752
0.690833330154419
0.5083333253860474
0.5291666388511658
0.5400000214576721
0.5758333206176758
0.49166667461395264
0.5183333158493042
0.5083333253860474
0.5799999833106995
0.5083333253860474
0.4975000023841858
0.5216666460037231
0.5174999833106995
0.5083333253860474
0.5083333253860474
0.5083333253860474
0.5091666579246521
0.5091666579246521
0.5183333158493042
0.5091666579246521
0.5083333253860474
0.5083333253860474
0.6299999952316284
0.5083333253860474
0.5083333253860474
0.5083333253860474
0.5083333253860474
0.5083333253860474
0.5550000071525574
0.5383333563804626
0.5091666579246521

training history loss
0.8209884762763977
0.6817861199378967
0.6176018714904785
0.5670648813247681
0.5501707196235657
0.5149067044258118
0.48092296719551086
0.43537017703056335
0.398929238319397
0.2985617220401764
0.22673524916172028
0.15382863581180573
0.11381131410598755
0.08100412040948868
0.08256760239601135
0.0883510485291481
0.05098150297999382
0.024191178381443024
0.029948167502880096
0.06156488507986069
0.06219916045665741
0.05442368984222412
0.025879530236124992
0.02462572231888771
0.022832214832305908
0.028636472299695015
0.025205302983522415
0.034411121159791946
0.02982521988451481
0.028711678460240364
0.04697185382246971
0.040519554167985916
0.019646618515253067
0.010037781670689583
0.0066475095227360725
0.01999490149319172
0.029096603393554688
0.022174755111336708
0.024627240374684334
0.01672249659895897
0.01832314394414425
0.01132201123982668
0.03834826126694679
0.04272637516260147
0.020078588277101517
0.019041139632463455
0.017034979537129402
0.01568109542131424
0.014865627512335777
0.028104107826948166
0.018578166142106056
0.01649383455514908
0.018137460574507713
0.014589885249733925
0.008328036405146122
0.023480325937271118
0.028197912499308586
0.016300097107887268
0.01781480945646763
0.010913972742855549
0.018973449245095253
0.027767209336161613
0.013044293969869614
0.008539185859262943
0.008358126506209373
0.024007532745599747

training history val loss
1.1212273836135864
1.3853083848953247
3.7687487602233887
3.9253690242767334
4.817800998687744
4.429599285125732
2.7562060356140137
2.4789879322052
3.0958967208862305
1.915107011795044
4.618174076080322
3.4436540603637695
3.319366455078125
7.9595794677734375
7.2547712326049805
9.195137977600098
1.0454647541046143
5.575483322143555
1.7263437509536743
4.589422702789307
7.395973205566406
4.017570972442627
4.365933895111084
2.8576865196228027
1.0348695516586304
3.672041893005371
11.362703323364258
4.444720268249512
1.109075665473938
1.249330997467041
4.556385517120361
1.3234492540359497
5.516808032989502
2.954658031463623
2.109785795211792
0.852735161781311
10.617571830749512
5.989964008331299
3.982138156890869
3.0137670040130615
8.81317138671875
3.3247671127319336
7.786839008331299
2.9420084953308105
6.062712669372559
5.154466152191162
3.550976037979126
5.104423522949219
2.9903810024261475
9.588913917541504
9.914834976196289
3.737194299697876
5.975780010223389
5.316481113433838
8.500988006591797
5.808335781097412
14.753332138061523
2.4976394176483154
12.25281810760498
6.310866832733154
12.131033897399902
6.575459957122803
10.308032989501953
2.474985122680664
3.611940622329712
4.13286018371582