test data loss : 1.0642489194869995
test data accyracy : 0.5

training history accuracy
0.5295833349227905
0.6027083396911621
0.6725000143051147
0.7245833277702332
0.7587500214576721
0.78145831823349
0.8243749737739563
0.8614583611488342
0.9010416865348816
0.940625011920929
0.9422916769981384
0.9679166674613953
0.9793750047683716
0.9831249713897705
0.9795833230018616
0.9783333539962769
0.9741666913032532
0.9764583110809326
0.9889583587646484
0.9866666793823242
0.9858333468437195
0.9897916913032532
0.9904166460037231
0.9806249737739563
0.9825000166893005
0.9891666769981384
0.9902083277702332
0.9900000095367432
0.9895833134651184
0.9908333420753479
0.9866666793823242

training history val accuracy
0.5083333253860474
0.5083333253860474
0.5083333253860474
0.5083333253860474
0.5083333253860474
0.5083333253860474
0.5083333253860474
0.5083333253860474
0.5083333253860474
0.60916668176651
0.5766666531562805
0.4983333349227905
0.5816666483879089
0.49166667461395264
0.49166667461395264
0.5083333253860474
0.49166667461395264
0.5358333587646484
0.5083333253860474
0.6075000166893005
0.4908333420753479
0.49166667461395264
0.5083333253860474
0.5083333253860474
0.5083333253860474
0.6449999809265137
0.49666666984558105
0.5083333253860474
0.6416666507720947
0.5083333253860474
0.5083333253860474

training history loss
0.7649931907653809
0.6664905548095703
0.6000618934631348
0.5465219020843506
0.49875181913375854
0.45829397439956665
0.38590142130851746
0.3225836157798767
0.2348857820034027
0.1570744663476944
0.14343756437301636
0.0916128158569336
0.056284382939338684
0.044700540602207184
0.055221959948539734
0.06619139760732651
0.07231170684099197
0.06424454599618912
0.035145074129104614
0.03353359177708626
0.0405542254447937
0.031133346259593964
0.03027997724711895
0.048863161355257034
0.04980256035923958
0.030315296724438667
0.02766890451312065
0.028540194034576416
0.0318807028234005
0.02712283842265606
0.03597361221909523

training history val loss
1.0489692687988281
1.9733964204788208
4.088590145111084
6.1406121253967285
7.058633804321289
7.020056247711182
5.721622943878174
9.341415405273438
9.840862274169922
1.237766981124878
1.8527809381484985
3.813070058822632
1.6987823247909546
7.598862171173096
10.76019287109375
16.245637893676758
7.402714729309082
3.975593328475952
5.985257148742676
1.9633063077926636
5.726539134979248
9.84790325164795
10.036569595336914
20.136701583862305
10.080404281616211
1.4834516048431396
5.334569454193115
11.008028030395508
1.8321576118469238
8.870569229125977
11.305427551269531