test data loss : 0.9691111445426941
test data accyracy : 0.5

training history accuracy
0.5318750143051147
0.5922916531562805
0.6918749809265137
0.7337499856948853
0.75020831823349
0.7916666865348816
0.8189583420753479
0.856041669845581
0.9037500023841858
0.9275000095367432
0.9595833420753479
0.9495833516120911
0.9604166746139526
0.9777083396911621
0.9797916412353516
0.9868749976158142
0.9864583611488342
0.981458306312561
0.9750000238418579
0.9800000190734863
0.9931250214576721
0.9908333420753479
0.987500011920929
0.9881250262260437
0.9879166483879089
0.9789583086967468
0.9820833206176758
0.9862499833106995
0.9922916889190674
0.9897916913032532
0.9889583587646484

training history val accuracy
0.5083333253860474
0.5083333253860474
0.5083333253860474
0.5083333253860474
0.5083333253860474
0.5083333253860474
0.5083333253860474
0.5083333253860474
0.5083333253860474
0.6641666889190674
0.49166667461395264
0.5083333253860474
0.6083333492279053
0.625
0.49166667461395264
0.5258333086967468
0.4950000047683716
0.5083333253860474
0.6141666769981384
0.5708333253860474
0.5649999976158142
0.49666666984558105
0.49166667461395264
0.49166667461395264
0.49166667461395264
0.5083333253860474
0.5083333253860474
0.5333333611488342
0.6016666889190674
0.49166667461395264
0.5091666579246521

training history loss
0.7439391016960144
0.666466474533081
0.5924392938613892
0.5360484719276428
0.5040772557258606
0.4603578746318817
0.4082876443862915
0.3336215317249298
0.23702183365821838
0.18326270580291748
0.10819703340530396
0.1315387785434723
0.10053494572639465
0.06292332708835602
0.05285389721393585
0.038291361182928085
0.04005644470453262
0.05120241269469261
0.07226138561964035
0.05652390047907829
0.02392694540321827
0.02768804505467415
0.03662842884659767
0.03534605726599693
0.034922562539577484
0.054991938173770905
0.050294745713472366
0.0331699512898922
0.02194058708846569
0.02713688462972641
0.029109923169016838

training history val loss
0.9561672806739807
1.2168248891830444
3.8543033599853516
6.017260551452637
10.521937370300293
10.892972946166992
10.758325576782227
6.243040561676025
10.831281661987305
0.9865514039993286
8.112617492675781
8.241756439208984
1.33220636844635
1.6906589269638062
8.251164436340332
3.4794955253601074
3.056426525115967
19.474071502685547
1.9993664026260376
2.2654356956481934
3.4089787006378174
5.302567958831787
7.629310607910156
24.267606735229492
11.859272003173828
11.872679710388184
17.287857055664062
4.8341965675354
2.849363088607788
12.234332084655762
5.9278693199157715