test data loss : 0.7328795194625854
test data accyracy : 0.5

training history accuracy
0.5222916603088379
0.6041666865348816
0.6735416650772095
0.7085416913032532
0.7281249761581421
0.7612500190734863
0.7789583206176758
0.8052083253860474
0.846875011920929
0.8847916722297668
0.9254166483879089
0.9504166841506958
0.9604166746139526
0.9706249833106995
0.9670833349227905
0.9783333539962769
0.9864583611488342
0.9854166507720947
0.9891666769981384
0.9879166483879089
0.98458331823349
0.9827083349227905
0.9856250286102295
0.9870833158493042
0.9943749904632568
0.9920833110809326
0.9881250262260437
0.9818750023841858
0.9816666841506958
0.9937499761581421
0.9947916865348816

training history val accuracy
0.5083333253860474
0.5083333253860474
0.5083333253860474
0.5083333253860474
0.5083333253860474
0.5083333253860474
0.5083333253860474
0.5083333253860474
0.5083333253860474
0.5083333253860474
0.5108333230018616
0.5616666674613953
0.5116666555404663
0.5458333492279053
0.5083333253860474
0.49166667461395264
0.5083333253860474
0.5083333253860474
0.5724999904632568
0.5991666913032532
0.5533333420753479
0.5933333039283752
0.5191666483879089
0.6666666865348816
0.5808333158493042
0.5083333253860474
0.5083333253860474
0.5149999856948853
0.5216666460037231
0.5083333253860474
0.57833331823349

training history loss
0.8136805295944214
0.660680890083313
0.6063918471336365
0.5637121200561523
0.5372368097305298
0.49747294187545776
0.45829451084136963
0.42458781599998474
0.34727075695991516
0.26409387588500977
0.19130650162696838
0.12793219089508057
0.10192342847585678
0.07939156889915466
0.08583172410726547
0.05942197144031525
0.039844222366809845
0.04157822206616402
0.0354640856385231
0.03344597667455673
0.04731466621160507
0.04601114243268967
0.040558792650699615
0.03898055851459503
0.018959760665893555
0.023144233971834183
0.03381173685193062
0.04760679975152016
0.04596642032265663
0.019486604258418083
0.014574750326573849

training history val loss
0.7277306318283081
1.4735643863677979
1.4789540767669678
1.4323546886444092
2.3961939811706543
1.1906461715698242
1.3186601400375366
1.673886775970459
2.1814327239990234
4.167741298675537
3.210172414779663
1.038135051727295
5.24737548828125
2.48287296295166
12.547314643859863
5.290907859802246
8.747821807861328
7.000361919403076
1.5216407775878906
1.885921597480774
2.4313201904296875
1.5567718744277954
2.534327507019043
1.3653862476348877
2.8912463188171387
4.496562480926514
12.900568962097168
3.8957691192626953
4.43679666519165
9.155115127563477
1.7519946098327637