test data loss : 0.8353013396263123
test data accyracy : 0.5

training history accuracy
0.5337499976158142
0.596666693687439
0.6668750047683716
0.7104166746139526
0.7464583516120911
0.7668750286102295
0.7897916436195374
0.8170833587646484
0.8620833158493042
0.8856250047683716
0.9304166436195374
0.9518749713897705
0.9599999785423279
0.965624988079071
0.9781249761581421
0.9791666865348816
0.9852083325386047
0.9856250286102295
0.9833333492279053
0.9835416674613953
0.9793750047683716
0.9835416674613953
0.9906250238418579
0.9945833086967468
0.9933333396911621
0.9891666769981384
0.981249988079071
0.984375
0.9897916913032532
0.9904166460037231
0.9927083253860474

training history val accuracy
0.5083333253860474
0.5083333253860474
0.5083333253860474
0.5083333253860474
0.5083333253860474
0.5083333253860474
0.5083333253860474
0.5083333253860474
0.49166667461395264
0.49166667461395264
0.5208333134651184
0.5083333253860474
0.6333333253860474
0.5083333253860474
0.49166667461395264
0.49166667461395264
0.5083333253860474
0.5083333253860474
0.5083333253860474
0.5083333253860474
0.5083333253860474
0.6274999976158142
0.6474999785423279
0.6783333420753479
0.5191666483879089
0.5083333253860474
0.5083333253860474
0.550000011920929
0.49166667461395264
0.6958333253860474
0.5083333253860474

training history loss
0.7557072043418884
0.6658409833908081
0.6137465238571167
0.5640740394592285
0.5128335356712341
0.4874624013900757
0.44596409797668457
0.3990616202354431
0.32079845666885376
0.27774977684020996
0.17772479355335236
0.12537188827991486
0.10978749394416809
0.08635835349559784
0.06156209483742714
0.05584188550710678
0.04819084703922272
0.03796002268791199
0.046253737062215805
0.05275990813970566
0.05311094969511032
0.044891566038131714
0.028417717665433884
0.016453281044960022
0.01906367391347885
0.030209416523575783
0.053110696375370026
0.043318551033735275
0.030786244198679924
0.024247299879789352
0.022525576874613762

training history val loss
0.8261752724647522
1.135567307472229
2.7824034690856934
3.709488868713379
5.759671688079834
6.100449562072754
7.0921630859375
5.004965782165527
3.9876317977905273
9.344717979431152
2.11102557182312
11.911874771118164
1.467049241065979
8.940213203430176
20.161073684692383
17.597625732421875
11.411710739135742
5.894374370574951
9.310565948486328
8.792343139648438
9.360122680664062
1.2139098644256592
1.5125614404678345
1.1783790588378906
4.311646938323975
5.1546430587768555
6.36215353012085
3.332071542739868
10.189106941223145
1.2325459718704224
5.724032878875732