test data loss : 0.7178844809532166
test data accyracy : 0.5

training history accuracy
0.5224999785423279
0.5720833539962769
0.643541693687439
0.7070833444595337
0.7327083349227905
0.7727083563804626
0.7820833325386047
0.8139583468437195
0.8535416722297668
0.8952083587646484
0.9204166531562805
0.9447916746139526
0.956458330154419
0.9770833253860474
0.971666693687439
0.9743750095367432
0.9808333516120911
0.9793750047683716
0.9837499856948853
0.9908333420753479
0.9889583587646484
0.9816666841506958
0.9883333444595337
0.987500011920929
0.9847916960716248
0.987500011920929
0.9900000095367432
0.9900000095367432
0.9860416650772095
0.9885416626930237
0.9885416626930237

training history val accuracy
0.5083333253860474
0.5083333253860474
0.5083333253860474
0.5083333253860474
0.5083333253860474
0.5083333253860474
0.5083333253860474
0.5083333253860474
0.5083333253860474
0.5074999928474426
0.5083333253860474
0.49166667461395264
0.5933333039283752
0.49166667461395264
0.5608333349227905
0.5550000071525574
0.49166667461395264
0.6758333444595337
0.5299999713897705
0.5
0.6549999713897705
0.5083333253860474
0.5083333253860474
0.5083333253860474
0.5733333230018616
0.6399999856948853
0.5091666579246521
0.60916668176651
0.6233333349227905
0.6808333396911621
0.5083333253860474

training history loss
0.7477504014968872
0.6794992089271545
0.6346250176429749
0.5705770254135132
0.5310757160186768
0.4909525513648987
0.46697694063186646
0.40442970395088196
0.3357740640640259
0.2522624135017395
0.1886400580406189
0.13794296979904175
0.11027154326438904
0.06907230615615845
0.07390289008617401
0.07115890830755234
0.05118028074502945
0.06083918362855911
0.04369998350739479
0.026466937735676765
0.032464370131492615
0.047777991741895676
0.029770784080028534
0.03217843547463417
0.04568035900592804
0.034299999475479126
0.027092676609754562
0.02373184636235237
0.034870196133852005
0.030805421993136406
0.029833698645234108

training history val loss
0.7141755819320679
1.2720426321029663
2.537142038345337
5.2358245849609375
5.595081806182861
9.13908576965332
8.992839813232422
6.800633907318115
13.949103355407715
2.2741775512695312
12.946061134338379
13.67577838897705
1.919756293296814
9.167482376098633
2.28348970413208
3.1987037658691406
12.575519561767578
0.8810184597969055
3.3143632411956787
3.5261874198913574
1.1654733419418335
12.980177879333496
6.8194050788879395
7.360617637634277
3.449997901916504
1.519628643989563
5.703065395355225
1.818749189376831
1.5095258951187134
1.258469820022583
7.944153785705566