test data loss : 0.7718173265457153
test data accyracy : 0.5

training history accuracy
0.5304166674613953
0.6035416722297668
0.690625011920929
0.7227083444595337
0.7443749904632568
0.7649999856948853
0.7897916436195374
0.8272916674613953
0.8658333420753479
0.8745833039283752
0.9491666555404663
0.9506250023841858
0.9593750238418579
0.9722916483879089
0.9883333444595337
0.987500011920929
0.9789583086967468
0.9681249856948853
0.9779166579246521
0.987500011920929
0.987500011920929
0.9895833134651184
0.9860416650772095
0.9750000238418579
0.9787499904632568
0.9929166436195374
0.996666669845581
0.997083306312561
0.9989583492279053
0.9954166412353516
0.9802083373069763

training history val accuracy
0.5083333253860474
0.5083333253860474
0.5083333253860474
0.5083333253860474
0.5083333253860474
0.5083333253860474
0.5083333253860474
0.5083333253860474
0.5083333253860474
0.5083333253860474
0.5400000214576721
0.5116666555404663
0.5083333253860474
0.5091666579246521
0.5083333253860474
0.49166667461395264
0.5083333253860474
0.6650000214576721
0.5083333253860474
0.5116666555404663
0.5083333253860474
0.5166666507720947
0.534166693687439
0.49166667461395264
0.6608333587646484
0.6458333134651184
0.5083333253860474
0.49166667461395264
0.6725000143051147
0.5266666412353516
0.5891666412353516

training history loss
0.7504808306694031
0.6648262739181519
0.5937110781669617
0.5550875663757324
0.5242399573326111
0.48667627573013306
0.4427174925804138
0.37972205877304077
0.3145884573459625
0.30343300104141235
0.13602538406848907
0.13334888219833374
0.10706354677677155
0.07225622236728668
0.03890477120876312
0.03665700554847717
0.054612819105386734
0.08575470745563507
0.059344951063394547
0.03612252697348595
0.03548530116677284
0.029352538287639618
0.0347440280020237
0.06296008080244064
0.055992960929870605
0.024254143238067627
0.009546342305839062
0.009251030161976814
0.006303654983639717
0.013936715200543404
0.052379634231328964

training history val loss
0.765117347240448
1.503328800201416
2.19704270362854
3.5340888500213623
5.6233344078063965
4.702232837677002
7.367009162902832
6.046060562133789
8.336079597473145
7.141213417053223
1.509260892868042
3.2475202083587646
8.226667404174805
3.0652143955230713
5.423220157623291
8.742926597595215
6.520643711090088
1.1260104179382324
6.021605014801025
5.535233020782471
5.522026538848877
4.579453468322754
3.0262606143951416
8.035700798034668
1.1907800436019897
1.156733751296997
5.8107123374938965
8.197101593017578
1.2001311779022217
2.9784207344055176
2.8923962116241455