test data loss : 1.0014324188232422
test data accyracy : 0.5

training history accuracy
0.5212500095367432
0.5589583516120911
0.6360416412353516
0.7093750238418579
0.737708330154419
0.7581250071525574
0.7875000238418579
0.8204166889190674
0.8660416603088379
0.8995833396911621
0.925208330154419
0.9552083611488342
0.9624999761581421
0.9727083444595337
0.9789583086967468
0.9674999713897705
0.9781249761581421
0.9910416603088379
0.9850000143051147
0.9831249713897705
0.9795833230018616
0.984375
0.9804166555404663
0.9902083277702332
0.9950000047683716
0.9947916865348816
0.9889583587646484
0.9831249713897705
0.9835416674613953
0.9960416555404663
0.9920833110809326

training history val accuracy
0.5083333253860474
0.5083333253860474
0.5083333253860474
0.5083333253860474
0.5083333253860474
0.5083333253860474
0.5083333253860474
0.5083333253860474
0.5083333253860474
0.5083333253860474
0.5550000071525574
0.5983333587646484
0.49166667461395264
0.637499988079071
0.5083333253860474
0.5083333253860474
0.6258333325386047
0.57833331823349
0.5083333253860474
0.5308333039283752
0.5083333253860474
0.5216666460037231
0.4925000071525574
0.5008333325386047
0.6775000095367432
0.5083333253860474
0.6666666865348816
0.6241666674613953
0.6600000262260437
0.49166667461395264
0.5958333611488342

training history loss
0.7593190670013428
0.6862577199935913
0.6354467272758484
0.5679932832717896
0.5258162021636963
0.49909332394599915
0.45477965474128723
0.4024523198604584
0.3177591860294342
0.24117596447467804
0.1843128502368927
0.12350046634674072
0.09793537855148315
0.07641175389289856
0.05303388461470604
0.08761908113956451
0.05938567593693733
0.0287309680134058
0.042812541127204895
0.04509662091732025
0.0527770072221756
0.0444607213139534
0.05336315929889679
0.03160851448774338
0.017449766397476196
0.012965834699571133
0.031353116035461426
0.05069912597537041
0.04715755581855774
0.01586344838142395
0.02281883917748928

training history val loss
0.9876663088798523
1.1228171586990356
2.7984585762023926
5.70017671585083
6.830262184143066
9.289822578430176
10.12220573425293
9.323619842529297
5.714505672454834
8.20266342163086
4.641310214996338
2.042069673538208
5.088956356048584
1.485129714012146
7.558788299560547
20.610549926757812
1.272477388381958
1.951813817024231
11.258345603942871
4.9652862548828125
14.473043441772461
5.622341156005859
5.438619136810303
5.412895679473877
1.33645498752594
12.28156566619873
1.4017173051834106
1.4560692310333252
1.4974058866500854
9.920401573181152
1.9335559606552124