test data loss : 0.6174926161766052
test data accyracy : 0.6830000281333923

training history accuracy
0.5395833253860474
0.637708306312561
0.7083333134651184
0.7352083325386047
0.7504166960716248
0.768541693687439
0.8081250190734863
0.8341666460037231
0.8910416960716248
0.9166666865348816
0.9441666603088379
0.965416669845581
0.9691666960716248
0.9697916507720947
0.9781249761581421
0.9785416722297668
0.9831249713897705
0.9829166531562805
0.9833333492279053
0.9860416650772095
0.9808333516120911
0.9916666746139526
0.987291693687439
0.9889583587646484
0.9860416650772095
0.9870833158493042
0.9829166531562805
0.9900000095367432
0.9947916865348816
0.996874988079071
0.996874988079071
0.9975000023841858
0.9933333396911621
0.9739583134651184
0.9795833230018616
0.9931250214576721
0.9952083230018616
0.9950000047683716
0.9920833110809326
0.9933333396911621
0.9914583563804626
0.9847916960716248
0.9883333444595337

training history val accuracy
0.49166667461395264
0.5083333253860474
0.5083333253860474
0.5083333253860474
0.5083333253860474
0.5083333253860474
0.5083333253860474
0.5083333253860474
0.5083333253860474
0.5083333253860474
0.49166667461395264
0.5091666579246521
0.6583333611488342
0.6208333373069763
0.5099999904632568
0.5083333253860474
0.5083333253860474
0.5083333253860474
0.6858333349227905
0.5091666579246521
0.5149999856948853
0.5083333253860474
0.5049999952316284
0.5166666507720947
0.5083333253860474
0.5083333253860474
0.6641666889190674
0.5049999952316284
0.6083333492279053
0.6758333444595337
0.5899999737739563
0.5199999809265137
0.5083333253860474
0.49166667461395264
0.5933333039283752
0.6316666603088379
0.6541666388511658
0.5975000262260437
0.49166667461395264
0.5091666579246521
0.5083333253860474
0.5083333253860474
0.5291666388511658

training history loss
0.757601797580719
0.6391568779945374
0.5720617175102234
0.53610759973526
0.508287250995636
0.47213348746299744
0.4267134666442871
0.37153005599975586
0.27094289660453796
0.20325760543346405
0.15238167345523834
0.09671912342309952
0.07763148099184036
0.07938001304864883
0.06093789264559746
0.0557531975209713
0.04524711146950722
0.04730653390288353
0.04878392815589905
0.04193941131234169
0.04729703441262245
0.025857331231236458
0.0346471443772316
0.03258921578526497
0.03413825482130051
0.038274284452199936
0.043970514088869095
0.027528084814548492
0.014976458624005318
0.011524357832968235
0.012109637260437012
0.008381976746022701
0.01887025125324726
0.07711940258741379
0.05339055880904198
0.021905560046434402
0.01602255553007126
0.013197445310652256
0.02290448546409607
0.02015753649175167
0.02055124193429947
0.04201459512114525
0.03304414078593254

training history val loss
0.7502105832099915
0.8310760259628296
1.7073441743850708
2.9041125774383545
2.6480631828308105
1.323306918144226
1.7306219339370728
2.4527604579925537
1.692461609840393
11.530468940734863
7.039885997772217
7.232825756072998
0.6477212309837341
1.0869702100753784
5.042982578277588
9.790757179260254
6.895628452301025
10.434551239013672
1.1777423620224
3.5065221786499023
6.059235572814941
4.003932476043701
2.609219789505005
2.5245702266693115
6.223783016204834
14.232156753540039
1.3006706237792969
3.921736717224121
2.1205742359161377
0.9701020121574402
3.0703723430633545
4.272425651550293
11.551888465881348
9.390265464782715
1.7247262001037598
1.747379183769226
1.3385504484176636
2.5358948707580566
12.111808776855469
7.950361251831055
9.9027681350708
6.301438808441162
2.9986093044281006