test data loss : 0.8575112223625183
test data accyracy : 0.5

training history accuracy
0.534583330154419
0.5864583253860474
0.6754166483879089
0.7122916579246521
0.7393749952316284
0.7720833420753479
0.8039583563804626
0.846666693687439
0.8847916722297668
0.9070833325386047
0.9435416460037231
0.9493749737739563
0.9706249833106995
0.9797916412353516
0.9839583039283752
0.9700000286102295
0.9693750143051147
0.965833306312561
0.98458331823349
0.9908333420753479
0.996666669845581
0.9975000023841858
0.996666669845581
0.9895833134651184
0.9745833277702332
0.9700000286102295
0.9906250238418579
0.9952083230018616
0.9983333349227905
0.996666669845581
0.9931250214576721

training history val accuracy
0.5083333253860474
0.5083333253860474
0.5083333253860474
0.5083333253860474
0.5083333253860474
0.5083333253860474
0.5083333253860474
0.5083333253860474
0.5133333206176758
0.5074999928474426
0.653333306312561
0.5083333253860474
0.5416666865348816
0.49166667461395264
0.4925000071525574
0.5233333110809326
0.5083333253860474
0.5766666531562805
0.6116666793823242
0.5808333158493042
0.49166667461395264
0.5416666865348816
0.6775000095367432
0.5091666579246521
0.5316666960716248
0.659166693687439
0.5333333611488342
0.6808333396911621
0.6941666603088379
0.6483333110809326
0.5816666483879089

training history loss
0.7392653822898865
0.6753978133201599
0.6052474975585938
0.5576704740524292
0.5225536823272705
0.4847176671028137
0.433700293302536
0.35875770449638367
0.27896806597709656
0.22609689831733704
0.1474163830280304
0.12931181490421295
0.08362626284360886
0.05575625225901604
0.042207445949316025
0.07981213927268982
0.08317278325557709
0.08649453520774841
0.04571935161948204
0.027757488191127777
0.013494833372533321
0.009019570425152779
0.010524660348892212
0.029225435107946396
0.07182929664850235
0.08566808700561523
0.030486363917589188
0.015237336046993732
0.007000844459980726
0.012436367571353912
0.020534027367830276

training history val loss
0.8477056622505188
1.1724903583526611
2.952086925506592
5.656712055206299
5.70993185043335
6.790555477142334
9.469266891479492
9.397879600524902
2.613483190536499
3.8087735176086426
0.9015350341796875
10.651129722595215
1.9075366258621216
6.580957412719727
5.122802257537842
2.57720685005188
5.66874361038208
1.6200687885284424
1.486396312713623
1.5179777145385742
5.861063003540039
2.9827518463134766
0.8738886713981628
6.543749809265137
4.034698009490967
1.4616706371307373
3.9922306537628174
1.3111233711242676
1.2668852806091309
1.6846718788146973
2.315823554992676