test data loss : 0.8659125566482544
test data accyracy : 0.5

training history accuracy
0.5416666865348816
0.6020833253860474
0.6581249833106995
0.7070833444595337
0.7368749976158142
0.7629166841506958
0.7914583086967468
0.8172916769981384
0.8462499976158142
0.8954166769981384
0.921875
0.9437500238418579
0.956041693687439
0.965624988079071
0.9766666889190674
0.9883333444595337
0.9795833230018616
0.9768750071525574
0.9729166626930237
0.9745833277702332
0.9906250238418579
0.9964583516120911
0.9985416531562805
0.997083306312561
0.9922916889190674
0.9747916460037231
0.9629166722297668
0.9883333444595337
0.9964583516120911
0.9985416531562805
0.9995833039283752

training history val accuracy
0.5083333253860474
0.5083333253860474
0.5083333253860474
0.5083333253860474
0.5083333253860474
0.5083333253860474
0.5083333253860474
0.5083333253860474
0.5091666579246521
0.5149999856948853
0.5083333253860474
0.528333306312561
0.5083333253860474
0.5600000023841858
0.49166667461395264
0.5083333253860474
0.5083333253860474
0.5083333253860474
0.5083333253860474
0.5083333253860474
0.5083333253860474
0.6416666507720947
0.5083333253860474
0.5266666412353516
0.5941666960716248
0.5091666579246521
0.5975000262260437
0.5083333253860474
0.5091666579246521
0.5724999904632568
0.6566666960716248

training history loss
0.7996148467063904
0.6688709259033203
0.6178665161132812
0.5644636154174805
0.5256801843643188
0.4884321093559265
0.4557651877403259
0.4030168950557709
0.3439924716949463
0.2483624517917633
0.19227096438407898
0.1414732187986374
0.11353494226932526
0.09058830887079239
0.06100150942802429
0.03719151392579079
0.05195343866944313
0.062359727919101715
0.07692858576774597
0.06626515090465546
0.0322628989815712
0.01416835281997919
0.007865841500461102
0.009549397975206375
0.021992960944771767
0.0645868256688118
0.09042029827833176
0.035563696175813675
0.012906537391245365
0.007607158739119768
0.0038591015618294477

training history val loss
0.8558172583580017
1.6281110048294067
3.4563961029052734
5.639130592346191
5.0150370597839355
5.441092491149902
6.37918758392334
5.542497634887695
1.7039216756820679
3.0587193965911865
11.104583740234375
2.349672555923462
4.071960926055908
2.372852325439453
9.922545433044434
5.69199275970459
6.432156085968018
8.157861709594727
6.606005668640137
11.382609367370605
6.232937812805176
1.7712336778640747
5.710275650024414
2.7928574085235596
1.0982979536056519
7.702948570251465
2.1883387565612793
7.616394996643066
4.415809154510498
2.8200385570526123
1.4964873790740967