training history accuracy
0.8412500023841858
0.921875
0.9154166579246521
0.93770831823349
0.9424999952316284
0.9449999928474426
0.9464583396911621
0.95333331823349
0.9614583253860474
0.9622916579246521
0.9624999761581421
0.9670833349227905
0.9643750190734863
0.9731249809265137
0.9712499976158142
0.9737499952316284
0.971666693687439
0.9754166603088379
0.9752083420753479
0.9816666841506958
0.9818750023841858
0.98416668176651
0.9839583039283752
0.9902083277702332
0.9900000095367432
0.987291693687439
0.987500011920929
0.9852083325386047
0.9904166460037231
0.9887499809265137
0.9908333420753479
0.9937499761581421
0.987500011920929
0.9893749952316284
0.9918749928474426
0.9887499809265137
0.9866666793823242
0.9887499809265137
0.9920833110809326
0.9904166460037231
0.9956250190734863
0.9900000095367432
0.9925000071525574
0.9912499785423279
0.9925000071525574
0.996874988079071
0.9950000047683716
0.9937499761581421
0.9958333373069763
0.9929166436195374
0.9906250238418579
0.996874988079071
0.9941666722297668
0.9922916889190674
0.9933333396911621
0.9964583516120911
0.9933333396911621
0.9941666722297668
0.9916666746139526
0.9952083230018616
0.9918749928474426
0.9987499713897705
0.9950000047683716
0.9914583563804626
0.9964583516120911
0.9945833086967468
0.9939583539962769
0.9943749904632568
0.997083306312561
0.9945833086967468
0.9950000047683716
0.9962499737739563
0.9929166436195374
0.9979166388511658
0.996666669845581

training history val accuracy
0.5083333253860474
0.5083333253860474
0.9683333039283752
0.8174999952316284
0.9608333110809326
0.5083333253860474
0.9516666531562805
0.6899999976158142
0.909166693687439
0.5741666555404663
0.9633333086967468
0.9275000095367432
0.9741666913032532
0.6241666674613953
0.9116666913032532
0.6233333349227905
0.9566666483879089
0.9283333420753479
0.9758333563804626
0.9783333539962769
0.9541666507720947
0.971666693687439
0.9258333444595337
0.8241666555404663
0.6183333396911621
0.5533333420753479
0.9066666960716248
0.9683333039283752
0.9733333587646484
0.9700000286102295
0.9700000286102295
0.621666669845581
0.6066666841506958
0.8116666674613953
0.9458333253860474
0.9816666841506958
0.9424999952316284
0.9508333206176758
0.9674999713897705
0.925000011920929
0.7983333468437195
0.9549999833106995
0.9433333277702332
0.8708333373069763
0.9791666865348816
0.9399999976158142
0.9733333587646484
0.9458333253860474
0.9466666579246521
0.9225000143051147
0.9758333563804626
0.9674999713897705
0.8299999833106995
0.95333331823349
0.971666693687439
0.9308333396911621
0.9549999833106995
0.9808333516120911
0.8683333396911621
0.7233333587646484
0.9424999952316284
0.965833306312561
0.5191666483879089
0.8916666507720947
0.9191666841506958
0.9608333110809326
0.9316666722297668
0.9424999952316284
0.9391666650772095
0.9733333587646484
0.9508333206176758
0.971666693687439
0.9700000286102295
0.8516666889190674
0.9566666483879089

training history loss
0.3696155548095703
0.21911287307739258
0.21977147459983826
0.1758674830198288
0.1755715012550354
0.1612679362297058
0.15359024703502655
0.14996479451656342
0.11182187497615814
0.12356450408697128
0.12136043608188629
0.10875825583934784
0.12357345223426819
0.09301212430000305
0.0942210927605629
0.0920526534318924
0.0850275456905365
0.08199764788150787
0.08362757414579391
0.059450626373291016
0.06384706497192383
0.049593113362789154
0.0634525716304779
0.035607680678367615
0.03690638020634651
0.04624555632472038
0.04966718330979347
0.05199399217963219
0.03704676404595375
0.0362267829477787
0.03415733575820923
0.023653313517570496
0.04643205925822258
0.04232320562005043
0.026748819276690483
0.04169623181223869
0.049782078713178635
0.039917655289173126
0.024508384987711906
0.03217524290084839
0.020766252651810646
0.03495119884610176
0.0313713401556015
0.035426270216703415
0.024622203782200813
0.011516443453729153
0.016042638570070267
0.02673042006790638
0.019192740321159363
0.02321779355406761
0.031093791127204895
0.017056578770279884
0.02140629291534424
0.02249150350689888
0.022359978407621384
0.01363206747919321
0.02313077263534069
0.02137005142867565
0.028609085828065872
0.020127886906266212
0.025646701455116272
0.005093432497233152
0.019233593717217445
0.033671580255031586
0.01415094081312418
0.018681704998016357
0.021690262481570244
0.016652395948767662
0.010855845175683498
0.018585368990898132
0.015224438160657883
0.016019580885767937
0.02041141502559185
0.007363684009760618
0.015061726793646812

training history val loss
4.255558013916016
3.3370985984802246
0.08932097256183624
0.5154637694358826
0.12924553453922272
8.303192138671875
0.1544066071510315
2.544092893600464
0.35177984833717346
2.5942044258117676
0.10287510603666306
0.18687106668949127
0.08237600326538086
1.8273913860321045
0.24124027788639069
1.7414298057556152
0.12184891104698181
0.16799969971179962
0.06558167189359665
0.06268990784883499
0.12952150404453278
0.07268328964710236
0.2628646194934845
0.5950432419776917
1.073166847229004
5.265702724456787
0.39567458629608154
0.09460733085870743
0.07199730724096298
0.08568570762872696
0.08130757510662079
1.6435893774032593
1.9492114782333374
0.6214648485183716
0.2240295112133026
0.05437357723712921
0.13312092423439026
0.1497623771429062
0.10247663408517838
0.2536908686161041
1.3524410724639893
0.14206154644489288
0.21462127566337585
0.5444388389587402
0.050321098417043686
0.21281272172927856
0.07743991166353226
0.18940503895282745
0.19141452014446259
0.23535224795341492
0.06510051339864731
0.10518313944339752
0.9276826977729797
0.13300083577632904
0.08423452079296112
0.39731189608573914
0.11541123688220978
0.05914020538330078
0.5856153964996338
1.998441219329834
0.21871048212051392
0.09266244620084763
15.026129722595215
0.795861542224884
0.2577933967113495
0.09283753484487534
0.24654428660869598
0.23347711563110352
0.16601648926734924
0.07724248617887497
0.20860372483730316
0.11018191277980804
0.0869322121143341
0.6880649924278259
0.11032934486865997