training history accuracy
0.6470833420753479
0.8237500190734863
0.862500011920929
0.8662499785423279
0.8641666769981384
0.8849999904632568
0.89041668176651
0.8922916650772095
0.8931249976158142
0.90625
0.9137499928474426
0.9227083325386047
0.9197916388511658
0.9320833086967468
0.9350000023841858
0.9379166960716248
0.949791669845581
0.95333331823349
0.9589583277702332
0.9647916555404663
0.965624988079071
0.96875
0.9729166626930237
0.9660416841506958
0.9735416769981384
0.9743750095367432
0.9777083396911621
0.9800000190734863
0.9768750071525574
0.981041669845581
0.9808333516120911
0.9856250286102295
0.9847916960716248
0.9793750047683716
0.9827083349227905
0.9860416650772095
0.9854166507720947
0.987291693687439
0.9837499856948853
0.98458331823349
0.9866666793823242
0.9868749976158142
0.9922916889190674
0.9881250262260437
0.9956250190734863
0.9850000143051147
0.9879166483879089
0.9862499833106995
0.9889583587646484
0.9904166460037231
0.9904166460037231
0.9954166412353516
0.9883333444595337
0.9887499809265137

training history val accuracy
0.49166667461395264
0.49166667461395264
0.5608333349227905
0.49166667461395264
0.5208333134651184
0.5099999904632568
0.5091666579246521
0.6741666793823242
0.4925000071525574
0.7933333516120911
0.5091666579246521
0.8708333373069763
0.6258333325386047
0.7366666793823242
0.6891666650772095
0.5808333158493042
0.7058333158493042
0.5400000214576721
0.6883333325386047
0.5116666555404663
0.5191666483879089
0.6658333539962769
0.51583331823349
0.9391666650772095
0.5208333134651184
0.6600000262260437
0.9225000143051147
0.8291666507720947
0.887499988079071
0.49166667461395264
0.8758333325386047
0.7524999976158142
0.7174999713897705
0.8441666960716248
0.8241666555404663
0.8458333611488342
0.6466666460037231
0.7933333516120911
0.8675000071525574
0.9016666412353516
0.8066666722297668
0.7633333206176758
0.9191666841506958
0.8766666650772095
0.9150000214576721
0.6675000190734863
0.871666669845581
0.8166666626930237
0.73416668176651
0.8016666769981384
0.8833333253860474
0.9108333587646484
0.925000011920929
0.8866666555404663

training history loss
0.6376234292984009
0.3935234844684601
0.34303340315818787
0.3367261588573456
0.32450276613235474
0.28745436668395996
0.28776100277900696
0.27829352021217346
0.2758031189441681
0.24977806210517883
0.22583799064159393
0.19882938265800476
0.21330977976322174
0.1787116825580597
0.17822237312793732
0.1679101288318634
0.14245784282684326
0.13240556418895721
0.11799659579992294
0.11052138358354568
0.10049539804458618
0.09872842580080032
0.09038567543029785
0.09251261502504349
0.0847548320889473
0.07664038240909576
0.07795611023902893
0.06686366349458694
0.06263341754674911
0.06316404044628143
0.06148333102464676
0.05315658450126648
0.051217954605817795
0.0643901452422142
0.06057925522327423
0.039346061646938324
0.0531020313501358
0.041758835315704346
0.06355980783700943
0.04660886526107788
0.043146319687366486
0.04562113806605339
0.030129553750157356
0.03914259746670723
0.01633046381175518
0.05268934741616249
0.0435449481010437
0.04553280025720596
0.03602180257439613
0.029290994629263878
0.031148092821240425
0.015521341934800148
0.03702746331691742
0.04042217507958412

training history val loss
1.3519657850265503
1.137310266494751
0.6558849811553955
7.326070308685303
1.3728079795837402
4.077277660369873
4.101909160614014
0.9555587768554688
4.201364517211914
0.6611818671226501
5.086299419403076
0.320261687040329
0.7137113213539124
0.5907201170921326
0.7011296153068542
1.871742606163025
0.7761427760124207
1.3643704652786255
0.6287655830383301
5.086283206939697
3.95292592048645
1.2216756343841553
4.207723617553711
0.18356256186962128
6.01585054397583
0.9607687592506409
0.23046305775642395
0.554597020149231
0.438352108001709
8.381168365478516
0.2806992530822754
0.9097667336463928
0.9443371295928955
0.5188004374504089
1.0683014392852783
0.5690724849700928
0.9644156098365784
1.124261736869812
0.4416559934616089
0.4152427911758423
0.6050225496292114
0.8565480709075928
0.40781497955322266
0.29696160554885864
0.2349601686000824
1.573097586631775
0.4552783668041229
0.7160853743553162
0.8963416814804077
0.7284072041511536
0.5066189169883728
0.3343217670917511
0.32795795798301697
0.529232382774353