training history accuracy
0.8097916841506958
0.8852083086967468
0.903333306312561
0.8989583253860474
0.9210416674613953
0.9229166507720947
0.934166669845581
0.9275000095367432
0.934374988079071
0.9385416507720947
0.9443749785423279
0.9539583325386047
0.956041693687439
0.9508333206176758
0.9597916603088379
0.96895831823349
0.9624999761581421
0.9727083444595337
0.9735416769981384
0.9747916460037231
0.9764583110809326
0.981249988079071
0.9758333563804626
0.9775000214576721
0.9847916960716248
0.9804166555404663
0.98416668176651
0.9858333468437195
0.9847916960716248
0.9864583611488342
0.9858333468437195
0.9929166436195374
0.9927083253860474
0.9864583611488342
0.9908333420753479
0.9818750023841858
0.9891666769981384
0.9870833158493042
0.9895833134651184
0.9889583587646484
0.9904166460037231
0.9900000095367432
0.987500011920929
0.9864583611488342
0.9920833110809326
0.9914583563804626
0.9895833134651184
0.9893749952316284
0.9902083277702332
0.9879166483879089
0.9920833110809326
0.9939583539962769
0.9939583539962769
0.9897916913032532
0.9895833134651184
0.9935416579246521
0.9900000095367432
0.9943749904632568
0.9902083277702332
0.9947916865348816
0.9895833134651184
0.9954166412353516
0.9950000047683716
0.9933333396911621
0.9981250166893005
0.9914583563804626
0.9908333420753479
0.9925000071525574
0.9950000047683716
0.9920833110809326
0.9954166412353516
0.9922916889190674
0.9908333420753479
0.9964583516120911
0.9887499809265137
0.9947916865348816
0.9952083230018616
0.987500011920929
0.9916666746139526
0.9927083253860474
0.9960416555404663
0.9937499761581421
0.9950000047683716
0.9991666674613953
0.9925000071525574
0.9983333349227905
0.9929166436195374
0.9952083230018616
0.9931250214576721
0.9950000047683716
0.9929166436195374
0.9925000071525574
0.9945833086967468
0.9954166412353516
0.9939583539962769
0.9943749904632568
0.9943749904632568
0.9918749928474426
0.9977083206176758
0.9945833086967468
0.997083306312561
0.9985416531562805
0.9972916841506958
0.9964583516120911
0.9945833086967468
0.9922916889190674
0.9964583516120911
0.9914583563804626
0.9910416603088379
0.9929166436195374
0.9950000047683716
0.9937499761581421
0.9954166412353516
0.9954166412353516
0.9960416555404663
0.997083306312561
0.9964583516120911
0.9956250190734863
0.9943749904632568
0.996666669845581
0.9952083230018616
0.9960416555404663
0.9925000071525574
0.997083306312561
0.9952083230018616
0.9939583539962769
0.9952083230018616
0.9958333373069763
0.9979166388511658
0.996874988079071
0.997083306312561
0.9950000047683716
0.9950000047683716
0.996666669845581
0.997083306312561
0.9964583516120911
0.9912499785423279
0.9972916841506958
0.9939583539962769
0.9964583516120911
0.9964583516120911
0.9941666722297668
0.9950000047683716

training history val accuracy
0.5525000095367432
0.49166667461395264
0.49166667461395264
0.5216666460037231
0.8475000262260437
0.49166667461395264
0.815833330154419
0.49416667222976685
0.559166669845581
0.49166667461395264
0.5091666579246521
0.49166667461395264
0.7200000286102295
0.8849999904632568
0.6191666722297668
0.5216666460037231
0.5149999856948853
0.6933333277702332
0.5600000023841858
0.5558333396911621
0.8258333206176758
0.5291666388511658
0.7358333468437195
0.5983333587646484
0.8774999976158142
0.9241666793823242
0.8450000286102295
0.7450000047683716
0.5358333587646484
0.8633333444595337
0.6866666674613953
0.5866666436195374
0.7174999713897705
0.8700000047683716
0.5183333158493042
0.637499988079071
0.9241666793823242
0.7816666960716248
0.6608333587646484
0.8108333349227905
0.8650000095367432
0.4925000071525574
0.49166667461395264
0.5774999856948853
0.8458333611488342
0.6733333468437195
0.8675000071525574
0.8708333373069763
0.8299999833106995
0.9108333587646484
0.92166668176651
0.7883333563804626
0.8924999833106995
0.7891666889190674
0.5541666746139526
0.5899999737739563
0.9308333396911621
0.5816666483879089
0.8341666460037231
0.49166667461395264
0.6850000023841858
0.903333306312561
0.7508333325386047
0.9291666746139526
0.49166667461395264
0.5266666412353516
0.6366666555404663
0.9283333420753479
0.934166669845581
0.5799999833106995
0.95333331823349
0.9541666507720947
0.7300000190734863
0.8700000047683716
0.49916666746139526
0.7825000286102295
0.8733333349227905
0.49166667461395264
0.6608333587646484
0.7074999809265137
0.7758333086967468
0.8816666603088379
0.8941666483879089
0.840833306312561
0.6150000095367432
0.9191666841506958
0.9233333468437195
0.7250000238418579
0.7191666960716248
0.5416666865348816
0.9308333396911621
0.9233333468437195
0.5533333420753479
0.9416666626930237
0.9350000023841858
0.6341666579246521
0.49166667461395264
0.9616666436195374
0.9325000047683716
0.8500000238418579
0.9558333158493042
0.684166669845581
0.8983333110809326
0.5358333587646484
0.5508333444595337
0.9566666483879089
0.8891666531562805
0.8849999904632568
0.5358333587646484
0.9191666841506958
0.875
0.9433333277702332
0.9599999785423279
0.5108333230018616
0.940833330154419
0.7166666388511658
0.7433333396911621
0.9424999952316284
0.9166666865348816
0.8799999952316284
0.8774999976158142
0.9483333230018616
0.7549999952316284
0.9549999833106995
0.8858333230018616
0.887499988079071
0.9583333134651184
0.9391666650772095
0.49666666984558105
0.5383333563804626
0.9583333134651184
0.9516666531562805
0.8241666555404663
0.8999999761581421
0.5141666531562805
0.7666666507720947
0.9524999856948853
0.7458333373069763
0.49166667461395264
0.9624999761581421
0.6616666913032532
0.5016666650772095
0.8500000238418579

training history loss
0.4391078054904938
0.28900769352912903
0.25865453481674194
0.255993127822876
0.21735773980617523
0.2130468636751175
0.17898385226726532
0.20113679766654968
0.17787852883338928
0.17245841026306152
0.15493829548358917
0.13831214606761932
0.12871958315372467
0.1422354131937027
0.11536488682031631
0.09440034627914429
0.11737821996212006
0.09758465737104416
0.08384592086076736
0.08615639060735703
0.07510759681463242
0.06613826006650925
0.07182899862527847
0.07410664111375809
0.05081108957529068
0.07178264111280441
0.061721090227365494
0.04786539450287819
0.048778146505355835
0.049665458500385284
0.05763927474617958
0.03262827545404434
0.02505425550043583
0.053436558693647385
0.038507863879203796
0.062394194304943085
0.03188629820942879
0.04023627191781998
0.03127748891711235
0.03718109801411629
0.0389111153781414
0.036133840680122375
0.043610114604234695
0.044862646609544754
0.0280007291585207
0.03210306167602539
0.039141345769166946
0.03864138573408127
0.03290894255042076
0.04092025011777878
0.029699217528104782
0.026104195043444633
0.016932288184762
0.03385430574417114
0.03393307328224182
0.024584544822573662
0.03700478747487068
0.020620856434106827
0.037637434899806976
0.018151480704545975
0.04100993648171425
0.019608614966273308
0.02153148129582405
0.023548074066638947
0.00772289652377367
0.02931152656674385
0.03361878544092178
0.02311793901026249
0.01961541548371315
0.02845267951488495
0.015810739248991013
0.0253364909440279
0.032751768827438354
0.01841190829873085
0.04094395786523819
0.024843730032444
0.017909498885273933
0.0452653169631958
0.029736394062638283
0.0272393599152565
0.013600255362689495
0.023105204105377197
0.01625993102788925
0.0037544595543295145
0.025680089369416237
0.00624837214127183
0.02798709273338318
0.020466072484850883
0.024053912609815598
0.01734042726457119
0.0298630241304636
0.02964077703654766
0.022255614399909973
0.013411595486104488
0.0170843917876482
0.021194813773036003
0.020572083070874214
0.024002542719244957
0.009198501706123352
0.01878396049141884
0.009463176131248474
0.010039882734417915
0.008404644206166267
0.011508689261972904
0.020776446908712387
0.022586721926927567
0.01368911936879158
0.028453152626752853
0.029446188360452652
0.023887258023023605
0.01721891202032566
0.017924679443240166
0.016430115327239037
0.0157591812312603
0.015586625784635544
0.01077710185199976
0.012410363182425499
0.014923321083188057
0.017569953575730324
0.010227983817458153
0.017147039994597435
0.013741839677095413
0.023571601137518883
0.009473301470279694
0.021421043202280998
0.01703760214149952
0.01754613034427166
0.014718123711645603
0.007212654687464237
0.011227398179471493
0.010860257782042027
0.01570008508861065
0.018882788717746735
0.011197775602340698
0.012937340885400772
0.013732874765992165
0.026318509131669998
0.011539612896740437
0.02293987199664116
0.014019322581589222
0.014488463290035725
0.01917104236781597
0.015580344013869762

training history val loss
1.6999417543411255
5.279238224029541
4.120901107788086
4.268974781036377
0.3882279694080353
25.14950180053711
0.45267096161842346
4.274970531463623
3.1406214237213135
15.540343284606934
5.6112751960754395
21.61443519592285
1.2944401502609253
0.26881468296051025
1.2992463111877441
7.849069595336914
5.378675937652588
1.4274616241455078
2.5080015659332275
4.4441142082214355
0.7715179920196533
3.0238797664642334
1.6971161365509033
2.7911407947540283
0.3197910189628601
0.2251569628715515
0.4727320969104767
0.9671329855918884
4.403571605682373
0.5798082947731018
2.0160574913024902
2.6496353149414062
1.0187666416168213
0.4228091537952423
6.112595081329346
1.7540087699890137
0.2132907509803772
0.9696802496910095
3.225550413131714
0.7158696055412292
0.5638108253479004
8.378544807434082
11.150725364685059
3.2731175422668457
0.5032486319541931
2.035804510116577
0.4155161380767822
0.6047307848930359
0.8599159717559814
0.29255321621894836
0.17999647557735443
0.5278549790382385
0.28170880675315857
0.802388608455658
3.8231425285339355
2.902325391769409
0.19203099608421326
2.6424784660339355
0.4839744567871094
11.001585960388184
2.9779858589172363
0.3140109181404114
0.8733372092247009
0.2771785855293274
14.51529598236084
6.22114372253418
2.5937581062316895
0.2553751766681671
0.19242516160011292
2.6843948364257812
0.1337902843952179
0.16889111697673798
1.3042253255844116
0.564507007598877
7.989999771118164
1.2982498407363892
0.32596513628959656
13.301054954528809
2.017749071121216
1.3703985214233398
0.7597938776016235
0.46750733256340027
0.4497320055961609
0.6596941351890564
2.5236167907714844
0.25625550746917725
0.2466316521167755
1.6740005016326904
2.2626500129699707
4.560636520385742
0.2251824140548706
0.2634592056274414
7.740888595581055
0.20513534545898438
0.1662299782037735
2.224125862121582
11.323582649230957
0.1195904016494751
0.2760525345802307
0.7338441610336304
0.1380857527256012
1.7325948476791382
0.43104177713394165
4.550632476806641
3.389906883239746
0.12563873827457428
0.4517841637134552
0.40159231424331665
4.307421684265137
0.27229923009872437
0.5091646909713745
0.16979750990867615
0.11033563315868378
6.937616348266602
0.16063112020492554
2.2684123516082764
1.4172141551971436
0.17155887186527252
0.31394442915916443
0.5508670210838318
0.537837028503418
0.19753502309322357
1.3101956844329834
0.12900184094905853
0.43685591220855713
0.35704946517944336
0.11427674442529678
0.20680192112922668
6.499748229980469
5.140081882476807
0.12167325615882874
0.19860832393169403
0.7294425368309021
0.3213030695915222
12.266132354736328
1.3112581968307495
0.1514630764722824
1.4374289512634277
8.892852783203125
0.12666836380958557
2.0620615482330322
8.67153549194336
0.5315597057342529