training history accuracy
0.7856249809265137
0.8554166555404663
0.8650000095367432
0.8802083134651184
0.8795833587646484
0.8831250071525574
0.8899999856948853
0.8922916650772095
0.8966666460037231
0.8989583253860474
0.9085416793823242
0.909375011920929
0.9106249809265137
0.9170833230018616
0.9175000190734863
0.9127083420753479
0.9214583039283752
0.924791693687439
0.9322916865348816
0.9300000071525574
0.9375
0.9402083158493042
0.9479166865348816
0.9375
0.9379166960716248
0.949999988079071
0.9395833611488342
0.9472916722297668
0.9495833516120911
0.956041693687439
0.9574999809265137
0.9516666531562805
0.9591666460037231
0.9558333158493042
0.9593750238418579
0.9514583349227905
0.9574999809265137
0.9620833396911621
0.9627083539962769
0.9568750262260437
0.9681249856948853
0.9695833325386047
0.9668750166893005
0.9668750166893005
0.9668750166893005
0.9731249809265137
0.9645833373069763
0.9635416865348816
0.9706249833106995
0.9704166650772095
0.9710416793823242
0.9729166626930237
0.9714583158493042

training history val accuracy
0.9375
0.7799999713897705
0.5199999809265137
0.9024999737739563
0.5291666388511658
0.5083333253860474
0.5099999904632568
0.5350000262260437
0.5199999809265137
0.9200000166893005
0.5208333134651184
0.8899999856948853
0.6025000214576721
0.5366666913032532
0.9458333253860474
0.9416666626930237
0.8508333563804626
0.4658333361148834
0.5299999713897705
0.6633333563804626
0.9266666769981384
0.8949999809265137
0.9783333539962769
0.8666666746139526
0.8683333396911621
0.9633333086967468
0.5533333420753479
0.9350000023841858
0.5833333134651184
0.8675000071525574
0.47999998927116394
0.5066666603088379
0.4933333396911621
0.9325000047683716
0.5799999833106995
0.8966666460037231
0.9225000143051147
0.6458333134651184
0.4983333349227905
0.8125
0.9524999856948853
0.9608333110809326
0.6308333277702332
0.8808333277702332
0.9150000214576721
0.909166693687439
0.35083332657814026
0.934166669845581
0.8866666555404663
0.9266666769981384
0.9083333611488342
0.8700000047683716
0.9641666412353516

training history loss
0.4752112329006195
0.3625664710998535
0.33656632900238037
0.3152797818183899
0.3105362057685852
0.28874197602272034
0.28240957856178284
0.2765352129936218
0.2657080590724945
0.2580261528491974
0.22736315429210663
0.22743584215641022
0.2207655906677246
0.2015926092863083
0.20784646272659302
0.21265007555484772
0.1826515793800354
0.18239650130271912
0.16785170137882233
0.1662694215774536
0.15678896009922028
0.1505768895149231
0.13325588405132294
0.15820972621440887
0.14411668479442596
0.1245737224817276
0.14243362843990326
0.12811581790447235
0.12599582970142365
0.10561398416757584
0.10767120122909546
0.12149224430322647
0.10455736517906189
0.12043483555316925
0.09543603658676147
0.11201651394367218
0.10103718936443329
0.09325756877660751
0.09135479480028152
0.10464690625667572
0.08214443176984787
0.07808993011713028
0.08678245544433594
0.08781328797340393
0.08507263660430908
0.07387424260377884
0.08819906413555145
0.09382688999176025
0.07365188002586365
0.07478425651788712
0.07812192291021347
0.07660169899463654
0.06846465915441513

training history val loss
0.1892530471086502
0.477389931678772
3.4614579677581787
0.2324148267507553
1.2129696607589722
4.384578704833984
2.759281873703003
1.7608201503753662
2.534395694732666
0.21585752069950104
2.158212184906006
0.2639561593532562
1.0885035991668701
1.5673526525497437
0.15659549832344055
0.17044709622859955
0.34044215083122253
2.6263558864593506
2.0699803829193115
1.163949966430664
0.19351299107074738
0.2705138921737671
0.0710945650935173
0.3401050865650177
0.3272063732147217
0.1252458542585373
1.9312652349472046
0.1744655817747116
1.5043026208877563
0.38025087118148804
1.4372975826263428
3.2118711471557617
2.8089282512664795
0.18013931810855865
2.2338788509368896
0.3012673854827881
0.22653734683990479
1.235250473022461
2.648925542831421
0.4991866946220398
0.15455476939678192
0.09819190204143524
1.720916748046875
0.4302062392234802
0.2598107159137726
0.30516302585601807
1.938866376876831
0.19102156162261963
0.31071940064430237
0.2077522873878479
0.2666774094104767
0.39128467440605164
0.11377435177564621