test data loss : 0.1183437630534172
test data accyracy : 0.9599999785423279

training history accuracy
0.9122916460037231
0.9633333086967468
0.9712499976158142
0.9691666960716248
0.9764583110809326
0.9793750047683716
0.9762499928474426
0.9866666793823242
0.9908333420753479
0.9912499785423279
0.9866666793823242
0.9925000071525574
0.9935416579246521
0.996874988079071
0.99979168176651
0.9943749904632568
0.9960416555404663
0.9939583539962769
0.9931250214576721
0.9975000023841858
0.9964583516120911
0.9935416579246521
0.9991666674613953
0.9981250166893005
0.9952083230018616
0.9960416555404663
0.9975000023841858
0.9981250166893005
0.9979166388511658
0.9983333349227905
0.9979166388511658
0.997083306312561
0.9983333349227905
0.9981250166893005
0.9958333373069763
0.9972916841506958
0.9975000023841858
0.9987499713897705
0.9939583539962769
0.9972916841506958
0.9991666674613953
0.9987499713897705
0.9983333349227905
0.9960416555404663
0.9995833039283752

training history val accuracy
0.5083333253860474
0.5083333253860474
0.5083333253860474
0.5083333253860474
0.5083333253860474
0.5083333253860474
0.5091666579246521
0.5083333253860474
0.5083333253860474
0.5083333253860474
0.8025000095367432
0.7066666483879089
0.9200000166893005
0.5083333253860474
0.9624999761581421
0.5366666913032532
0.49166667461395264
0.8725000023841858
0.7641666531562805
0.5091666579246521
0.9375
0.9608333110809326
0.6083333492279053
0.5016666650772095
0.7174999713897705
0.9283333420753479
0.5083333253860474
0.5208333134651184
0.9191666841506958
0.5091666579246521
0.9158333539962769
0.5083333253860474
0.9583333134651184
0.5350000262260437
0.8566666841506958
0.534166693687439
0.49166667461395264
0.8958333134651184
0.49166667461395264
0.9516666531562805
0.7641666531562805
0.5274999737739563
0.5391666889190674
0.8025000095367432
0.5083333253860474

training history loss
0.23202931880950928
0.113515205681324
0.08599890768527985
0.0876542255282402
0.0713573545217514
0.0572609007358551
0.0684138834476471
0.03971664607524872
0.026224371045827866
0.029481545090675354
0.03372935950756073
0.02671085298061371
0.01839708536863327
0.009956222027540207
0.002991324756294489
0.016439281404018402
0.013889306224882603
0.017439549788832664
0.018076186999678612
0.008848156780004501
0.013783599250018597
0.01688787154853344
0.004944248124957085
0.00556402700021863
0.014317386783659458
0.011360704898834229
0.009295491501688957
0.0047657182440161705
0.006569522432982922
0.005484859459102154
0.006283082999289036
0.009458902291953564
0.005578118376433849
0.006291281897574663
0.009952257387340069
0.008021637797355652
0.008809208869934082
0.003941730596125126
0.013526709750294685
0.011415830813348293
0.004786595702171326
0.00591739546507597
0.005025987047702074
0.007933219894766808
0.0020538466051220894

training history val loss
5.268359184265137
7.9676971435546875
9.937491416931152
8.605365753173828
9.30109691619873
8.634568214416504
4.652459144592285
11.998537063598633
7.183377265930176
10.695269584655762
0.44793325662612915
1.1236319541931152
0.30154237151145935
8.13088607788086
0.10902652889490128
3.2351715564727783
4.291313171386719
0.2953623831272125
0.49787476658821106
5.589243412017822
0.23808522522449493
0.15092292428016663
2.3605270385742188
2.67992901802063
1.4013984203338623
0.3003583252429962
9.489335060119629
3.816854238510132
0.2287447601556778
7.752173900604248
0.2826748788356781
7.540140151977539
0.11392977088689804
2.4472343921661377
0.4678068459033966
2.0782477855682373
4.553764343261719
0.2967478632926941
5.192335605621338
0.23189567029476166
1.1025723218917847
2.8676364421844482
2.118938684463501
0.7525498270988464
7.661949157714844