test data loss : 1.8170253038406372
test data accyracy : 0.6940000057220459

training history accuracy
0.9195833206176758
0.9624999761581421
0.9695833325386047
0.9733333587646484
0.9804166555404663
0.9891666769981384
0.987500011920929
0.9829166531562805
0.9939583539962769
0.9931250214576721
0.9925000071525574
0.997083306312561
0.9931250214576721
0.9918749928474426
0.9956250190734863
0.9952083230018616
0.9908333420753479
0.9964583516120911
0.9964583516120911
0.9983333349227905
0.9941666722297668
0.9931250214576721
0.996874988079071
0.9977083206176758
0.9960416555404663
0.996874988079071
0.9985416531562805
0.9972916841506958
0.996666669845581
0.9962499737739563
0.9981250166893005
0.9985416531562805
0.99979168176651
0.9989583492279053
0.9993749856948853
0.9972916841506958
0.9993749856948853
0.9983333349227905
0.9893749952316284
0.9987499713897705
0.9987499713897705
0.9985416531562805
0.9983333349227905
0.996666669845581
0.9947916865348816
0.9987499713897705
0.996874988079071
0.997083306312561
0.9977083206176758
1.0
0.99979168176651
1.0
0.9979166388511658
0.996874988079071
0.9991666674613953
0.9975000023841858
0.9975000023841858
0.9995833039283752
0.997083306312561
0.9983333349227905

training history val accuracy
0.5083333253860474
0.5083333253860474
0.5083333253860474
0.5083333253860474
0.5083333253860474
0.5083333253860474
0.5083333253860474
0.5083333253860474
0.5450000166893005
0.6449999809265137
0.9741666913032532
0.5091666579246521
0.54666668176651
0.49166667461395264
0.7591666579246521
0.49166667461395264
0.49916666746139526
0.49166667461395264
0.8191666603088379
0.9358333349227905
0.9549999833106995
0.9741666913032532
0.8508333563804626
0.753333330154419
0.8208333253860474
0.9200000166893005
0.9750000238418579
0.5391666889190674
0.5199999809265137
0.5950000286102295
0.9466666579246521
0.8641666769981384
0.5691666603088379
0.9208333492279053
0.9008333086967468
0.5291666388511658
0.5450000166893005
0.6016666889190674
0.9416666626930237
0.7174999713897705
0.6899999976158142
0.9641666412353516
0.9775000214576721
0.9549999833106995
0.5533333420753479
0.5458333492279053
0.940833330154419
0.8841666579246521
0.9783333539962769
0.9075000286102295
0.9474999904632568
0.85916668176651
0.5216666460037231
0.9183333516120911
0.9599999785423279
0.8866666555404663
0.8849999904632568
0.9850000143051147
0.7958333492279053
0.690833330154419

training history loss
0.2057536393404007
0.11052556335926056
0.0906853973865509
0.08308134227991104
0.06091785430908203
0.035655319690704346
0.039614640176296234
0.044550683349370956
0.023402191698551178
0.021725701168179512
0.02220470830798149
0.010194954462349415
0.019858678802847862
0.02776731550693512
0.012625063769519329
0.013565068133175373
0.02840336225926876
0.011737576685845852
0.008725312538444996
0.005763371475040913
0.017200294882059097
0.019534116610884666
0.008038611151278019
0.006269050296396017
0.01355061400681734
0.008644050918519497
0.0066075935028493404
0.008188512176275253
0.011852906085550785
0.012448242865502834
0.008273989893496037
0.005380129907280207
0.001811408787034452
0.0040350183844566345
0.0018564029596745968
0.00865991786122322
0.0024898492265492678
0.004305682145059109
0.030999332666397095
0.004530375823378563
0.004144980106502771
0.004645875655114651
0.0037073325365781784
0.008351859636604786
0.013851006515324116
0.004654303193092346
0.00808435957878828
0.008479729294776917
0.005906885955482721
0.0007127040298655629
0.00041561672696843743
0.0005900126416236162
0.007829096168279648
0.009913181886076927
0.0034298463724553585
0.007163505535572767
0.006356052588671446
0.002087476197630167
0.007805927656590939
0.003375335829332471

training history val loss
12.708354949951172
12.03881549835205
12.813057899475098
13.342766761779785
12.709269523620605
12.857508659362793
11.953084945678711
11.726924896240234
3.186830759048462
1.6142407655715942
0.08687519282102585
6.154741287231445
3.191143274307251
6.810420513153076
0.6624271869659424
3.3292691707611084
1.937899112701416
4.958271026611328
0.6490355134010315
0.16834363341331482
0.1431788057088852
0.07823625952005386
0.5521492958068848
0.5047805905342102
0.7243794202804565
0.267158567905426
0.085563063621521
1.4698703289031982
2.3296122550964355
3.3789567947387695
0.21543455123901367
0.4889650046825409
2.6388092041015625
0.2855665683746338
0.23294948041439056
2.479281425476074
2.509648323059082
0.9898509979248047
0.21516840159893036
1.2373566627502441
1.4949673414230347
0.12687323987483978
0.06938426941633224
0.1271853893995285
2.62489914894104
1.790951132774353
0.16370797157287598
0.6039846539497375
0.07908213138580322
0.3199540972709656
0.23490402102470398
0.6049529910087585
3.0845441818237305
0.27823391556739807
0.14938302338123322
0.29187512397766113
0.32853421568870544
0.08049409091472626
0.6908044815063477
1.7498871088027954