test data loss : 0.12377478182315826
test data accyracy : 0.9670000076293945

training history accuracy
0.9141666889190674
0.9627083539962769
0.9631249904632568
0.9770833253860474
0.9745833277702332
0.9833333492279053
0.9858333468437195
0.987500011920929
0.9887499809265137
0.9900000095367432
0.9916666746139526
0.9883333444595337
0.9935416579246521
0.9914583563804626
0.9895833134651184
0.9929166436195374
0.9956250190734863
0.9958333373069763
0.9960416555404663
0.9954166412353516
0.9950000047683716
0.9962499737739563
0.9952083230018616
0.996874988079071
0.9950000047683716
0.9952083230018616
0.9952083230018616
0.9939583539962769
0.996666669845581
0.9991666674613953
1.0
0.99979168176651
0.997083306312561
0.9983333349227905
0.9993749856948853
0.9981250166893005
0.9964583516120911
0.9964583516120911
0.9993749856948853
0.9993749856948853
0.9950000047683716
0.9989583492279053
0.9979166388511658
0.997083306312561
0.9975000023841858
0.9958333373069763
0.9993749856948853
1.0
0.9989583492279053
0.997083306312561
0.9983333349227905
0.9950000047683716
0.9981250166893005
0.9964583516120911
0.9981250166893005
0.9964583516120911
0.9981250166893005
1.0
1.0
0.9993749856948853

training history val accuracy
0.5083333253860474
0.5083333253860474
0.5083333253860474
0.5083333253860474
0.5083333253860474
0.5083333253860474
0.5083333253860474
0.5083333253860474
0.5166666507720947
0.5083333253860474
0.9391666650772095
0.4950000047683716
0.5083333253860474
0.9641666412353516
0.5091666579246521
0.5824999809265137
0.9800000190734863
0.8958333134651184
0.5083333253860474
0.9524999856948853
0.49166667461395264
0.7291666865348816
0.909166693687439
0.9458333253860474
0.49666666984558105
0.6491666436195374
0.6291666626930237
0.5274999737739563
0.75
0.9683333039283752
0.9574999809265137
0.8916666507720947
0.9566666483879089
0.9700000286102295
0.5174999833106995
0.5183333158493042
0.9275000095367432
0.8525000214576721
0.9816666841506958
0.76583331823349
0.9524999856948853
0.9158333539962769
0.51583331823349
0.8433333039283752
0.7549999952316284
0.5133333206176758
0.9816666841506958
0.9441666603088379
0.9433333277702332
0.5616666674613953
0.8949999809265137
0.4950000047683716
0.9866666793823242
0.8841666579246521
0.5258333086967468
0.6825000047683716
0.9850000143051147
0.9691666960716248
0.9791666865348816
0.9700000286102295

training history loss
0.23679964244365692
0.11398269981145859
0.1067245751619339
0.07616028189659119
0.07255969941616058
0.05162644013762474
0.04752375930547714
0.04145404323935509
0.03272088244557381
0.030922966077923775
0.023994743824005127
0.032222893089056015
0.020357495173811913
0.022917205467820168
0.024573005735874176
0.02133152075111866
0.012312637642025948
0.010463094338774681
0.011210814118385315
0.013332615606486797
0.012652168050408363
0.01126588974148035
0.012816079892218113
0.008821425028145313
0.014310987666249275
0.01555239874869585
0.011919953860342503
0.01579698733985424
0.009117416106164455
0.002704888815060258
0.0007540737860836089
0.0007442187052220106
0.009781517088413239
0.004651833325624466
0.002125928644090891
0.007441619876772165
0.012707401067018509
0.011045612394809723
0.00304676266387105
0.0019112539011985064
0.013213958591222763
0.004185610916465521
0.004566884599626064
0.008328082039952278
0.007865792140364647
0.011469943448901176
0.00257491460070014
0.0005330655258148909
0.00272924336604774
0.007479113060981035
0.004697390832006931
0.016586657613515854
0.005703378468751907
0.009611032903194427
0.0045827943831682205
0.01165313832461834
0.00402101082727313
0.0008062569540925324
0.00016265774320345372
0.002037912607192993

training history val loss
9.728751182556152
9.6536283493042
7.780746936798096
8.765227317810059
9.363042831420898
11.10413646697998
11.556255340576172
11.54577350616455
3.9891891479492188
7.340350151062012
0.158858522772789
5.9695329666137695
6.069005966186523
0.12855318188667297
3.4224674701690674
1.9940972328186035
0.0962456539273262
0.48222243785858154
9.294166564941406
0.16446346044540405
7.869654178619385
1.177544116973877
0.3483799695968628
0.22533190250396729
4.438477993011475
1.615439534187317
2.59635853767395
4.504764556884766
0.5852543115615845
0.13186639547348022
0.1677531599998474
0.4055700898170471
0.1576678305864334
0.13349387049674988
5.464031219482422
6.029264450073242
0.18576009571552277
0.46028101444244385
0.09630026668310165
1.1818004846572876
0.1817021518945694
0.23814351856708527
3.8917036056518555
0.6393569111824036
1.1634410619735718
5.038444995880127
0.08325956016778946
0.17534688115119934
0.20632047951221466
3.2058305740356445
0.45731475949287415
7.8642706871032715
0.06351010501384735
0.5969133377075195
2.994663953781128
1.2825310230255127
0.06485256552696228
0.15105892717838287
0.09925081580877304
0.12919169664382935