test data loss : 5.855825901031494
test data accyracy : 0.503000020980835

training history accuracy
0.9231250286102295
0.9604166746139526
0.9668750166893005
0.9802083373069763
0.9793750047683716
0.9795833230018616
0.9850000143051147
0.9864583611488342
0.9858333468437195
0.987708330154419
0.9947916865348816
0.9927083253860474
0.9933333396911621
0.9929166436195374
0.9931250214576721
0.996874988079071
0.9950000047683716
0.9952083230018616
0.9956250190734863
0.9979166388511658
0.9977083206176758
0.9960416555404663
0.9927083253860474
0.9964583516120911
0.997083306312561
0.9952083230018616
0.9975000023841858
0.9979166388511658
0.9993749856948853
0.9964583516120911
0.9958333373069763
0.9993749856948853
0.9958333373069763
0.9989583492279053
1.0
1.0
0.9987499713897705
0.9981250166893005
0.9910416603088379
0.9975000023841858
0.9985416531562805
0.9987499713897705
0.9987499713897705
0.9952083230018616
0.997083306312561
0.99979168176651
0.9991666674613953
0.9983333349227905
0.9977083206176758
0.9991666674613953
0.99979168176651
0.99979168176651
0.99979168176651
0.9987499713897705
0.9962499737739563
0.9927083253860474
1.0
0.9995833039283752
0.9995833039283752
1.0

training history val accuracy
0.5083333253860474
0.5083333253860474
0.5083333253860474
0.5083333253860474
0.5083333253860474
0.5083333253860474
0.5083333253860474
0.5083333253860474
0.5083333253860474
0.9049999713897705
0.5074999928474426
0.5333333611488342
0.9583333134651184
0.7475000023841858
0.5391666889190674
0.8324999809265137
0.9441666603088379
0.7058333158493042
0.8708333373069763
0.49166667461395264
0.8791666626930237
0.5083333253860474
0.49166667461395264
0.49666666984558105
0.6966666579246521
0.5266666412353516
0.5099999904632568
0.9125000238418579
0.7941666841506958
0.5333333611488342
0.9825000166893005
0.4983333349227905
0.6941666603088379
0.9541666507720947
0.8725000023841858
0.8924999833106995
0.9775000214576721
0.9275000095367432
0.49166667461395264
0.9825000166893005
0.7791666388511658
0.9775000214576721
0.9441666603088379
0.6666666865348816
0.6675000190734863
0.987500011920929
0.8841666579246521
0.6358333230018616
0.8116666674613953
0.6816666722297668
0.784166693687439
0.746666669845581
0.8791666626930237
0.8774999976158142
0.8316666483879089
0.75
0.987500011920929
0.9750000238418579
0.9891666769981384
0.5166666507720947

training history loss
0.21014337241649628
0.11833146214485168
0.09986191987991333
0.06534083187580109
0.06521666049957275
0.058590032160282135
0.044539496302604675
0.03942067548632622
0.03713180124759674
0.033025581389665604
0.017240462824702263
0.020264174789190292
0.018756255507469177
0.020476942881941795
0.020291509106755257
0.009612493216991425
0.014778564684092999
0.014696162194013596
0.015377041883766651
0.00759512884542346
0.00626643281430006
0.010992951691150665
0.023962970823049545
0.008922752924263477
0.007887654937803745
0.012335341423749924
0.0074468073435127735
0.005020396783947945
0.0019656987860798836
0.00756288506090641
0.016616780310869217
0.0027166958898305893
0.015090323984622955
0.004954604897648096
0.0011140662245452404
0.0005538614350371063
0.0028009971138089895
0.0049163419753313065
0.03064548410475254
0.0066533926874399185
0.005713905673474073
0.0042365859262645245
0.0046766758896410465
0.013408937491476536
0.010211764834821224
0.0014631603844463825
0.0026008454151451588
0.007325542159378529
0.006022736430168152
0.0034081486519426107
0.0009267230634577572
0.0007883745711296797
0.0006247182027436793
0.003923417534679174
0.011577997356653214
0.02538779005408287
0.0019601304084062576
0.0022799845319241285
0.001530777895823121
0.0005347499973140657

training history val loss
9.927684783935547
8.595605850219727
10.594484329223633
9.476301193237305
11.03862476348877
10.879537582397461
9.669170379638672
9.921979904174805
8.411585807800293
0.36870092153549194
2.6881747245788574
2.2367894649505615
0.14004451036453247
1.1129084825515747
2.1365396976470947
0.5886068344116211
0.18893948197364807
1.1695789098739624
0.48675042390823364
2.4138662815093994
0.36092856526374817
8.858855247497559
7.465592384338379
4.21198034286499
1.4499773979187012
3.484001874923706
5.30852746963501
0.29983028769493103
0.9827396869659424
3.5361979007720947
0.07003118842840195
4.02748441696167
1.272953987121582
0.20346923172473907
0.4807325303554535
0.43286651372909546
0.07846760004758835
0.20594792068004608
8.690339088439941
0.0657413899898529
0.8357211947441101
0.08915911614894867
0.20662632584571838
1.6839312314987183
1.8435111045837402
0.07146808505058289
0.4053677022457123
1.8156836032867432
0.8060724139213562
1.3502790927886963
0.8909091949462891
1.1376285552978516
0.4702022671699524
0.5311605930328369
0.6696573495864868
1.2801151275634766
0.06900735944509506
0.10898789763450623
0.05217770114541054
5.642979145050049