test data loss : 1.5620155334472656
test data accyracy : 0.6520000100135803

training history accuracy
0.903333306312561
0.9612500071525574
0.9737499952316284
0.9768750071525574
0.9802083373069763
0.9795833230018616
0.9860416650772095
0.987291693687439
0.9887499809265137
0.9922916889190674
0.9912499785423279
0.9900000095367432
0.9939583539962769
0.9935416579246521
0.9939583539962769
0.9975000023841858
0.9993749856948853
0.9987499713897705
0.9897916913032532
0.9954166412353516
0.9975000023841858
0.9954166412353516
0.9918749928474426
0.9979166388511658
0.9979166388511658
0.9954166412353516
0.9987499713897705
0.9964583516120911
0.9952083230018616
0.997083306312561
0.9979166388511658
0.9991666674613953
0.9958333373069763
0.9960416555404663
0.9975000023841858
0.9987499713897705
0.9985416531562805
0.9985416531562805
0.9985416531562805
0.996874988079071
0.9962499737739563
0.9943749904632568
0.9983333349227905
0.9993749856948853
0.9960416555404663
0.9972916841506958
0.9987499713897705
0.9981250166893005
0.9964583516120911
0.9962499737739563
0.996666669845581
1.0
0.9993749856948853
0.99979168176651
0.9993749856948853
0.9983333349227905
0.9964583516120911
0.9995833039283752
0.9991666674613953
0.9991666674613953

training history val accuracy
0.5083333253860474
0.5083333253860474
0.5083333253860474
0.5083333253860474
0.5083333253860474
0.5083333253860474
0.5083333253860474
0.5083333253860474
0.5083333253860474
0.9016666412353516
0.49166667461395264
0.5458333492279053
0.8216666579246521
0.49166667461395264
0.5375000238418579
0.5508333444595337
0.9691666960716248
0.9633333086967468
0.7475000023841858
0.8675000071525574
0.925000011920929
0.9750000238418579
0.49166667461395264
0.9741666913032532
0.8216666579246521
0.5083333253860474
0.6016666889190674
0.6291666626930237
0.49166667461395264
0.5083333253860474
0.7524999976158142
0.4925000071525574
0.8700000047683716
0.7883333563804626
0.8391666412353516
0.6691666841506958
0.9441666603088379
0.5091666579246521
0.9850000143051147
0.8833333253860474
0.5191666483879089
0.5141666531562805
0.9741666913032532
0.9783333539962769
0.8991666436195374
0.5400000214576721
0.8600000143051147
0.5091666579246521
0.9649999737739563
0.6333333253860474
0.9474999904632568
0.9850000143051147
0.82833331823349
0.4925000071525574
0.6924999952316284
0.8916666507720947
0.8316666483879089
0.5350000262260437
0.5149999856948853
0.6274999976158142

training history loss
0.25191643834114075
0.11572325229644775
0.08428459614515305
0.06795322895050049
0.06342629343271255
0.06460285931825638
0.038707658648490906
0.03630993515253067
0.03241880238056183
0.022995129227638245
0.024017075076699257
0.026821546256542206
0.016238242387771606
0.01839635707437992
0.018302544951438904
0.008935549296438694
0.003942456562072039
0.004536737222224474
0.03373556584119797
0.012750852853059769
0.0079731410369277
0.014673945493996143
0.02183040976524353
0.010526061058044434
0.007083995267748833
0.013585788197815418
0.003288086736574769
0.010957807302474976
0.012833496555685997
0.010287460871040821
0.004897537175565958
0.002835151506587863
0.013807849958539009
0.012699177488684654
0.008534938097000122
0.004784718155860901
0.004089856054633856
0.004530392587184906
0.004814809653908014
0.009708915837109089
0.011583146639168262
0.015431489795446396
0.005163837224245071
0.0027832351624965668
0.01089518703520298
0.008262836374342442
0.004029647447168827
0.004250481259077787
0.010367536917328835
0.013600626029074192
0.007320068776607513
0.0010268210899084806
0.001540019060485065
0.0008547920151613653
0.0030378419905900955
0.004262934438884258
0.010106110945343971
0.0025173325557261705
0.0015476318076252937
0.00523490272462368

training history val loss
13.13294792175293
12.806083679199219
13.09321403503418
11.328543663024902
12.002546310424805
12.555954933166504
13.570257186889648
10.677239418029785
6.963230609893799
0.32711565494537354
10.840638160705566
2.2098097801208496
0.6794917583465576
6.864511013031006
3.760817050933838
2.2488198280334473
0.11660385131835938
0.1488848179578781
0.717067539691925
0.49383315443992615
0.2718513607978821
0.11125487089157104
4.055660724639893
0.07598346471786499
0.7328261733055115
13.373827934265137
2.506051540374756
1.9231903553009033
7.7028913497924805
5.721637725830078
1.0420931577682495
3.9185409545898438
0.4185921549797058
0.8926542401313782
0.5599213242530823
2.057065725326538
0.14499348402023315
9.549485206604004
0.0665384903550148
0.4940171241760254
6.136195182800293
3.864586591720581
0.09959489852190018
0.08617563545703888
0.4694749414920807
5.062958717346191
0.6076953411102295
8.661986351013184
0.16126012802124023
1.7039467096328735
0.15737590193748474
0.04544181749224663
0.7668402194976807
6.47979736328125
1.5957508087158203
0.4405134618282318
0.5032985210418701
2.865945816040039
5.906985759735107
1.5535496473312378