test data loss : 0.09904275834560394
test data accyracy : 0.9769999980926514

training history accuracy
0.9195833206176758
0.9629166722297668
0.9674999713897705
0.9756249785423279
0.9789583086967468
0.9800000190734863
0.9816666841506958
0.9856250286102295
0.9902083277702332
0.9910416603088379
0.9883333444595337
0.9945833086967468
0.9918749928474426
0.9897916913032532
0.9945833086967468
0.9956250190734863
0.9947916865348816
0.9950000047683716
0.9933333396911621
0.9960416555404663
0.996666669845581
0.996874988079071
0.9975000023841858
0.9983333349227905
0.9964583516120911
0.9943749904632568
0.9956250190734863
0.9972916841506958
0.9964583516120911
0.9977083206176758
0.9987499713897705
0.9993749856948853
0.9912499785423279
0.9958333373069763
0.9987499713897705
0.9981250166893005
0.9950000047683716
0.9972916841506958
0.9993749856948853
0.99979168176651
1.0
1.0
1.0
0.9993749856948853
0.9989583492279053
0.9958333373069763
0.9958333373069763
0.996874988079071
0.9975000023841858
0.996874988079071
0.9993749856948853
0.9945833086967468
0.9983333349227905
0.9960416555404663
0.9987499713897705
0.9993749856948853
1.0
1.0
1.0
1.0

training history val accuracy
0.5083333253860474
0.5083333253860474
0.5083333253860474
0.5083333253860474
0.5083333253860474
0.5083333253860474
0.5083333253860474
0.5083333253860474
0.5099999904632568
0.8924999833106995
0.512499988079071
0.5083333253860474
0.8924999833106995
0.9333333373069763
0.7833333611488342
0.5674999952316284
0.9700000286102295
0.6633333563804626
0.49166667461395264
0.9333333373069763
0.5799999833106995
0.6016666889190674
0.49166667461395264
0.4925000071525574
0.4975000023841858
0.628333330154419
0.49166667461395264
0.5558333396911621
0.9599999785423279
0.9750000238418579
0.7283333539962769
0.8199999928474426
0.6424999833106995
0.949999988079071
0.9458333253860474
0.5899999737739563
0.7066666483879089
0.7875000238418579
0.49166667461395264
0.9441666603088379
0.9850000143051147
0.9358333349227905
0.8766666650772095
0.5058333277702332
0.675000011920929
0.9599999785423279
0.5108333230018616
0.49166667461395264
0.7083333134651184
0.5208333134651184
0.9883333444595337
0.4983333349227905
0.9775000214576721
0.98416668176651
0.9133333563804626
0.7441666722297668
0.6633333563804626
0.9791666865348816
0.9866666793823242
0.9783333539962769

training history loss
0.21687720715999603
0.11374305933713913
0.0974239706993103
0.0780099481344223
0.06872802972793579
0.059970080852508545
0.052312854677438736
0.042145151644945145
0.031239697709679604
0.02963550016283989
0.03602123260498047
0.01687675714492798
0.022360745817422867
0.02719983085989952
0.015649480745196342
0.014517483301460743
0.012656559236347675
0.012941048480570316
0.016952432692050934
0.011370813474059105
0.009356904774904251
0.011256618425250053
0.008495992049574852
0.004092209506779909
0.010491731576621532
0.01596374250948429
0.010885098949074745
0.008043793961405754
0.012199304066598415
0.00688762404024601
0.0037074543070048094
0.0023847543634474277
0.026584647595882416
0.009951083920896053
0.0037619967479258776
0.006895680446177721
0.014778627082705498
0.0069039431400597095
0.00223120441660285
0.0009619535994715989
0.00029758672462776303
0.00019259403052274138
0.0003579947224352509
0.0025342023000121117
0.003738824976608157
0.011435062624514103
0.013805071823298931
0.008220343850553036
0.009475953876972198
0.008924285881221294
0.0031491173431277275
0.01333810668438673
0.0062892078422009945
0.010540395975112915
0.002696312265470624
0.0017305818619206548
0.0005919937393628061
0.00019217365479562432
0.00010054622543975711
0.00010078935156343505

training history val loss
8.409339904785156
9.556690216064453
10.239534378051758
9.988126754760742
11.8871488571167
10.28081226348877
9.786787986755371
7.40134859085083
4.83604097366333
0.2516229450702667
2.9032793045043945
7.533236503601074
0.2909156084060669
0.18148641288280487
0.5325242877006531
1.8913688659667969
0.09862151741981506
0.8005890846252441
7.559511661529541
0.18050915002822876
1.8767988681793213
1.9092257022857666
7.748328685760498
5.273504734039307
5.623583793640137
1.3871511220932007
5.672262668609619
2.7519466876983643
0.10533109307289124
0.09297911822795868
1.247317910194397
0.7302769422531128
1.5996240377426147
0.14255313575267792
0.16506126523017883
2.4681472778320312
1.7798510789871216
0.6062005758285522
8.250605583190918
0.2163761407136917
0.06314939260482788
0.24983187019824982
0.5815684795379639
2.853692054748535
1.8945035934448242
0.1992247849702835
6.017461776733398
6.275743007659912
1.6918587684631348
3.199833393096924
0.06440376490354538
5.099104404449463
0.11723516136407852
0.0789002999663353
0.20653918385505676
1.2316786050796509
1.7520827054977417
0.10502616316080093
0.07531418651342392
0.11065509915351868