test data loss : 0.06575474143028259
test data accyracy : 0.9879999756813049

training history accuracy
0.9150000214576721
0.9614583253860474
0.9677083492279053
0.9756249785423279
0.9725000262260437
0.9795833230018616
0.9885416626930237
0.987291693687439
0.9858333468437195
0.9900000095367432
0.9927083253860474
0.9964583516120911
0.9910416603088379
0.9927083253860474
0.996874988079071
0.9952083230018616
0.9927083253860474
0.9910416603088379
0.9956250190734863
0.9977083206176758
0.9972916841506958
0.9912499785423279
0.9939583539962769
0.9983333349227905
0.9972916841506958
0.9964583516120911
0.9983333349227905
0.9960416555404663
0.9989583492279053
0.9995833039283752
0.9991666674613953
0.9972916841506958
0.9910416603088379
0.996666669845581
0.9952083230018616
0.9981250166893005
0.997083306312561
0.9991666674613953
0.9983333349227905
0.9975000023841858
0.9933333396911621
0.996874988079071
0.9979166388511658
0.997083306312561
0.9947916865348816
0.9989583492279053
0.99979168176651
0.99979168176651
0.9983333349227905
0.9985416531562805
0.9983333349227905
0.9993749856948853
0.9964583516120911
0.9972916841506958
0.9945833086967468
0.9993749856948853
0.99979168176651
1.0
1.0
1.0

training history val accuracy
0.5083333253860474
0.5083333253860474
0.5083333253860474
0.5083333253860474
0.5083333253860474
0.5083333253860474
0.5083333253860474
0.5083333253860474
0.5083333253860474
0.6150000095367432
0.49166667461395264
0.871666669845581
0.5483333468437195
0.8266666531562805
0.7908333539962769
0.4958333373069763
0.8433333039283752
0.9191666841506958
0.6683333516120911
0.5408333539962769
0.5191666483879089
0.49166667461395264
0.9541666507720947
0.9700000286102295
0.49166667461395264
0.8491666913032532
0.5141666531562805
0.8700000047683716
0.6166666746139526
0.9741666913032532
0.949999988079071
0.9700000286102295
0.5483333468437195
0.971666693687439
0.9508333206176758
0.7266666889190674
0.9058333039283752
0.9266666769981384
0.9041666388511658
0.9616666436195374
0.49166667461395264
0.5641666650772095
0.9583333134651184
0.5933333039283752
0.8374999761581421
0.9808333516120911
0.9791666865348816
0.7883333563804626
0.9075000286102295
0.9750000238418579
0.9708333611488342
0.9449999928474426
0.5083333253860474
0.49166667461395264
0.5141666531562805
0.8883333206176758
0.9858333468437195
0.9666666388511658
0.9800000190734863
0.9833333492279053

training history loss
0.21912279725074768
0.11545199155807495
0.097823366522789
0.08308747410774231
0.07605710625648499
0.060834337025880814
0.038034792989492416
0.03873063251376152
0.03936174884438515
0.03036077506840229
0.020083418115973473
0.012754677794873714
0.024220198392868042
0.02045249566435814
0.008451354689896107
0.014267954975366592
0.01961858943104744
0.026747172698378563
0.01402376964688301
0.005189938936382532
0.005964451003819704
0.021457716822624207
0.01909419521689415
0.006061371881514788
0.008042003028094769
0.012392249889671803
0.005377780180424452
0.013589013367891312
0.0041564349085092545
0.0024699897039681673
0.0027878140099346638
0.006680556107312441
0.02697736769914627
0.009079649113118649
0.011905759572982788
0.004886864218860865
0.009776213206350803
0.0030670790001749992
0.005687410477548838
0.006156911142170429
0.016539134085178375
0.008710077963769436
0.006548426579684019
0.009093244560062885
0.014356815256178379
0.002645506989210844
0.002098655793815851
0.0009661034564487636
0.005245388951152563
0.004172023851424456
0.004071743693202734
0.0016338340938091278
0.010822822339832783
0.0073931398801505566
0.01248918753117323
0.0032025622203946114
0.0012822357239201665
0.0004714873502962291
0.0003109673853032291
0.00032576758530922234

training history val loss
7.260971546173096
8.511249542236328
10.960257530212402
9.441307067871094
11.224895477294922
14.017023086547852
9.929452896118164
7.448480606079102
11.466536521911621
1.6400885581970215
2.408254384994507
0.39854663610458374
2.839587926864624
0.7099177241325378
0.6853446364402771
3.755159854888916
0.633236825466156
0.21492181718349457
1.3008911609649658
2.959190845489502
4.402574062347412
11.069499969482422
0.1807093471288681
0.10414116829633713
6.386543273925781
0.5827348828315735
6.292745590209961
0.5836228728294373
1.8817932605743408
0.10704509913921356
0.21857567131519318
0.09969466924667358
2.488456964492798
0.08868993073701859
0.1372237503528595
1.5590065717697144
0.2751084864139557
0.2540445327758789
0.39447739720344543
0.1712694764137268
11.306427001953125
3.8157758712768555
0.13826002180576324
2.8160507678985596
0.5716580152511597
0.11861223727464676
0.08569067716598511
1.0773831605911255
0.3212917149066925
0.08881548792123795
0.09123779833316803
0.2053079903125763
8.702847480773926
9.00810718536377
8.369543075561523
0.5272266268730164
0.08705765008926392
0.1285698264837265
0.10615179687738419
0.07798047363758087