test data loss : 0.07772408425807953
test data accyracy : 0.972000002861023

training history accuracy
0.9229166507720947
0.9647916555404663
0.96854168176651
0.9762499928474426
0.9762499928474426
0.9793750047683716
0.9781249761581421
0.9825000166893005
0.9910416603088379
0.9900000095367432
0.9914583563804626
0.9918749928474426
0.9929166436195374
0.9912499785423279
0.9991666674613953
0.996666669845581
0.9937499761581421
0.9945833086967468
0.9947916865348816
0.9958333373069763
0.997083306312561
0.9972916841506958
0.9945833086967468
0.9958333373069763
0.9985416531562805
0.996666669845581
0.9972916841506958
0.9975000023841858
0.9958333373069763
0.9983333349227905
0.996666669845581
0.9943749904632568
0.9985416531562805
0.9991666674613953
0.997083306312561
0.9964583516120911
0.9975000023841858
0.9977083206176758
0.9979166388511658
0.9952083230018616
0.9972916841506958

training history val accuracy
0.5083333253860474
0.5083333253860474
0.5083333253860474
0.5083333253860474
0.5083333253860474
0.5083333253860474
0.5083333253860474
0.5083333253860474
0.5083333253860474
0.6833333373069763
0.9758333563804626
0.9524999856948853
0.9433333277702332
0.49166667461395264
0.9700000286102295
0.5708333253860474
0.4925000071525574
0.4925000071525574
0.9616666436195374
0.9416666626930237
0.5249999761581421
0.5099999904632568
0.4983333349227905
0.7583333253860474
0.971666693687439
0.9616666436195374
0.9758333563804626
0.9783333539962769
0.9449999928474426
0.5641666650772095
0.503333330154419
0.49166667461395264
0.8475000262260437
0.7066666483879089
0.5083333253860474
0.5649999976158142
0.6016666889190674
0.6866666674613953
0.9608333110809326
0.8641666769981384
0.9458333253860474

training history loss
0.20468036830425262
0.10834454745054245
0.09299179166555405
0.08111671358346939
0.07016365975141525
0.06273132562637329
0.061036620289087296
0.04907272756099701
0.028305718675255775
0.0331277921795845
0.023211941123008728
0.02293930947780609
0.021489644423127174
0.025524498894810677
0.005462249740958214
0.010533674620091915
0.015346054919064045
0.016706902533769608
0.018135003745555878
0.012023653835058212
0.009121853858232498
0.008186602964997292
0.015227149240672588
0.011520454660058022
0.005666834302246571
0.00855028536170721
0.00898410752415657
0.007795586716383696
0.014064350165426731
0.006519718561321497
0.009947195649147034
0.017037009820342064
0.00467601977288723
0.0032273961696773767
0.008640422485768795
0.007967790588736534
0.009527073241770267
0.0087742293253541
0.005410381127148867
0.011344832368195057
0.010904759168624878

training history val loss
8.404799461364746
8.674633979797363
9.122313499450684
9.715241432189941
10.65331745147705
9.281391143798828
10.798295021057129
10.824338912963867
8.836261749267578
1.2852953672409058
0.07277560979127884
0.133094921708107
0.19290289282798767
5.121249675750732
0.11043588072061539
2.4466378688812256
7.990549087524414
4.761841773986816
0.13097627460956573
0.16300451755523682
2.4251067638397217
4.137948989868164
3.360344409942627
0.849206268787384
0.10687882453203201
0.1166456863284111
0.08347713202238083
0.08639997988939285
0.2050066888332367
3.141700506210327
4.023388862609863
8.509986877441406
0.4526766538619995
1.5156646966934204
10.993249893188477
2.4208436012268066
3.2128148078918457
1.971232533454895
0.1320730447769165
0.4909881055355072
0.1961064487695694