test data loss : 1.7867971658706665
test data accyracy : 0.6779999732971191

training history accuracy
0.9245833158493042
0.9585416913032532
0.9695833325386047
0.9722916483879089
0.9772916436195374
0.9783333539962769
0.9864583611488342
0.9820833206176758
0.9862499833106995
0.9854166507720947
0.9883333444595337
0.9937499761581421
0.9945833086967468
0.9858333468437195
0.9943749904632568
0.9927083253860474
0.9927083253860474
0.9964583516120911
0.9987499713897705
1.0
0.99979168176651
1.0
0.9883333444595337
0.9954166412353516
0.9952083230018616
0.9981250166893005
0.9958333373069763
0.9947916865348816
0.9960416555404663
0.9983333349227905
0.9983333349227905
0.9975000023841858
0.9925000071525574
0.9943749904632568
0.9983333349227905
0.9954166412353516
0.9979166388511658
0.9972916841506958
0.9989583492279053
0.9979166388511658
0.9995833039283752
0.9991666674613953
0.9989583492279053
0.9985416531562805
0.9960416555404663
0.9962499737739563
0.996874988079071
0.9995833039283752
0.99979168176651
0.99979168176651
1.0
0.99979168176651
0.9991666674613953
0.9947916865348816
0.9947916865348816
0.9975000023841858
0.9995833039283752
0.9987499713897705
0.9972916841506958
0.9975000023841858

training history val accuracy
0.5083333253860474
0.5083333253860474
0.5083333253860474
0.5083333253860474
0.5083333253860474
0.5083333253860474
0.5083333253860474
0.5083333253860474
0.5608333349227905
0.5641666650772095
0.9674999713897705
0.5083333253860474
0.862500011920929
0.7591666579246521
0.5241666436195374
0.9750000238418579
0.971666693687439
0.9674999713897705
0.5141666531562805
0.9850000143051147
0.5325000286102295
0.7191666960716248
0.49166667461395264
0.5141666531562805
0.7541666626930237
0.8708333373069763
0.6324999928474426
0.6483333110809326
0.8541666865348816
0.6850000023841858
0.8641666769981384
0.8658333420753479
0.5941666960716248
0.9666666388511658
0.9850000143051147
0.5383333563804626
0.9800000190734863
0.8500000238418579
0.8858333230018616
0.5991666913032532
0.9441666603088379
0.9800000190734863
0.5191666483879089
0.6391666531562805
0.971666693687439
0.6658333539962769
0.6725000143051147
0.9708333611488342
0.9524999856948853
0.987500011920929
0.8166666626930237
0.9549999833106995
0.49666666984558105
0.8366666436195374
0.49166667461395264
0.9800000190734863
0.6549999713897705
0.9366666674613953
0.5191666483879089
0.6949999928474426

training history loss
0.22385427355766296
0.12250975519418716
0.09603963047266006
0.08455005288124084
0.07561693340539932
0.06847825646400452
0.04684465378522873
0.05170789361000061
0.037774600088596344
0.037569042295217514
0.03459896519780159
0.020526664331555367
0.017241675406694412
0.03760751336812973
0.017557047307491302
0.020456138998270035
0.021123651415109634
0.009088817052543163
0.005185671616345644
0.0009400428389199078
0.0015581094194203615
0.0011877422221004963
0.03551597520709038
0.015732455998659134
0.013018213212490082
0.00714806467294693
0.011128227226436138
0.014485678635537624
0.011146082542836666
0.004835774190723896
0.005914268083870411
0.006824700627475977
0.022039612755179405
0.01637815684080124
0.004543813411146402
0.012283168733119965
0.004736332222819328
0.006770427338778973
0.0031376772094517946
0.0039295619353652
0.001641788869164884
0.003203015774488449
0.0022970535792410374
0.004094358533620834
0.014354421757161617
0.010457723401486874
0.008966399356722832
0.001474618911743164
0.0010107841808348894
0.000812256766948849
0.0007208959432318807
0.0008583050221204758
0.002016523154452443
0.01667110063135624
0.01360146701335907
0.007610471919178963
0.0019003951456397772
0.004342096392065287
0.006290502846240997
0.009519699960947037

training history val loss
5.196018218994141
8.847116470336914
9.450170516967773
10.622210502624512
11.019728660583496
10.536091804504395
10.003701210021973
12.456124305725098
2.0574357509613037
2.077932834625244
0.11526177823543549
7.549506187438965
0.5820600390434265
0.8337193131446838
2.9936439990997314
0.07135267555713654
0.09935571998357773
0.09553451091051102
2.7628724575042725
0.0684780552983284
2.5601558685302734
1.3821476697921753
11.1817626953125
2.9530258178710938
0.8948180079460144
0.4435691833496094
1.755670189857483
1.862300992012024
0.6006274223327637
1.6813881397247314
0.4223003089427948
0.5030937194824219
2.1907784938812256
0.11033407598733902
0.06261617690324783
2.719388484954834
0.08498085290193558
0.6715335845947266
0.355810284614563
2.907844066619873
0.20954732596874237
0.06858596205711365
5.009512901306152
2.3609869480133057
0.10517124086618423
1.3362208604812622
1.8563603162765503
0.14402781426906586
0.22669276595115662
0.05674038082361221
0.7930774092674255
0.1490662842988968
4.609865665435791
0.7443825006484985
22.186485290527344
0.08302947133779526
1.7905102968215942
0.22895215451717377
2.996157646179199
1.6900196075439453