test data loss : 1.284130334854126
test data accyracy : 0.7379999756813049

training history accuracy
0.9279166460037231
0.9583333134651184
0.96854168176651
0.9758333563804626
0.9791666865348816
0.9816666841506958
0.981249988079071
0.9839583039283752
0.9870833158493042
0.9927083253860474
0.9910416603088379
0.9908333420753479
0.9895833134651184
0.9964583516120911
0.9956250190734863
0.9929166436195374
0.9979166388511658
0.9964583516120911
0.9939583539962769
0.9897916913032532
0.997083306312561
0.9977083206176758
0.9979166388511658
0.9927083253860474
0.9977083206176758
0.9972916841506958
0.9981250166893005
0.9960416555404663
0.9931250214576721
0.9975000023841858
0.9972916841506958
0.9987499713897705
0.9985416531562805
0.9991666674613953
0.9991666674613953
0.9989583492279053
0.9985416531562805
0.9954166412353516
0.9975000023841858
0.9977083206176758
0.996874988079071
0.9975000023841858
1.0
0.99979168176651
0.99979168176651
0.9995833039283752
0.9995833039283752
0.9987499713897705
0.9991666674613953
0.9975000023841858
0.9947916865348816
0.9991666674613953
0.9943749904632568
0.9964583516120911
0.9995833039283752
0.9975000023841858
0.9993749856948853
1.0
1.0
0.9993749856948853

training history val accuracy
0.5083333253860474
0.5083333253860474
0.5083333253860474
0.5083333253860474
0.5083333253860474
0.5083333253860474
0.5083333253860474
0.5083333253860474
0.5083333253860474
0.5083333253860474
0.8933333158493042
0.503333330154419
0.4925000071525574
0.9616666436195374
0.49166667461395264
0.971666693687439
0.9725000262260437
0.9683333039283752
0.9591666460037231
0.49166667461395264
0.5183333158493042
0.9441666603088379
0.7825000286102295
0.6641666889190674
0.9008333086967468
0.9783333539962769
0.7233333587646484
0.6433333158493042
0.9133333563804626
0.5174999833106995
0.9766666889190674
0.9800000190734863
0.92166668176651
0.49666666984558105
0.9491666555404663
0.5991666913032532
0.7774999737739563
0.7275000214576721
0.5441666841506958
0.9549999833106995
0.9758333563804626
0.5183333158493042
0.9599999785423279
0.9316666722297668
0.9858333468437195
0.8116666674613953
0.9825000166893005
0.9583333134651184
0.49166667461395264
0.7666666507720947
0.8725000023841858
0.5441666841506958
0.9391666650772095
0.9766666889190674
0.6883333325386047
0.7858333587646484
0.9750000238418579
0.8891666531562805
0.8916666507720947
0.7450000047683716

training history loss
0.21489298343658447
0.12266389280557632
0.096459299325943
0.07948793470859528
0.06559538096189499
0.05290411040186882
0.05662889406085014
0.043836984783411026
0.03512153401970863
0.02552422694861889
0.02435968816280365
0.0262224730104208
0.030629701912403107
0.011055347509682178
0.012799648568034172
0.020294087007641792
0.006847717799246311
0.011703896336257458
0.019041281193494797
0.025656186044216156
0.007651705760508776
0.0066015045158565044
0.0061329142190515995
0.019614970311522484
0.008739501237869263
0.009189389646053314
0.004561468958854675
0.009093700908124447
0.018920626491308212
0.008328103460371494
0.008657002821564674
0.005817428231239319
0.0036317333579063416
0.003470188705250621
0.0019316371763125062
0.0033914220985025167
0.006474960129708052
0.01296535599976778
0.007386114448308945
0.0053223199211061
0.007655859924852848
0.01049403753131628
0.0013018775498494506
0.0011588814668357372
0.0007498878985643387
0.0009751181933097541
0.0026176951359957457
0.003611232154071331
0.003944799304008484
0.007463319227099419
0.01783870905637741
0.003961097449064255
0.016699207946658134
0.012583852745592594
0.0020921158138662577
0.005656576249748468
0.0020646194461733103
0.000494454987347126
0.0002062388084596023
0.0021632984280586243

training history val loss
9.852672576904297
11.961586952209473
9.3247652053833
9.511202812194824
12.18110466003418
13.382819175720215
13.730584144592285
8.842180252075195
14.38045883178711
7.301848888397217
0.2858774960041046
2.319953441619873
4.548184394836426
0.1170826330780983
5.249332427978516
0.10758605599403381
0.09381405264139175
0.10293456166982651
0.140669047832489
5.820860385894775
3.85536789894104
0.17915862798690796
0.7018953561782837
1.0232651233673096
0.31389516592025757
0.08651731163263321
0.9217929840087891
1.5400753021240234
0.25049635767936707
3.348564863204956
0.09257013350725174
0.06655848771333694
0.25205910205841064
5.258999824523926
0.2259576916694641
2.7199103832244873
1.3324851989746094
1.375792145729065
2.072256565093994
0.15006372332572937
0.08577479422092438
3.7813427448272705
0.12015216797590256
0.2979341149330139
0.06042226776480675
0.9416552782058716
0.07291777431964874
0.15925435721874237
6.400043964385986
0.8686621189117432
0.3992924392223358
4.1490983963012695
0.21630039811134338
0.0988813117146492
2.037665843963623
0.6665449738502502
0.10205376893281937
0.46991434693336487
0.4776717722415924
1.1662031412124634