test data loss : 0.16187769174575806
test data accyracy : 0.9559999704360962

training history accuracy
0.9197916388511658
0.9637500047683716
0.9704166650772095
0.971666693687439
0.9760416746139526
0.9833333492279053
0.9831249713897705
0.98458331823349
0.9916666746139526
0.9916666746139526
0.9883333444595337
0.9918749928474426
0.9945833086967468
0.9939583539962769
0.9902083277702332
0.9945833086967468
0.9950000047683716
0.9935416579246521
0.9954166412353516
0.997083306312561
0.9987499713897705
0.9918749928474426
0.9952083230018616
0.9987499713897705
0.9947916865348816
0.9947916865348816
0.9979166388511658
0.9972916841506958
0.9987499713897705
0.9983333349227905
0.9958333373069763
0.9954166412353516
0.9925000071525574
0.9952083230018616
0.9950000047683716
0.996666669845581
0.9993749856948853
0.9983333349227905
0.9993749856948853
1.0
0.996666669845581
0.9947916865348816
0.9985416531562805
0.9981250166893005
0.9975000023841858
0.9983333349227905
0.9987499713897705
0.9983333349227905
0.9983333349227905
0.9947916865348816
0.9964583516120911
0.9991666674613953
0.9995833039283752
0.9979166388511658
0.996874988079071
0.9972916841506958
0.9983333349227905
0.9985416531562805
0.99979168176651
0.9991666674613953

training history val accuracy
0.5083333253860474
0.5083333253860474
0.5083333253860474
0.5083333253860474
0.5083333253860474
0.5083333253860474
0.5083333253860474
0.5083333253860474
0.5083333253860474
0.7808333039283752
0.9725000262260437
0.6041666865348816
0.5083333253860474
0.9016666412353516
0.4933333396911621
0.49166667461395264
0.940833330154419
0.9599999785423279
0.9750000238418579
0.5583333373069763
0.9766666889190674
0.49166667461395264
0.8516666889190674
0.9308333396911621
0.9291666746139526
0.9383333325386047
0.6466666460037231
0.5733333230018616
0.9333333373069763
0.8941666483879089
0.8983333110809326
0.9574999809265137
0.5083333253860474
0.9441666603088379
0.8500000238418579
0.5558333396911621
0.762499988079071
0.98416668176651
0.9900000095367432
0.9783333539962769
0.7366666793823242
0.925000011920929
0.4950000047683716
0.7233333587646484
0.9674999713897705
0.5858333110809326
0.6316666603088379
0.4958333373069763
0.5633333325386047
0.5083333253860474
0.5458333492279053
0.9350000023841858
0.9058333039283752
0.9725000262260437
0.5083333253860474
0.5933333039283752
0.9666666388511658
0.8683333396911621
0.987500011920929
0.9558333158493042

training history loss
0.22225071489810944
0.10975155234336853
0.09001994878053665
0.08465296775102615
0.0738288015127182
0.05546924099326134
0.05523289367556572
0.04296356067061424
0.02666529454290867
0.02976435050368309
0.03591134026646614
0.022649528458714485
0.015733519569039345
0.020731031894683838
0.02753334678709507
0.017392748966813087
0.012099462561309338
0.018595444038510323
0.015075534582138062
0.00821392610669136
0.005178371444344521
0.02780885435640812
0.016199709847569466
0.005493619944900274
0.014056558720767498
0.01571051776409149
0.007921416312456131
0.007374265231192112
0.005187507253140211
0.005339634604752064
0.012019369751214981
0.013125015422701836
0.020367585122585297
0.015684548765420914
0.010027728974819183
0.00990535132586956
0.003443269757553935
0.004194190725684166
0.002689648885279894
0.00039732400909997523
0.010720780119299889
0.01722065545618534
0.006157464347779751
0.0044980840757489204
0.007421209942549467
0.004630351904779673
0.005523290950804949
0.003672029124572873
0.00472413282841444
0.01140644308179617
0.011262447573244572
0.0030012258794158697
0.0015999899478629231
0.004620666150003672
0.009873872622847557
0.0080392025411129
0.00392739987000823
0.0037423069588840008
0.0011527956230565906
0.0023610505741089582

training history val loss
7.932290077209473
7.756168842315674
8.682147979736328
8.170093536376953
12.218226432800293
8.963909149169922
10.987000465393066
8.965716361999512
10.66612434387207
0.6437153816223145
0.10393659770488739
2.0309951305389404
5.303586959838867
0.23030288517475128
3.8366081714630127
6.025205135345459
0.2605718970298767
0.10172364860773087
0.08117290586233139
2.8131654262542725
0.08050453662872314
5.836450099945068
0.729783296585083
0.2139805555343628
0.20843611657619476
0.22450365126132965
1.5220106840133667
2.8645541667938232
0.22858619689941406
0.36432066559791565
0.37105315923690796
0.1465560346841812
7.611247539520264
0.16111868619918823
0.4915257394313812
3.3881239891052246
1.095104455947876
0.08549132943153381
0.04544183239340782
0.10530050098896027
1.317328691482544
0.27463871240615845
3.9655818939208984
1.277151346206665
0.11411530524492264
2.6881332397460938
2.097529411315918
4.714812755584717
3.1603803634643555
7.8932600021362305
3.0385076999664307
0.2332027405500412
0.3646394610404968
0.1363006830215454
7.271731853485107
2.6063156127929688
0.12180954217910767
0.5235390067100525
0.04667920991778374
0.1453818827867508