test data loss : 0.21088296175003052
test data accyracy : 0.9350000023841858

training history accuracy
0.9193750023841858
0.9641666412353516
0.9722916483879089
0.9702083468437195
0.9781249761581421
0.9820833206176758
0.9881250262260437
0.9847916960716248
0.9850000143051147
0.9900000095367432
0.9954166412353516
0.9910416603088379
0.9904166460037231
0.9933333396911621
0.996874988079071
0.9937499761581421
0.9960416555404663
0.9958333373069763
0.9945833086967468
0.9879166483879089
0.9950000047683716
0.997083306312561
0.9983333349227905
0.9918749928474426
0.996874988079071
0.9993749856948853
0.9977083206176758
0.9985416531562805
0.9962499737739563
0.9910416603088379
0.9975000023841858
0.9985416531562805
0.9960416555404663
0.9979166388511658
0.9983333349227905
0.9947916865348816
0.9962499737739563
0.9983333349227905
0.99979168176651
0.9972916841506958
0.9983333349227905
0.9975000023841858
0.9962499737739563
0.9958333373069763
0.9972916841506958
0.9987499713897705
0.9979166388511658
0.9989583492279053
0.9991666674613953
0.9995833039283752
0.9983333349227905
0.9958333373069763
0.997083306312561
0.9991666674613953
0.9993749856948853
0.99979168176651
0.9983333349227905
0.9960416555404663
0.9979166388511658
0.996874988079071

training history val accuracy
0.5083333253860474
0.5083333253860474
0.5083333253860474
0.5083333253860474
0.5083333253860474
0.5083333253860474
0.5083333253860474
0.5083333253860474
0.60916668176651
0.5091666579246521
0.5166666507720947
0.5083333253860474
0.4933333396911621
0.8991666436195374
0.49166667461395264
0.9541666507720947
0.9808333516120911
0.9825000166893005
0.5024999976158142
0.5091666579246521
0.98416668176651
0.5291666388511658
0.6449999809265137
0.9833333492279053
0.8500000238418579
0.5433333516120911
0.7699999809265137
0.8458333611488342
0.9116666913032532
0.5383333563804626
0.49416667222976685
0.7816666960716248
0.49166667461395264
0.9366666674613953
0.6600000262260437
0.9175000190734863
0.9825000166893005
0.9866666793823242
0.9758333563804626
0.5291666388511658
0.8108333349227905
0.49166667461395264
0.5883333086967468
0.7649999856948853
0.965833306312561
0.9741666913032532
0.49166667461395264
0.82833331823349
0.9833333492279053
0.9649999737739563
0.9416666626930237
0.49166667461395264
0.5366666913032532
0.987500011920929
0.8224999904632568
0.5525000095367432
0.8525000214576721
0.5249999761581421
0.965833306312561
0.9458333253860474

training history loss
0.2179477959871292
0.11409211158752441
0.08718041330575943
0.08834578841924667
0.07061419636011124
0.054092828184366226
0.03575675189495087
0.040187302976846695
0.03678541257977486
0.028352810069918633
0.013397409580647945
0.026015546172857285
0.026604879647493362
0.017107687890529633
0.009453288279473782
0.018428830429911613
0.013503879308700562
0.01214968878775835
0.015261305496096611
0.0319691002368927
0.012455412186682224
0.008657273836433887
0.005112792830914259
0.021761823445558548
0.010866260156035423
0.0032944194972515106
0.006282516289502382
0.00572125893086195
0.01105472445487976
0.028103001415729523
0.007865558378398418
0.005142781417816877
0.009944225661456585
0.007827168330550194
0.005560961551964283
0.016254158690571785
0.011277809739112854
0.0055021122097969055
0.0014662017347291112
0.008428116329014301
0.005774730816483498
0.009089551866054535
0.010260610841214657
0.009419676847755909
0.00913273449987173
0.0031859443988651037
0.007183537352830172
0.004845099989324808
0.003194018267095089
0.0020030378364026546
0.0033102675806730986
0.01328156515955925
0.009793028235435486
0.002687576226890087
0.0010847282828763127
0.0007403225754387677
0.003293642308562994
0.013916061259806156
0.006104642525315285
0.007999515160918236

training history val loss
9.921592712402344
13.05156135559082
9.738162994384766
12.207806587219238
11.307781219482422
12.344818115234375
13.764616012573242
10.596454620361328
1.6500489711761475
6.606375217437744
3.5720956325531006
7.550342559814453
2.838338851928711
0.3214205801486969
2.8866047859191895
0.14831970632076263
0.08713375777006149
0.07494957000017166
4.085422039031982
8.203706741333008
0.07186350226402283
3.7543814182281494
1.7592366933822632
0.10184498131275177
0.5599579811096191
3.1884090900421143
0.8496149778366089
0.8269878625869751
0.2679262161254883
2.6002719402313232
4.825401782989502
0.7927075028419495
8.090951919555664
0.23713859915733337
1.4573619365692139
0.21578943729400635
0.06256825476884842
0.07445604354143143
0.10793840140104294
2.794705867767334
0.7391107678413391
13.769536018371582
2.431962728500366
0.9128475785255432
0.09833322465419769
0.12689292430877686
8.867958068847656
0.6454772353172302
0.07379258424043655
0.11811135709285736
0.2707921862602234
16.018310546875
2.585216760635376
0.060707125812768936
0.727247953414917
3.3609843254089355
0.4995405972003937
4.879197120666504
0.16865244507789612
0.2061714231967926