test data loss : 0.07323835790157318
test data accyracy : 0.9750000238418579

training history accuracy
0.9158333539962769
0.9618750214576721
0.9697916507720947
0.9737499952316284
0.9804166555404663
0.9839583039283752
0.9816666841506958
0.9839583039283752
0.9897916913032532
0.9891666769981384
0.9910416603088379
0.9925000071525574
0.9918749928474426
0.9904166460037231
0.9908333420753479
0.9939583539962769
0.9922916889190674
0.9979166388511658
0.9979166388511658
0.9914583563804626
0.9956250190734863
0.99979168176651
0.996874988079071
0.9947916865348816
0.9950000047683716
0.9958333373069763
0.9960416555404663
0.9979166388511658
0.9972916841506958
0.9979166388511658
0.9985416531562805
0.9979166388511658
0.9945833086967468
0.9987499713897705
0.9964583516120911
0.9981250166893005
0.9993749856948853
0.99979168176651
0.9920833110809326
0.9960416555404663
0.996666669845581
0.9952083230018616
0.9977083206176758
0.9981250166893005
0.9985416531562805
0.9993749856948853
0.9995833039283752
0.9960416555404663
0.9985416531562805
0.9972916841506958
1.0
0.9995833039283752

training history val accuracy
0.5083333253860474
0.5083333253860474
0.5083333253860474
0.5083333253860474
0.5083333253860474
0.5083333253860474
0.5083333253860474
0.5083333253860474
0.5083333253860474
0.6233333349227905
0.7875000238418579
0.9674999713897705
0.8433333039283752
0.9708333611488342
0.7666666507720947
0.5108333230018616
0.9191666841506958
0.5933333039283752
0.7066666483879089
0.7816666960716248
0.684166669845581
0.987500011920929
0.9449999928474426
0.8424999713897705
0.8799999952316284
0.8424999713897705
0.49166667461395264
0.5983333587646484
0.8650000095367432
0.5191666483879089
0.9366666674613953
0.5716666579246521
0.659166693687439
0.9833333492279053
0.7524999976158142
0.8641666769981384
0.9424999952316284
0.98416668176651
0.5074999928474426
0.550000011920929
0.6116666793823242
0.9733333587646484
0.6333333253860474
0.721666693687439
0.8541666865348816
0.8274999856948853
0.7475000023841858
0.721666693687439
0.9725000262260437
0.9783333539962769
0.9783333539962769
0.9649999737739563

training history loss
0.21946586668491364
0.11411916464567184
0.09459367394447327
0.08337976783514023
0.06502483040094376
0.05489043518900871
0.05403496325016022
0.04770267754793167
0.03320923447608948
0.028608880937099457
0.022222569212317467
0.023043671622872353
0.021511588245630264
0.023710884153842926
0.02907957322895527
0.017992472276091576
0.018954264000058174
0.008895543403923512
0.00889988336712122
0.019743042066693306
0.013529780320823193
0.0032555945217609406
0.00982961617410183
0.013051717542111874
0.01483758445829153
0.009629681706428528
0.010279587469995022
0.006029317155480385
0.00795983150601387
0.00505797890946269
0.004488034639507532
0.004761029966175556
0.012992252595722675
0.003267130581662059
0.010692299343645573
0.006132171489298344
0.0027513785753399134
0.0018148861126974225
0.02098107524216175
0.011474690400063992
0.009326256811618805
0.014082982204854488
0.008724603801965714
0.004734482616186142
0.00435487600043416
0.0018681985093280673
0.0009643930243328214
0.00895092636346817
0.003114106832072139
0.008932020515203476
0.0011492723133414984
0.0009546561050228775

training history val loss
9.189654350280762
11.637292861938477
8.967144012451172
9.678506851196289
10.025018692016602
10.05251693725586
10.346129417419434
13.582688331604004
10.076595306396484
1.7627968788146973
0.7641314268112183
0.10275100916624069
0.40750783681869507
0.08418744057416916
0.8768958449363708
5.07626485824585
0.24942336976528168
1.6144593954086304
1.1363705396652222
0.5785958170890808
1.2761430740356445
0.05405953899025917
0.14747127890586853
0.47761067748069763
0.39683520793914795
0.49535760283470154
8.484969139099121
1.879095435142517
0.3377654254436493
4.583433628082275
0.21122588217258453
2.150923252105713
1.825700283050537
0.07710196822881699
1.1195067167282104
0.484068900346756
0.23087649047374725
0.07377182692289352
5.200490951538086
2.2951247692108154
1.8524501323699951
0.08176601678133011
2.5664143562316895
1.0829411745071411
0.48013168573379517
0.5444232821464539
1.1527528762817383
1.7465691566467285
0.10985595732927322
0.07171282917261124
0.09444943070411682
0.11756978183984756