test data loss : 0.27077049016952515
test data accyracy : 0.902999997138977

training history accuracy
0.9147916436195374
0.9572916626930237
0.9645833373069763
0.9739583134651184
0.981249988079071
0.9820833206176758
0.9835416674613953
0.9912499785423279
0.987500011920929
0.9931250214576721
0.9879166483879089
0.9889583587646484
0.9954166412353516
0.9945833086967468
0.9939583539962769
0.9943749904632568
0.9947916865348816
0.9960416555404663
0.9900000095367432
0.9960416555404663
0.9964583516120911
0.996874988079071
0.9962499737739563
0.9981250166893005
0.9975000023841858
0.996874988079071
0.9927083253860474
0.9954166412353516
0.9964583516120911
0.9995833039283752
0.99979168176651
0.9995833039283752
0.9958333373069763
0.9954166412353516
0.9979166388511658
0.9947916865348816
0.9945833086967468
0.9983333349227905
0.9987499713897705
1.0
1.0
0.9993749856948853
0.996874988079071
0.997083306312561
0.9958333373069763
0.9975000023841858
0.9977083206176758
0.9993749856948853
0.9985416531562805
0.996874988079071
0.9989583492279053
0.9985416531562805
0.996666669845581
0.9945833086967468
0.9987499713897705
0.9993749856948853
0.9979166388511658
0.9989583492279053
0.9991666674613953
0.9979166388511658

training history val accuracy
0.5083333253860474
0.5083333253860474
0.5083333253860474
0.5083333253860474
0.5083333253860474
0.5083333253860474
0.5083333253860474
0.5083333253860474
0.9558333158493042
0.5091666579246521
0.5950000286102295
0.9008333086967468
0.9725000262260437
0.9474999904632568
0.5975000262260437
0.653333306312561
0.6974999904632568
0.5024999976158142
0.49166667461395264
0.9758333563804626
0.5575000047683716
0.9725000262260437
0.7074999809265137
0.7691666483879089
0.7358333468437195
0.9458333253860474
0.5008333325386047
0.51583331823349
0.7308333516120911
0.9674999713897705
0.862500011920929
0.9608333110809326
0.9691666960716248
0.5491666793823242
0.9708333611488342
0.9150000214576721
0.5083333253860474
0.5083333253860474
0.7491666674613953
0.8824999928474426
0.9816666841506958
0.5608333349227905
0.8641666769981384
0.8924999833106995
0.6150000095367432
0.9549999833106995
0.6783333420753479
0.7058333158493042
0.8541666865348816
0.5174999833106995
0.6625000238418579
0.5174999833106995
0.5091666579246521
0.7641666531562805
0.9833333492279053
0.5266666412353516
0.7774999737739563
0.6808333396911621
0.7041666507720947
0.9125000238418579

training history loss
0.22658085823059082
0.12061771750450134
0.10411383956670761
0.0832633301615715
0.06230942904949188
0.05291188880801201
0.04738140478730202
0.03063059225678444
0.03661435842514038
0.02215665765106678
0.034052178263664246
0.027030372992157936
0.015481139533221722
0.015409710817039013
0.018720805644989014
0.017743470147252083
0.01280561275780201
0.011919255368411541
0.023541871458292007
0.010538837872445583
0.008593916893005371
0.00888840388506651
0.01027134619653225
0.008719045668840408
0.008187542669475079
0.01006681751459837
0.01906484365463257
0.015198747627437115
0.011031564325094223
0.00185202166903764
0.0012170894769951701
0.0022494641598314047
0.012382818385958672
0.010877704247832298
0.006647288799285889
0.013914261013269424
0.01956254430115223
0.006503656506538391
0.0048782704398036
0.0006159718614071608
0.0007669441984035075
0.0017907919827848673
0.010375008918344975
0.00930371880531311
0.009943022392690182
0.0069168806076049805
0.006814432796090841
0.0021581395994871855
0.00357417156919837
0.008705380372703075
0.0054384442046284676
0.003876911709085107
0.011082942597568035
0.016713621094822884
0.0034041774924844503
0.0019213419873267412
0.004233235958963633
0.004345150664448738
0.003237802302464843
0.006689900532364845

training history val loss
7.6809821128845215
9.298836708068848
11.469483375549316
9.793621063232422
11.017333030700684
10.060165405273438
11.865852355957031
9.456162452697754
0.16148577630519867
5.941751480102539
2.1822314262390137
0.25191253423690796
0.07897942513227463
0.13366208970546722
1.5862610340118408
1.6307766437530518
1.0974407196044922
2.6034023761749268
8.836871147155762
0.10900864005088806
3.963456630706787
0.10500182956457138
0.9556211233139038
0.6533617973327637
1.0719213485717773
0.18235774338245392
4.690811634063721
2.9449353218078613
1.3368079662322998
0.12244235724210739
0.5429983139038086
0.14222721755504608
0.11439674347639084
4.79197883605957
0.13875488936901093
0.3228271007537842
7.897129058837891
9.935365676879883
0.876950204372406
0.4649291932582855
0.05622461438179016
4.541423320770264
0.49955281615257263
0.3401428759098053
2.4237077236175537
0.16292650997638702
1.4150352478027344
1.5760836601257324
0.5292783975601196
6.569116115570068
2.0621836185455322
5.083774566650391
9.311029434204102
0.9608005881309509
0.0584074966609478
4.099527359008789
1.0096778869628906
1.7999777793884277
1.0212994813919067
0.26707059144973755