test data loss : 0.08784016221761703
test data accyracy : 0.9729999899864197

training history accuracy
0.9152083396911621
0.9595833420753479
0.9668750166893005
0.9708333611488342
0.971666693687439
0.9827083349227905
0.9858333468437195
0.981041669845581
0.9852083325386047
0.9866666793823242
0.9891666769981384
0.9922916889190674
0.9947916865348816
0.9933333396911621
0.9918749928474426
0.9947916865348816
0.997083306312561
0.9983333349227905
0.9945833086967468
0.9922916889190674
0.9960416555404663
0.9920833110809326
0.9954166412353516
0.9943749904632568
0.997083306312561
0.9975000023841858
0.996666669845581
0.9981250166893005
0.9977083206176758
0.9987499713897705
0.9964583516120911
0.9950000047683716
0.9989583492279053
0.9991666674613953
0.9989583492279053
0.9987499713897705
0.9972916841506958
0.9960416555404663
0.9954166412353516
0.997083306312561
0.9985416531562805
0.9960416555404663
0.9914583563804626
0.9993749856948853
0.9987499713897705
0.9960416555404663
0.9956250190734863
0.996666669845581
0.9979166388511658
1.0
0.99979168176651
0.9995833039283752
0.99979168176651
0.9989583492279053
0.9906250238418579
0.9958333373069763

training history val accuracy
0.5083333253860474
0.5083333253860474
0.5083333253860474
0.5083333253860474
0.5083333253860474
0.5083333253860474
0.5083333253860474
0.5083333253860474
0.5083333253860474
0.9616666436195374
0.9508333206176758
0.7891666889190674
0.8349999785423279
0.5199999809265137
0.9725000262260437
0.9666666388511658
0.9750000238418579
0.5083333253860474
0.846666693687439
0.7708333134651184
0.5383333563804626
0.7516666650772095
0.5199999809265137
0.49166667461395264
0.684166669845581
0.9725000262260437
0.9441666603088379
0.49166667461395264
0.7233333587646484
0.6883333325386047
0.6600000262260437
0.8149999976158142
0.6600000262260437
0.9766666889190674
0.9399999976158142
0.5899999737739563
0.5083333253860474
0.9674999713897705
0.7283333539962769
0.9750000238418579
0.903333306312561
0.7508333325386047
0.9300000071525574
0.7208333611488342
0.8891666531562805
0.4925000071525574
0.89083331823349
0.7450000047683716
0.5199999809265137
0.9208333492279053
0.5425000190734863
0.7083333134651184
0.6775000095367432
0.8558333516120911
0.5350000262260437
0.7574999928474426

training history loss
0.24361743032932281
0.1197371706366539
0.10192771255970001
0.08907142281532288
0.0827302411198616
0.05676247924566269
0.041337981820106506
0.05058973655104637
0.04372888430953026
0.03375738859176636
0.03157081454992294
0.021199842914938927
0.01888749934732914
0.017057688906788826
0.024205537512898445
0.01633433997631073
0.010531594045460224
0.005530398804694414
0.014699848368763924
0.02024407684803009
0.011847826652228832
0.024527713656425476
0.013570594601333141
0.015368414111435413
0.010358043946325779
0.007019077893346548
0.006960343569517136
0.0046882289461791515
0.006373925134539604
0.0037599087227135897
0.010058403946459293
0.012002551928162575
0.005003532860428095
0.0028607959393411875
0.0032308499794453382
0.005134481471031904
0.009043032303452492
0.010747116059064865
0.01286513265222311
0.006989242974668741
0.002958154771476984
0.010174291208386421
0.02295193262398243
0.0018442306900396943
0.0026037455536425114
0.009719133377075195
0.010327362455427647
0.010058660991489887
0.005242777056992054
0.000749297789297998
0.0008197702700272202
0.0012199184857308865
0.00105963961686939
0.0024446872994303703
0.02544417791068554
0.01064637303352356

training history val loss
4.587958812713623
6.9456787109375
9.27778434753418
8.177465438842773
7.443075180053711
8.497526168823242
10.783921241760254
10.740736961364746
7.2969231605529785
0.1113281100988388
0.2033490687608719
0.6297689080238342
0.48298558592796326
2.8788809776306152
0.11594600975513458
0.10492482781410217
0.10553192347288132
8.736963272094727
0.5344547629356384
0.5077224969863892
4.364199161529541
0.6027195453643799
5.283792495727539
7.354257583618164
1.3003581762313843
0.09034059196710587
0.18148671090602875
5.174590587615967
1.15572988986969
1.210716724395752
2.0198042392730713
0.7223478555679321
1.633457064628601
0.10162371397018433
0.19794948399066925
3.1342549324035645
10.147970199584961
0.13790524005889893
1.042898178100586
0.10231909155845642
0.24555864930152893
1.3631154298782349
0.2396763116121292
1.2174171209335327
0.3564608693122864
6.413826942443848
0.323596715927124
1.430158019065857
4.929679870605469
0.3927614986896515
3.796454668045044
2.1860897541046143
2.342193603515625
0.5904271602630615
3.652353525161743
0.8795168995857239