test data loss : 0.05693027749657631
test data accyracy : 0.9819999933242798

training history accuracy
0.9268749952316284
0.9631249904632568
0.9672916531562805
0.9706249833106995
0.9731249809265137
0.9829166531562805
0.9804166555404663
0.9860416650772095
0.9925000071525574
0.9868749976158142
0.9870833158493042
0.9937499761581421
0.9935416579246521
0.9889583587646484
0.9906250238418579
0.9952083230018616
0.9927083253860474
0.9943749904632568
0.9981250166893005
0.9943749904632568
0.9933333396911621
0.9943749904632568
0.9972916841506958
0.9985416531562805
0.9960416555404663
0.996666669845581
0.9937499761581421
0.9975000023841858
0.9991666674613953
0.99979168176651
0.9972916841506958
0.9960416555404663
0.9954166412353516
0.996874988079071
0.9947916865348816
0.9952083230018616
0.9987499713897705
0.9989583492279053
0.9993749856948853
0.99979168176651
0.9985416531562805
0.9962499737739563
0.9972916841506958
0.9956250190734863
0.9985416531562805
0.9991666674613953
0.9985416531562805
0.9972916841506958
0.9977083206176758
0.99979168176651
0.9991666674613953
0.9945833086967468
0.9977083206176758
0.9983333349227905
0.9985416531562805
0.9981250166893005
0.99979168176651
0.9985416531562805

training history val accuracy
0.5083333253860474
0.5083333253860474
0.5083333253860474
0.5083333253860474
0.5083333253860474
0.5083333253860474
0.5083333253860474
0.5083333253860474
0.5091666579246521
0.5083333253860474
0.5083333253860474
0.9649999737739563
0.7149999737739563
0.9466666579246521
0.9833333492279053
0.8791666626930237
0.49166667461395264
0.8016666769981384
0.715833306312561
0.6808333396911621
0.49166667461395264
0.49166667461395264
0.9366666674613953
0.5083333253860474
0.6758333444595337
0.8533333539962769
0.9483333230018616
0.9883333444595337
0.6466666460037231
0.8958333134651184
0.9725000262260437
0.8324999809265137
0.5083333253860474
0.5108333230018616
0.5091666579246521
0.49166667461395264
0.6466666460037231
0.8658333420753479
0.5950000286102295
0.887499988079071
0.5425000190734863
0.8791666626930237
0.4925000071525574
0.49166667461395264
0.5550000071525574
0.9758333563804626
0.9258333444595337
0.8274999856948853
0.5491666793823242
0.7408333420753479
0.49166667461395264
0.9566666483879089
0.5199999809265137
0.9058333039283752
0.8899999856948853
0.8483333587646484
0.8700000047683716
0.6541666388511658

training history loss
0.20542193949222565
0.11863952875137329
0.10120116919279099
0.0942104309797287
0.08091136068105698
0.06113443896174431
0.057663168758153915
0.03952101245522499
0.024005386978387833
0.03951149806380272
0.03933589905500412
0.01741327904164791
0.018710924312472343
0.02703559584915638
0.02177163027226925
0.014561643823981285
0.0177876278758049
0.015414622612297535
0.006750717759132385
0.014421984553337097
0.01968155801296234
0.018513325601816177
0.008489354513585567
0.004407757893204689
0.010093293152749538
0.008631150238215923
0.022941753268241882
0.007939862087368965
0.0030924021266400814
0.0014094903599470854
0.006202029529958963
0.00995549000799656
0.0138009674847126
0.007361757103353739
0.011508903466165066
0.011958127841353416
0.004091935232281685
0.002421640558168292
0.001394101302139461
0.0008256571600213647
0.004541213624179363
0.009925609454512596
0.0073975371196866035
0.01038547046482563
0.004315327852964401
0.002940853126347065
0.0031073850113898516
0.009764868766069412
0.006073582451790571
0.0012794125359505415
0.0020100895781069994
0.015014850534498692
0.007489185314625502
0.00501671340316534
0.0034254947677254677
0.004015443380922079
0.0008528498001396656
0.00383309880271554

training history val loss
8.58836841583252
9.431570053100586
11.021502494812012
15.38907527923584
9.932759284973145
13.123236656188965
8.80041217803955
10.005773544311523
6.146127700805664
10.201456069946289
2.890531301498413
0.12442881613969803
0.9316157102584839
0.16406714916229248
0.07007533311843872
0.3953898251056671
10.668883323669434
0.7458074688911438
1.2766609191894531
1.2618987560272217
5.8594160079956055
9.23000431060791
0.21205654740333557
7.851076602935791
1.5256282091140747
0.5385729074478149
0.23301564157009125
0.050322070717811584
2.166353940963745
0.40867581963539124
0.08491162210702896
0.6810557246208191
6.634311676025391
6.240800857543945
7.408161640167236
7.5147223472595215
1.7379282712936401
0.4939454197883606
2.678845167160034
0.45533549785614014
5.527141094207764
0.7101858258247375
2.6900250911712646
12.115735054016113
3.7139148712158203
0.07263146340847015
0.1851261705160141
0.3530392348766327
3.609062433242798
1.1290682554244995
4.980358123779297
0.16569745540618896
3.706149101257324
0.30443471670150757
0.4613391160964966
0.5642734169960022
0.5604257583618164
0.8662358522415161