test data loss : 2.2913408279418945
test data accyracy : 0.6949999928474426

training history accuracy
0.9158333539962769
0.965416669845581
0.9702083468437195
0.9750000238418579
0.96875
0.9785416722297668
0.981249988079071
0.987500011920929
0.9945833086967468
0.9902083277702332
0.9893749952316284
0.9881250262260437
0.9956250190734863
0.9906250238418579
0.9937499761581421
0.9931250214576721
0.9893749952316284
0.997083306312561
0.996874988079071
0.9954166412353516
0.9993749856948853
0.9979166388511658
0.9893749952316284
0.996666669845581
0.9962499737739563
0.997083306312561
0.9972916841506958
0.996874988079071
0.9987499713897705
0.997083306312561
0.9972916841506958
0.9958333373069763
0.9935416579246521
0.9950000047683716
0.9975000023841858
0.9985416531562805
0.9983333349227905
0.996874988079071
0.9977083206176758
0.997083306312561
0.9983333349227905
0.9972916841506958
0.9979166388511658
0.9972916841506958
0.9985416531562805
0.9979166388511658
0.9989583492279053
0.9977083206176758
0.9960416555404663
0.9981250166893005
0.9981250166893005
0.99979168176651
0.9993749856948853
0.9981250166893005
1.0
0.9991666674613953
0.9991666674613953
0.9947916865348816
0.9977083206176758
0.9985416531562805

training history val accuracy
0.5083333253860474
0.5083333253860474
0.5083333253860474
0.5083333253860474
0.5083333253860474
0.5083333253860474
0.5083333253860474
0.5083333253860474
0.5083333253860474
0.9566666483879089
0.5308333039283752
0.5408333539962769
0.9725000262260437
0.5649999976158142
0.5108333230018616
0.5141666531562805
0.6499999761581421
0.5091666579246521
0.4950000047683716
0.8891666531562805
0.7708333134651184
0.4925000071525574
0.4975000023841858
0.9125000238418579
0.9666666388511658
0.9641666412353516
0.534166693687439
0.7933333516120911
0.5108333230018616
0.6508333086967468
0.9825000166893005
0.49166667461395264
0.6775000095367432
0.7850000262260437
0.9608333110809326
0.9641666412353516
0.6850000023841858
0.8016666769981384
0.49166667461395264
0.965833306312561
0.9700000286102295
0.4950000047683716
0.7833333611488342
0.5083333253860474
0.9708333611488342
0.6183333396911621
0.5024999976158142
0.9350000023841858
0.8799999952316284
0.8691666722297668
0.7091666460037231
0.9649999737739563
0.9483333230018616
0.9825000166893005
0.9591666460037231
0.9800000190734863
0.9016666412353516
0.49166667461395264
0.6349999904632568
0.6583333611488342

training history loss
0.22173535823822021
0.10966401547193527
0.0930425152182579
0.07967674732208252
0.09171797335147858
0.06388146430253983
0.05566909909248352
0.039737556129693985
0.01900533214211464
0.026626231148838997
0.027320964261889458
0.03161853924393654
0.01494823582470417
0.024240026250481606
0.016182299703359604
0.017447100952267647
0.026608668267726898
0.009637022390961647
0.008802829310297966
0.012918259017169476
0.0033140855375677347
0.005664128344506025
0.03172101080417633
0.011085147969424725
0.01127879973500967
0.010593823157250881
0.009013713337481022
0.008987677283585072
0.003641498042270541
0.009453065693378448
0.007680538576096296
0.012694776058197021
0.02050788700580597
0.011410574428737164
0.0068017784506082535
0.005932786967605352
0.005270959809422493
0.008517523296177387
0.007979711517691612
0.007449678611010313
0.005266966298222542
0.008686564862728119
0.006744882091879845
0.008049095049500465
0.004153106827288866
0.0071078697219491005
0.0037782895378768444
0.007096274755895138
0.012551381252706051
0.005590911954641342
0.005506974644958973
0.0011781434295699
0.003689761972054839
0.003733189543709159
0.0005498232785612345
0.0019725703168660402
0.0023399977944791317
0.013347947970032692
0.007362956181168556
0.0051328823901712894

training history val loss
9.479039192199707
8.168564796447754
10.113183975219727
9.828142166137695
10.530009269714355
10.149051666259766
10.351792335510254
8.701313972473145
6.6089324951171875
0.11451684683561325
2.277024745941162
3.0935776233673096
0.12434694916009903
2.5286715030670166
4.315808296203613
3.0653369426727295
2.0148582458496094
6.415496349334717
4.615661144256592
0.34271544218063354
1.0841102600097656
8.730682373046875
5.377715587615967
0.31758028268814087
0.1494300365447998
0.15744949877262115
3.413687229156494
0.7369151711463928
6.7439799308776855
2.4794106483459473
0.08062455803155899
8.49609375
1.045698642730713
0.8153071403503418
0.18385359644889832
0.10501497238874435
1.5619486570358276
1.065006971359253
7.053322792053223
0.12192994356155396
0.09554247558116913
5.32268762588501
0.7647380828857422
9.644311904907227
0.13658294081687927
2.388395071029663
5.065120220184326
0.27988433837890625
0.38975203037261963
0.49886906147003174
1.5530524253845215
0.15972496569156647
0.1770583689212799
0.08358597755432129
0.18351346254348755
0.10522285103797913
0.4379480481147766
8.942933082580566
2.585263252258301
2.645519495010376