test data loss : 1.8072136640548706
test data accyracy : 0.6800000071525574

training history accuracy
0.9231250286102295
0.9631249904632568
0.9729166626930237
0.9764583110809326
0.9752083420753479
0.981249988079071
0.9864583611488342
0.9862499833106995
0.9879166483879089
0.9895833134651184
0.9927083253860474
0.9902083277702332
0.9893749952316284
0.9960416555404663
0.996874988079071
0.9954166412353516
0.9910416603088379
0.9962499737739563
0.9962499737739563
0.9983333349227905
0.9958333373069763
0.9952083230018616
0.9945833086967468
0.9964583516120911
0.9962499737739563
0.9972916841506958
0.9952083230018616
0.9989583492279053
0.99979168176651
0.9977083206176758
0.9939583539962769
0.9964583516120911
0.9985416531562805
0.9987499713897705
0.9947916865348816
0.9972916841506958
0.9947916865348816
0.9964583516120911
0.9987499713897705
1.0
0.9995833039283752
0.9975000023841858
0.99979168176651
0.9995833039283752
0.99979168176651
0.9956250190734863
0.9950000047683716
0.9977083206176758
0.9993749856948853
0.9977083206176758
0.9954166412353516
0.9981250166893005
0.9995833039283752
0.9991666674613953
0.9941666722297668
0.9947916865348816
0.9991666674613953
0.9958333373069763
0.9964583516120911
1.0

training history val accuracy
0.5083333253860474
0.5083333253860474
0.5083333253860474
0.5083333253860474
0.5083333253860474
0.5083333253860474
0.5083333253860474
0.5083333253860474
0.5083333253860474
0.5083333253860474
0.5716666579246521
0.9049999713897705
0.49166667461395264
0.8174999952316284
0.9591666460037231
0.49916666746139526
0.8050000071525574
0.9608333110809326
0.659166693687439
0.6058333516120911
0.9175000190734863
0.612500011920929
0.6441666483879089
0.503333330154419
0.57833331823349
0.8558333516120911
0.49166667461395264
0.8358333110809326
0.89083331823349
0.8974999785423279
0.5024999976158142
0.8366666436195374
0.9641666412353516
0.6108333468437195
0.51583331823349
0.8608333468437195
0.9549999833106995
0.7074999809265137
0.9524999856948853
0.95333331823349
0.8025000095367432
0.6308333277702332
0.98416668176651
0.9850000143051147
0.9183333516120911
0.9358333349227905
0.6600000262260437
0.8700000047683716
0.9674999713897705
0.5333333611488342
0.49166667461395264
0.6416666507720947
0.9416666626930237
0.98416668176651
0.49166667461395264
0.9116666913032532
0.9233333468437195
0.5083333253860474
0.9808333516120911
0.690833330154419

training history loss
0.2264881432056427
0.11547428369522095
0.08807934820652008
0.07310579717159271
0.0687810480594635
0.05572514235973358
0.0412324033677578
0.036292899399995804
0.03357117250561714
0.0263114832341671
0.021005241200327873
0.026321228593587875
0.03150290250778198
0.01208641566336155
0.011267374269664288
0.013606395572423935
0.025615544989705086
0.01063476875424385
0.012676171027123928
0.006848970893770456
0.011184951290488243
0.012766399420797825
0.016316711902618408
0.009720580652356148
0.009713303297758102
0.007879852317273617
0.015684105455875397
0.005466048140078783
0.0014468954177573323
0.005637181922793388
0.020022733137011528
0.009974556975066662
0.00538456067442894
0.005333864130079746
0.015505478717386723
0.012255985289812088
0.015560177154839039
0.010911321267485619
0.004826825112104416
0.0006090559181757271
0.002365217776969075
0.0091719850897789
0.0014343902003020048
0.0010408218950033188
0.00038838450564071536
0.012528864666819572
0.01429729163646698
0.006719557568430901
0.0023696813732385635
0.006017293315380812
0.01131503563374281
0.006668256130069494
0.00213418435305357
0.0014603438321501017
0.016773570328950882
0.015539983287453651
0.002344273729249835
0.01269959844648838
0.010337076149880886
0.001101170782931149

training history val loss
8.849403381347656
9.496657371520996
10.08552360534668
10.278310775756836
9.465293884277344
12.962924003601074
10.252890586853027
9.949881553649902
9.47066879272461
7.0306901931762695
1.6558293104171753
0.31304651498794556
5.573979377746582
0.3467598259449005
0.1891612559556961
1.6834529638290405
0.9725826978683472
0.15480853617191315
1.7179392576217651
2.3967652320861816
0.25589194893836975
1.9473283290863037
1.8037662506103516
2.984445095062256
1.9264618158340454
0.460874080657959
13.43824577331543
0.6019119024276733
0.4437788426876068
0.3365727365016937
2.3761491775512695
0.6991891264915466
0.12225279211997986
1.867566704750061
3.8351266384124756
0.3160385191440582
0.13955974578857422
1.5035202503204346
0.14690330624580383
0.18673859536647797
0.9960876703262329
1.2411741018295288
0.0784975066781044
0.07761882245540619
0.33740508556365967
0.25458356738090515
1.4990519285202026
0.6608947515487671
0.15063823759555817
3.9882819652557373
6.7904181480407715
2.196763753890991
0.24271875619888306
0.078282430768013
43.235164642333984
0.40162959694862366
0.3330934941768646
5.104131698608398
0.08947525173425674
1.6408313512802124