test data loss : 0.41354164481163025
test data accyracy : 0.8989999890327454

training history accuracy
0.9150000214576721
0.9647916555404663
0.9668750166893005
0.9731249809265137
0.9822916388511658
0.9804166555404663
0.981458306312561
0.9864583611488342
0.9868749976158142
0.9895833134651184
0.9939583539962769
0.9935416579246521
0.9902083277702332
0.9941666722297668
0.9941666722297668
0.9950000047683716
0.9958333373069763
0.9960416555404663
0.9987499713897705
0.996666669845581
0.9906250238418579
0.9960416555404663
0.9972916841506958
0.9941666722297668
0.9933333396911621
0.9972916841506958
0.9972916841506958
0.9991666674613953
0.9939583539962769
0.9958333373069763
0.996666669845581
0.9993749856948853
0.9991666674613953
0.9972916841506958
0.9977083206176758
0.9995833039283752
0.99979168176651
0.9995833039283752
0.996666669845581
0.9975000023841858
0.9972916841506958
0.996874988079071
0.9985416531562805
0.9987499713897705
0.996874988079071
0.9950000047683716
0.9987499713897705
0.9993749856948853
1.0
0.9993749856948853
0.99979168176651
1.0
0.997083306312561
0.9960416555404663
0.9993749856948853
0.9993749856948853
0.9989583492279053
0.9895833134651184
0.996666669845581
0.9989583492279053

training history val accuracy
0.5083333253860474
0.5083333253860474
0.5083333253860474
0.5083333253860474
0.5083333253860474
0.5083333253860474
0.5083333253860474
0.9616666436195374
0.9083333611488342
0.512499988079071
0.8575000166893005
0.871666669845581
0.5958333611488342
0.6791666746139526
0.95333331823349
0.9549999833106995
0.9225000143051147
0.5575000047683716
0.9016666412353516
0.534166693687439
0.6666666865348816
0.6949999928474426
0.7400000095367432
0.8883333206176758
0.878333330154419
0.8583333492279053
0.9325000047683716
0.9591666460037231
0.5891666412353516
0.6491666436195374
0.9608333110809326
0.9783333539962769
0.590833306312561
0.8075000047683716
0.949999988079071
0.9666666388511658
0.9700000286102295
0.9833333492279053
0.49416667222976685
0.5299999713897705
0.9758333563804626
0.887499988079071
0.51583331823349
0.95333331823349
0.49166667461395264
0.9383333325386047
0.590833306312561
0.8558333516120911
0.9674999713897705
0.809166669845581
0.7858333587646484
0.9441666603088379
0.5691666603088379
0.9200000166893005
0.846666693687439
0.9783333539962769
0.8116666674613953
0.5891666412353516
0.7441666722297668
0.8916666507720947

training history loss
0.22468973696231842
0.1086350604891777
0.09545524418354034
0.07941562682390213
0.05166740342974663
0.05447518080472946
0.04674902558326721
0.04205511882901192
0.03574054315686226
0.03202929347753525
0.01818639039993286
0.017720138654112816
0.03161263093352318
0.018453555181622505
0.014902450144290924
0.014322679489850998
0.01388720702379942
0.012084923684597015
0.006165271159261465
0.009578840807080269
0.024906260892748833
0.012583631090819836
0.008580422028899193
0.015053817071020603
0.018671203404664993
0.008184211328625679
0.008424651809036732
0.00296783703379333
0.013688087463378906
0.011935337446630001
0.00891086459159851
0.0025340530555695295
0.0021618164610117674
0.009038819931447506
0.006154973525553942
0.001496975659392774
0.0023856996558606625
0.0014418184291571379
0.011115866713225842
0.008372082374989986
0.007064795587211847
0.009331125766038895
0.005565122701227665
0.003609792096540332
0.011115013621747494
0.01228061318397522
0.004275635350495577
0.002024491550400853
0.0008575924439355731
0.002319946186617017
0.00044954914483241737
0.00027999014127999544
0.00922117568552494
0.01434082817286253
0.0017207326600328088
0.0022939732298254967
0.0026251531671732664
0.030784206464886665
0.010210037231445312
0.003836678573861718

training history val loss
7.907466411590576
9.336688995361328
10.238883018493652
9.305913925170898
8.71445083618164
9.316852569580078
9.342178344726562
0.1407531201839447
0.2615634799003601
4.723750591278076
0.3623354136943817
0.4039820432662964
1.1575429439544678
0.7611920833587646
0.1566794067621231
0.14598530530929565
0.39459720253944397
2.547891855239868
0.33678138256073
1.774172306060791
1.8083457946777344
1.6340224742889404
1.1570035219192505
0.4452637732028961
0.34942710399627686
0.5024198293685913
0.1491014063358307
0.12465133517980576
2.27278208732605
1.6317358016967773
0.15864844620227814
0.08622857928276062
2.3150930404663086
0.7196513414382935
0.17537888884544373
0.13051021099090576
0.13475698232650757
0.08701939135789871
4.03122091293335
3.6048710346221924
0.10940040647983551
0.4449663758277893
4.947434425354004
0.14506885409355164
15.590551376342773
0.2762397527694702
1.8924963474273682
0.5620177984237671
0.14624260365962982
0.8430593013763428
1.0911870002746582
0.2698454260826111
3.596304416656494
0.30206534266471863
0.7203455567359924
0.09974949806928635
0.7253074645996094
1.83476722240448
0.8515153527259827
0.420798122882843