test data loss : 0.07405485957860947
test data accyracy : 0.9789999723434448

training history accuracy
0.9122916460037231
0.9627083539962769
0.96875
0.9741666913032532
0.9745833277702332
0.9822916388511658
0.9831249713897705
0.9906250238418579
0.9827083349227905
0.9912499785423279
0.9906250238418579
0.9908333420753479
0.9943749904632568
0.9947916865348816
0.9947916865348816
0.9902083277702332
0.9929166436195374
0.9958333373069763
0.9950000047683716
0.9962499737739563
0.9964583516120911
0.9972916841506958
0.9979166388511658
0.9956250190734863
0.9927083253860474
0.9979166388511658
0.9964583516120911
0.9981250166893005
0.9977083206176758
0.9979166388511658
0.9972916841506958
0.9977083206176758
0.9989583492279053
0.996874988079071
0.997083306312561
0.99979168176651
0.9985416531562805
0.9943749904632568
0.997083306312561
0.9931250214576721
0.9979166388511658
0.9987499713897705
0.9979166388511658
0.9989583492279053
0.996874988079071
0.9983333349227905
0.996666669845581
0.9964583516120911
0.9995833039283752
0.9993749856948853
0.9995833039283752
0.99979168176651
0.9985416531562805
0.9902083277702332
0.9964583516120911
0.9985416531562805
0.99979168176651
1.0
1.0

training history val accuracy
0.5083333253860474
0.5083333253860474
0.5083333253860474
0.5083333253860474
0.5083333253860474
0.5083333253860474
0.5083333253860474
0.5083333253860474
0.8374999761581421
0.6983333230018616
0.5166666507720947
0.6033333539962769
0.6858333349227905
0.8075000047683716
0.8374999761581421
0.7316666841506958
0.6141666769981384
0.8374999761581421
0.5083333253860474
0.49416667222976685
0.909166693687439
0.8641666769981384
0.49166667461395264
0.5049999952316284
0.8991666436195374
0.9291666746139526
0.8041666746139526
0.7558333277702332
0.9850000143051147
0.9458333253860474
0.8650000095367432
0.5266666412353516
0.5083333253860474
0.653333306312561
0.8066666722297668
0.9233333468437195
0.940833330154419
0.9624999761581421
0.7074999809265137
0.49166667461395264
0.8125
0.7008333206176758
0.5724999904632568
0.7616666555404663
0.909166693687439
0.8108333349227905
0.9433333277702332
0.5699999928474426
0.559166669845581
0.9491666555404663
0.5191666483879089
0.9674999713897705
0.5108333230018616
0.8316666483879089
0.7708333134651184
0.89083331823349
0.9474999904632568
0.9850000143051147
0.6399999856948853

training history loss
0.233350932598114
0.11255376040935516
0.10058113932609558
0.07875015586614609
0.07869080454111099
0.05536174774169922
0.05161430314183235
0.030955256894230843
0.04772965610027313
0.02597876638174057
0.026169048622250557
0.024746567010879517
0.015880180522799492
0.01702362485229969
0.01379312388598919
0.030478257685899734
0.023924486711621284
0.012834700755774975
0.016773801296949387
0.012320130132138729
0.010488956235349178
0.00612975237891078
0.0066273328848183155
0.011579776182770729
0.01957133412361145
0.008524945937097073
0.010215924121439457
0.00644872197881341
0.005797154735773802
0.006522074807435274
0.007826023735105991
0.00849804375320673
0.0034377011470496655
0.008379167877137661
0.006751426961272955
0.0016342157032340765
0.0053637390956282616
0.015713578090071678
0.00746606569737196
0.017580142244696617
0.007455534301698208
0.00445143599063158
0.006069136317819357
0.004131979309022427
0.009818857535719872
0.005605093203485012
0.009066106751561165
0.011132133193314075
0.002662281272932887
0.002766562392935157
0.001886656042188406
0.0005986237665638328
0.004167729523032904
0.023224081844091415
0.007936839945614338
0.004553934093564749
0.0014460128732025623
0.0004421307530719787
0.0006263300310820341

training history val loss
8.95431900024414
7.961543083190918
9.807755470275879
9.775833129882812
10.23071002960205
9.954848289489746
11.454925537109375
12.33225154876709
0.4791638255119324
1.020933985710144
1.9202953577041626
1.2729120254516602
1.3684680461883545
0.7402167320251465
0.5056586265563965
1.1147165298461914
2.1981608867645264
0.5088447332382202
9.253332138061523
4.2420454025268555
0.2286931574344635
0.6668499708175659
5.134866714477539
2.5726070404052734
0.25506487488746643
0.19157379865646362
0.39480191469192505
0.8587603569030762
0.06858601421117783
0.16701477766036987
0.6157048940658569
4.1859893798828125
9.258674621582031
1.0914957523345947
0.9564576148986816
0.29717424511909485
0.26765426993370056
0.1285092979669571
1.2679498195648193
9.718220710754395
0.7952793836593628
1.4007868766784668
3.2594799995422363
1.073517084121704
0.31479930877685547
0.8206424117088318
0.32083094120025635
3.8000080585479736
3.7630529403686523
0.24914079904556274
4.174587726593018
0.1335345059633255
4.262121677398682
0.7220660448074341
0.868523359298706
0.4073409140110016
0.24852384626865387
0.07817382365465164
2.485991954803467