training history accuracy
0.5472916960716248
0.6987500190734863
0.7825000286102295
0.7964583039283752
0.8079166412353516
0.8177083134651184
0.8295833468437195
0.8450000286102295
0.847083330154419
0.8643749952316284
0.8695833086967468
0.8835416436195374
0.8960416913032532
0.8977083563804626
0.9112499952316284
0.9256250262260437
0.9281250238418579
0.9402083158493042
0.9424999952316284
0.9435416460037231
0.95291668176651
0.9522916674613953
0.9645833373069763
0.9520833492279053
0.9629166722297668
0.9727083444595337
0.9768750071525574
0.9708333611488342
0.9775000214576721
0.9770833253860474
0.96895831823349
0.9791666865348816
0.9770833253860474
0.9775000214576721
0.9779166579246521
0.9783333539962769
0.9800000190734863
0.9850000143051147
0.98458331823349
0.9850000143051147
0.9760416746139526

training history val accuracy
0.49166667461395264
0.5766666531562805
0.49166667461395264
0.5516666769981384
0.5083333253860474
0.4925000071525574
0.49166667461395264
0.49166667461395264
0.5383333563804626
0.5083333253860474
0.7566666603088379
0.49166667461395264
0.49166667461395264
0.5691666603088379
0.5091666579246521
0.5416666865348816
0.5691666603088379
0.5950000286102295
0.6816666722297668
0.6241666674613953
0.5833333134651184
0.5166666507720947
0.6524999737739563
0.49166667461395264
0.5325000286102295
0.6891666650772095
0.5108333230018616
0.7599999904632568
0.6991666555404663
0.5149999856948853
0.8174999952316284
0.5633333325386047
0.621666669845581
0.7225000262260437
0.5674999952316284
0.590833306312561
0.8116666674613953
0.7350000143051147
0.5191666483879089
0.7900000214576721
0.6458333134651184

training history loss
0.7430449724197388
0.5741695761680603
0.4780384302139282
0.4499279856681824
0.4342246353626251
0.4141048192977905
0.38612717390060425
0.3697553873062134
0.36317723989486694
0.3275730609893799
0.30589190125465393
0.2914354205131531
0.26380056142807007
0.2507092356681824
0.22378186881542206
0.2013556808233261
0.19364683330059052
0.1629350781440735
0.15852388739585876
0.16177323460578918
0.13156069815158844
0.13039228320121765
0.10181667655706406
0.13426344096660614
0.10688457638025284
0.08609583228826523
0.07881105691194534
0.0913938656449318
0.071763776242733
0.06691255420446396
0.09101317077875137
0.07044367492198944
0.07091540098190308
0.07633299380540848
0.06618135422468185
0.06636043637990952
0.05690483748912811
0.05180240795016289
0.05284358933568001
0.04849500209093094
0.07476489245891571

training history val loss
4.065423488616943
0.9559222459793091
14.19505500793457
1.195059061050415
9.534066200256348
1.7393778562545776
16.899126052856445
3.2726733684539795
1.392887830734253
5.296079635620117
0.5331971049308777
5.03939962387085
3.7320504188537598
0.7886789441108704
4.354671478271484
1.4810360670089722
1.2825473546981812
0.6571305990219116
0.6375308036804199
1.565252661705017
2.3456218242645264
4.3618927001953125
0.8264196515083313
4.673311233520508
2.298218250274658
1.7729754447937012
2.798490047454834
0.7861602902412415
1.4295023679733276
3.537569284439087
0.6317731142044067
1.2066638469696045
1.5474478006362915
1.1667821407318115
1.897807240486145
2.040743112564087
0.7897331714630127
0.9107764959335327
5.062335014343262
0.5615459084510803
2.438148260116577