training history accuracy
0.9483333230018616
0.9768750071525574
0.9793750047683716
0.9833333492279053
0.9816666841506958
0.9847916960716248
0.9879166483879089
0.9895833134651184
0.9912499785423279
0.9912499785423279
0.9897916913032532
0.9920833110809326
0.9889583587646484
0.9918749928474426
0.9918749928474426
0.9916666746139526
0.9931250214576721
0.9927083253860474
0.9893749952316284
0.9975000023841858
0.996666669845581
0.9962499737739563
0.9935416579246521
0.9977083206176758
0.9956250190734863
0.9918749928474426
0.9927083253860474
0.9933333396911621
0.9935416579246521
0.9960416555404663
0.997083306312561
0.9954166412353516
0.9960416555404663
0.9977083206176758
0.996874988079071
0.9950000047683716
0.9945833086967468
0.9979166388511658
0.996874988079071
0.9962499737739563
0.9962499737739563
0.9958333373069763
0.9958333373069763
0.9972916841506958
0.9964583516120911
0.9962499737739563
0.9914583563804626
0.9981250166893005
0.9947916865348816
0.9958333373069763
0.9939583539962769
0.9993749856948853
0.9981250166893005
0.997083306312561
0.9987499713897705
0.9972916841506958
0.9977083206176758
0.9977083206176758
0.9993749856948853
0.996874988079071
0.9964583516120911

training history val accuracy
0.5425000190734863
0.6175000071525574
0.8883333206176758
0.9775000214576721
0.996666669845581
0.6524999737739563
0.7049999833106995
0.9750000238418579
0.5533333420753479
0.5233333110809326
0.9116666913032532
0.9591666460037231
0.9816666841506958
0.9991666674613953
0.9758333563804626
0.9816666841506958
0.7975000143051147
0.996666669845581
0.9950000047683716
0.996666669845581
0.9975000023841858
0.8441666960716248
0.9850000143051147
0.996666669845581
0.9791666865348816
0.9925000071525574
0.996666669845581
0.9275000095367432
0.9975000023841858
1.0
1.0
0.9816666841506958
0.9941666722297668
0.9975000023841858
0.9991666674613953
0.9866666793823242
0.9916666746139526
0.9983333349227905
0.9950000047683716
0.9508333206176758
0.9991666674613953
0.9950000047683716
0.9241666793823242
1.0
0.9975000023841858
0.9975000023841858
0.9975000023841858
0.9991666674613953
0.9991666674613953
1.0
0.996666669845581
0.9991666674613953
0.9991666674613953
0.9983333349227905
1.0
1.0
0.9991666674613953
1.0
1.0
0.9925000071525574
0.9991666674613953

training history loss
0.16100777685642242
0.07445462793111801
0.08219405263662338
0.055343639105558395
0.06966050714254379
0.061361536383628845
0.05093322694301605
0.04798940196633339
0.03956431895494461
0.04685685411095619
0.04603678360581398
0.02968004159629345
0.04795631393790245
0.04303630068898201
0.03765871003270149
0.03310885652899742
0.03986332565546036
0.026372423395514488
0.04020516201853752
0.014720046892762184
0.019702015444636345
0.015955159440636635
0.03870605677366257
0.013336384668946266
0.016944438219070435
0.03234720975160599
0.028008798137307167
0.027539905160665512
0.02303905412554741
0.014811334200203419
0.010380260646343231
0.021936047822237015
0.017644371837377548
0.00862732995301485
0.01395061332732439
0.020826131105422974
0.016865618526935577
0.010761505924165249
0.011366793885827065
0.016006890684366226
0.01718471199274063
0.013220762833952904
0.013650750741362572
0.010637217201292515
0.012896410189568996
0.013127324171364307
0.022727930918335915
0.00568614574149251
0.015793923288583755
0.011658118106424809
0.01861410215497017
0.003254540031775832
0.007464475464075804
0.015428412705659866
0.0036244706716388464
0.012645168229937553
0.006692155264317989
0.011133027262985706
0.002542534377425909
0.009215885773301125
0.012162614613771439

training history val loss
1.5723025798797607
0.858259379863739
0.3091113269329071
0.08090386539697647
0.008950270712375641
0.7890300154685974
0.5733842849731445
0.05158436670899391
6.081419944763184
4.869922161102295
0.22086136043071747
0.13172130286693573
0.07647033780813217
0.0033791211899369955
0.06264438480138779
0.0561075285077095
0.4179196059703827
0.007737963926047087
0.015453564003109932
0.014173914678394794
0.008643879555165768
0.3284394145011902
0.03679896146059036
0.007699859328567982
0.04814562574028969
0.018351614475250244
0.008075421676039696
0.17178626358509064
0.011015182361006737
0.0006828116602264345
0.0006271926686167717
0.05730079114437103
0.014327003620564938
0.005919958930462599
0.00472079636529088
0.041706230491399765
0.025233151391148567
0.007984224706888199
0.016184277832508087
0.16219784319400787
0.003138788975775242
0.014657852239906788
0.24994270503520966
0.0015014380915090442
0.005111855920404196
0.007084018550813198
0.006810769438743591
0.003396386280655861
0.003304101526737213
0.0012073495890945196
0.007517256774008274
0.002561247441917658
0.0024728714488446712
0.004867530893534422
0.0018811943009495735
0.0032740177121013403
0.0029425446409732103
0.002392101800069213
0.001533467322587967
0.021987248212099075
0.0016995157347992063