training history accuracy
0.8847916722297668
0.9206249713897705
0.9366666674613953
0.9433333277702332
0.9512500166893005
0.9518749713897705
0.9593750238418579
0.9583333134651184
0.9608333110809326
0.9645833373069763
0.9616666436195374
0.9704166650772095
0.9668750166893005
0.9691666960716248
0.9781249761581421
0.9741666913032532
0.9793750047683716
0.9777083396911621
0.984375
0.9802083373069763
0.9860416650772095
0.9868749976158142
0.9860416650772095
0.9870833158493042
0.987500011920929
0.984375
0.9906250238418579
0.9912499785423279
0.9918749928474426
0.9910416603088379
0.9856250286102295
0.9900000095367432
0.9964583516120911
0.9937499761581421
0.9893749952316284
0.9939583539962769
0.9910416603088379
0.9916666746139526
0.9933333396911621
0.987500011920929
0.9950000047683716
0.9933333396911621
0.9920833110809326
0.9906250238418579
0.9918749928474426
0.9947916865348816
0.9904166460037231
0.9943749904632568
0.9972916841506958
0.9939583539962769
0.9952083230018616
0.9941666722297668
0.9947916865348816
0.9958333373069763
0.997083306312561
0.9945833086967468
0.9964583516120911
0.9933333396911621
0.9927083253860474
0.9950000047683716
0.9935416579246521
0.997083306312561
0.9943749904632568
0.9954166412353516
0.9962499737739563
0.9941666722297668
0.997083306312561
0.9945833086967468
0.9975000023841858
0.996666669845581
0.9979166388511658
0.9991666674613953
0.9931250214576721
0.9910416603088379
0.9900000095367432
0.9950000047683716
0.9960416555404663
0.9956250190734863
0.9958333373069763
0.9962499737739563
0.9947916865348816
0.996874988079071
0.9939583539962769
0.9943749904632568
0.9958333373069763
0.9972916841506958
0.9979166388511658
0.9979166388511658
0.9962499737739563
0.997083306312561
0.9972916841506958
0.996874988079071
0.9941666722297668
0.9956250190734863

training history val accuracy
0.5091666579246521
0.8491666913032532
0.9291666746139526
0.5400000214576721
0.7433333396911621
0.7383333444595337
0.9391666650772095
0.5625
0.7508333325386047
0.5291666388511658
0.8033333420753479
0.9424999952316284
0.9300000071525574
0.9683333039283752
0.5
0.8774999976158142
0.9649999737739563
0.9449999928474426
0.9566666483879089
0.9524999856948853
0.9683333039283752
0.8858333230018616
0.8633333444595337
0.9541666507720947
0.9683333039283752
0.6666666865348816
0.9741666913032532
0.9775000214576721
0.6333333253860474
0.9466666579246521
0.8041666746139526
0.9624999761581421
0.9750000238418579
0.9599999785423279
0.9766666889190674
0.5525000095367432
0.8183333277702332
0.9150000214576721
0.9725000262260437
0.9150000214576721
0.5049999952316284
0.8241666555404663
0.9816666841506958
0.9583333134651184
0.9616666436195374
0.9791666865348816
0.9649999737739563
0.9791666865348816
0.9725000262260437
0.9691666960716248
0.8849999904632568
0.9750000238418579
0.8916666507720947
0.9375
0.9775000214576721
0.89083331823349
0.9783333539962769
0.8833333253860474
0.9808333516120911
0.871666669845581
0.9791666865348816
0.9791666865348816
0.6383333206176758
0.9850000143051147
0.9725000262260437
0.9208333492279053
0.9608333110809326
0.9808333516120911
0.9399999976158142
0.9733333587646484
0.9833333492279053
0.8983333110809326
0.8083333373069763
0.8616666793823242
0.5258333086967468
0.9800000190734863
0.9816666841506958
0.9816666841506958
0.9825000166893005
0.971666693687439
0.971666693687439
0.9816666841506958
0.9674999713897705
0.9691666960716248
0.6025000214576721
0.98416668176651
0.9833333492279053
0.9733333587646484
0.9800000190734863
0.9808333516120911
0.9725000262260437
0.9616666436195374
0.9624999761581421
0.9691666960716248

training history loss
0.2879892587661743
0.21235527098178864
0.17900431156158447
0.17349429428577423
0.15925686061382294
0.14900492131710052
0.1302678883075714
0.1286202073097229
0.12015506625175476
0.11851876229047775
0.12312741577625275
0.10259795933961868
0.10667350888252258
0.0953611508011818
0.07779049873352051
0.09076903015375137
0.06380396336317062
0.08925201743841171
0.05794106051325798
0.06437014788389206
0.04564197361469269
0.042775556445121765
0.046858105808496475
0.043615929782390594
0.0440271757543087
0.05906185880303383
0.03529905527830124
0.034629449248313904
0.02981862984597683
0.035647790879011154
0.049388982355594635
0.028938382863998413
0.012413612566888332
0.025075187906622887
0.0402483269572258
0.024366160854697227
0.02896212227642536
0.034217845648527145
0.02619110234081745
0.035211555659770966
0.023285361006855965
0.02120376192033291
0.027022603899240494
0.03592782840132713
0.031019868329167366
0.01910693757236004
0.03335544466972351
0.019189683720469475
0.009282106533646584
0.02757371962070465
0.014454660005867481
0.023667914792895317
0.018870430067181587
0.017409175634384155
0.01221221499145031
0.017890995368361473
0.015160288661718369
0.0219685398042202
0.028888661414384842
0.01655384711921215
0.022096222266554832
0.015092264860868454
0.020980549976229668
0.015072260051965714
0.01796749047935009
0.01621137373149395
0.012249424122273922
0.019240008667111397
0.01205678004771471
0.010576237924396992
0.010739078745245934
0.0028615621849894524
0.024853691458702087
0.030525710433721542
0.026045752689242363
0.016166100278496742
0.015523926354944706
0.01748056896030903
0.01250461395829916
0.01174414437264204
0.019749989733099937
0.009977824054658413
0.02027052640914917
0.015384883619844913
0.0130446907132864
0.009772982448339462
0.008718243800103664
0.005579517222940922
0.01184184942394495
0.009090681560337543
0.0062580290250480175
0.011873121373355389
0.02003706432878971
0.013226247392594814

training history val loss
4.172062873840332
0.4270293116569519
0.17251163721084595
1.2362146377563477
0.6673403978347778
0.5204910039901733
0.16623713076114655
2.372600793838501
0.5653960704803467
2.0911130905151367
0.8313974738121033
0.1716098040342331
0.1968410313129425
0.09243238717317581
4.409412384033203
0.48123520612716675
0.11174766719341278
0.17177025973796844
0.12206047028303146
0.1490657478570938
0.09534629434347153
0.36548325419425964
0.679192304611206
0.17784325778484344
0.09396819770336151
1.2024019956588745
0.10361875593662262
0.0733276903629303
1.8922827243804932
0.2100251466035843
0.5443582534790039
0.11439978331327438
0.077224001288414
0.11533591896295547
0.07898509502410889
2.7217636108398438
0.52332603931427
0.21429015696048737
0.0735946074128151
0.25582435727119446
2.4294042587280273
0.6226716637611389
0.060037702322006226
0.14607423543930054
0.10752758383750916
0.06572838127613068
0.09570774435997009
0.07253538817167282
0.09560764580965042
0.0774470791220665
0.720935046672821
0.0777866318821907
0.3973722457885742
0.19915439188480377
0.09640331566333771
0.33634987473487854
0.08798317611217499
0.33060768246650696
0.0558057464659214
0.6682027578353882
0.07672767341136932
0.05936453491449356
1.715688705444336
0.04928754270076752
0.10442913323640823
0.364518940448761
0.17719541490077972
0.055030643939971924
0.2174021601676941
0.07618141174316406
0.05395737290382385
0.38546279072761536
1.0769106149673462
0.4278554320335388
3.8000845909118652
0.061532847583293915
0.058774739503860474
0.07507167756557465
0.0561702586710453
0.07917901873588562
0.11264797300100327
0.06987395137548447
0.08808363229036331
0.11915061622858047
2.318180561065674
0.07018182426691055
0.06940531730651855
0.08864015340805054
0.06454717367887497
0.05947193130850792
0.11088413000106812
0.1374245136976242
0.18517832458019257
0.09925055503845215