training history accuracy
0.8924999833106995
0.9283333420753479
0.9235416650772095
0.9350000023841858
0.9375
0.9360416531562805
0.9368749856948853
0.9412500262260437
0.9339583516120911
0.9433333277702332
0.9466666579246521
0.9568750262260437
0.9589583277702332
0.9637500047683716
0.9616666436195374
0.9620833396911621
0.9731249809265137
0.9722916483879089
0.9737499952316284
0.96875
0.9789583086967468
0.9783333539962769
0.9737499952316284
0.9789583086967468
0.9831249713897705
0.9839583039283752
0.9866666793823242
0.9827083349227905
0.9797916412353516
0.9866666793823242
0.98416668176651
0.9831249713897705
0.9866666793823242
0.9829166531562805
0.9850000143051147
0.9918749928474426
0.9908333420753479
0.9914583563804626
0.9835416674613953
0.9852083325386047
0.9929166436195374
0.9918749928474426
0.9895833134651184
0.9912499785423279
0.987708330154419
0.9910416603088379
0.9883333444595337
0.9914583563804626
0.9912499785423279
0.9897916913032532
0.9910416603088379
0.9927083253860474
0.9897916913032532
0.9933333396911621
0.9897916913032532
0.9925000071525574
0.9929166436195374
0.9935416579246521
0.9937499761581421
0.9920833110809326
0.9902083277702332
0.9935416579246521
0.9950000047683716
0.9912499785423279
0.9922916889190674
0.9941666722297668
0.9939583539962769
0.9943749904632568
0.9956250190734863
0.9937499761581421
0.9908333420753479
0.9960416555404663
0.9929166436195374
0.9962499737739563
0.9943749904632568
0.9941666722297668
0.9958333373069763
0.9958333373069763
0.9931250214576721
0.9929166436195374
0.9941666722297668

training history val accuracy
0.9541666507720947
0.9158333539962769
0.9958333373069763
0.9950000047683716
0.9891666769981384
0.9916666746139526
0.9558333158493042
0.9925000071525574
0.9858333468437195
0.9925000071525574
0.7358333468437195
0.9883333444595337
0.9983333349227905
0.9983333349227905
0.9116666913032532
0.574999988079071
0.9950000047683716
0.6266666650772095
0.9975000023841858
0.9108333587646484
0.9975000023841858
0.9825000166893005
0.9791666865348816
0.9541666507720947
0.9950000047683716
0.9041666388511658
0.9933333396911621
0.9950000047683716
0.9816666841506958
0.9950000047683716
1.0
0.9975000023841858
0.9800000190734863
0.5566666722297668
0.9941666722297668
0.9833333492279053
0.9916666746139526
0.9691666960716248
0.949999988079071
0.987500011920929
0.9925000071525574
0.9958333373069763
0.9933333396911621
0.9908333420753479
0.996666669845581
0.9908333420753479
0.9816666841506958
0.996666669845581
0.9991666674613953
0.9991666674613953
1.0
0.9208333492279053
0.996666669845581
0.9933333396911621
0.9958333373069763
0.9925000071525574
0.996666669845581
0.9933333396911621
0.9741666913032532
0.9991666674613953
0.9983333349227905
0.9991666674613953
0.9883333444595337
0.9516666531562805
0.9941666722297668
0.9941666722297668
0.9375
0.9649999737739563
0.9925000071525574
0.9991666674613953
0.940833330154419
0.9758333563804626
0.9983333349227905
0.9958333373069763
0.9925000071525574
0.9825000166893005
0.9850000143051147
0.92166668176651
0.9891666769981384
0.9950000047683716
0.9833333492279053

training history loss
0.2962607145309448
0.20346374809741974
0.19394826889038086
0.17313456535339355
0.16777610778808594
0.17008090019226074
0.15236300230026245
0.14598898589611053
0.14813202619552612
0.12904292345046997
0.12783034145832062
0.10826317965984344
0.09500002861022949
0.09649527817964554
0.10083305090665817
0.10435023903846741
0.07390176504850388
0.07702179253101349
0.07563380151987076
0.0838107168674469
0.06318127363920212
0.060938529670238495
0.06882143020629883
0.06575313210487366
0.05241737887263298
0.04912649467587471
0.04207497462630272
0.047632526606321335
0.051777198910713196
0.037975553423166275
0.05034299194812775
0.05064895376563072
0.038387227803468704
0.0461169071495533
0.045542262494564056
0.027719030156731606
0.03106042556464672
0.032150644809007645
0.046656284481287
0.04145647585391998
0.027310021221637726
0.0266425721347332
0.03395824134349823
0.027403516694903374
0.044023822993040085
0.02753087319433689
0.036269307136535645
0.023692522197961807
0.02381998300552368
0.03255355730652809
0.030996188521385193
0.02463177591562271
0.030272511765360832
0.021428385749459267
0.02997918799519539
0.024221215397119522
0.020898044109344482
0.021309416741132736
0.016918761655688286
0.024093732237815857
0.02895929664373398
0.02341202087700367
0.017348911613225937
0.025541607290506363
0.024912480264902115
0.018684856593608856
0.020006222650408745
0.020216990262269974
0.016229700297117233
0.017445027828216553
0.02713325433433056
0.01354684866964817
0.022712603211402893
0.014089411124587059
0.016548560932278633
0.016748648136854172
0.012562587857246399
0.013025714084506035
0.02120971865952015
0.02027864009141922
0.017798665910959244

training history val loss
0.14722192287445068
0.21699848771095276
0.030232412740588188
0.025937918573617935
0.03503759577870369
0.02312292531132698
0.12835107743740082
0.02811622992157936
0.0643152967095375
0.042946651577949524
0.6359785199165344
0.038110699504613876
0.019803384318947792
0.021279126405715942
0.23329907655715942
2.4998769760131836
0.017513813450932503
1.6613529920578003
0.01694837026298046
0.3103644847869873
0.020042961463332176
0.05164649710059166
0.08163947612047195
0.16643498837947845
0.01929379627108574
0.4084368646144867
0.01792355626821518
0.012324774637818336
0.06614837795495987
0.015764756128191948
0.0049919020384550095
0.006443973630666733
0.04990085959434509
10.15479564666748
0.026867475360631943
0.059278056025505066
0.02186610735952854
0.12748490273952484
0.2672363519668579
0.034704145044088364
0.030185578390955925
0.01668952964246273
0.018614351749420166
0.031129594892263412
0.0076774233020842075
0.03002837859094143
0.07132749259471893
0.009140006266534328
0.004049612209200859
0.0058608390390872955
0.0029704603366553783
0.6124630570411682
0.01587868668138981
0.019113393500447273
0.010222667828202248
0.03165539354085922
0.008421647362411022
0.045442454516887665
0.18163703382015228
0.005169316194951534
0.008978941477835178
0.003160064108669758
0.043189845979213715
0.41966837644577026
0.04876038804650307
0.017423110082745552
0.45455485582351685
0.09078779816627502
0.0265152957290411
0.005992026533931494
0.6274862885475159
0.06703916937112808
0.006348341703414917
0.01221590768545866
0.020073177292943
0.09717349708080292
0.07083594053983688
1.5111336708068848
0.0583389587700367
0.02183638885617256
0.07139832526445389