training history accuracy
0.90625
0.9466666579246521
0.949791669845581
0.9539583325386047
0.9537500143051147
0.9664583206176758
0.9633333086967468
0.9722916483879089
0.9693750143051147
0.9725000262260437
0.9741666913032532
0.9731249809265137
0.9695833325386047
0.9791666865348816
0.9793750047683716
0.9806249737739563
0.9806249737739563
0.9833333492279053
0.9820833206176758
0.9893749952316284
0.987708330154419
0.987291693687439
0.9839583039283752
0.9870833158493042
0.9870833158493042
0.9910416603088379
0.9937499761581421
0.9891666769981384
0.9906250238418579
0.9881250262260437
0.9922916889190674
0.9956250190734863
0.9893749952316284
0.9931250214576721
0.9945833086967468
0.9950000047683716
0.9904166460037231
0.9943749904632568
0.9931250214576721
0.9964583516120911
0.9941666722297668
0.9956250190734863
0.9954166412353516
0.9956250190734863
0.9931250214576721
0.996666669845581
0.9937499761581421
0.9945833086967468
0.9962499737739563
0.996874988079071
0.9916666746139526
0.996874988079071
0.9960416555404663
0.9956250190734863
0.9933333396911621
0.9950000047683716
0.996874988079071
0.9956250190734863
0.9950000047683716
0.9977083206176758
0.9964583516120911
0.9964583516120911
0.9939583539962769
0.9964583516120911
0.9960416555404663
0.9962499737739563
0.9925000071525574
0.9975000023841858
0.9979166388511658
0.9960416555404663

training history val accuracy
0.9266666769981384
0.9608333110809326
0.6158333420753479
0.5074999928474426
0.9858333468437195
0.8133333325386047
0.9233333468437195
0.9591666460037231
0.7774999737739563
0.4925000071525574
0.9333333373069763
0.5641666650772095
0.7616666555404663
0.5699999928474426
0.9891666769981384
0.9725000262260437
0.9858333468437195
0.9674999713897705
0.7291666865348816
0.98416668176651
0.7875000238418579
0.9574999809265137
0.9758333563804626
0.8725000023841858
0.9283333420753479
0.9700000286102295
0.8933333158493042
0.9783333539962769
0.9858333468437195
0.9591666460037231
0.9791666865348816
0.9858333468437195
0.5425000190734863
0.9416666626930237
0.9075000286102295
0.762499988079071
0.9825000166893005
0.949999988079071
0.9474999904632568
0.9891666769981384
0.9233333468437195
0.9399999976158142
0.9708333611488342
0.987500011920929
0.9900000095367432
0.9391666650772095
0.9725000262260437
0.7116666436195374
0.9833333492279053
0.9666666388511658
0.9858333468437195
0.9825000166893005
0.9266666769981384
0.9466666579246521
0.9800000190734863
0.9433333277702332
0.7683333158493042
0.9866666793823242
0.7808333039283752
0.8991666436195374
0.9133333563804626
0.9741666913032532
0.9674999713897705
0.9800000190734863
0.5616666674613953
0.98416668176651
0.9816666841506958
0.9816666841506958
0.987500011920929
0.9900000095367432

training history loss
0.2402576506137848
0.16588060557842255
0.16162879765033722
0.14548450708389282
0.13790549337863922
0.10240869224071503
0.1186593770980835
0.09078287333250046
0.09730973839759827
0.09081491082906723
0.09116993099451065
0.098127581179142
0.11066816747188568
0.07237868756055832
0.07839272171258926
0.06636049598455429
0.06691336631774902
0.05591406673192978
0.07238910347223282
0.040344953536987305
0.04054964333772659
0.04647107049822807
0.05468152463436127
0.049448031932115555
0.04637974128127098
0.03117053583264351
0.029512345790863037
0.04117603227496147
0.03327976167201996
0.04363324120640755
0.03113076277077198
0.01704644411802292
0.033905528485774994
0.022430652752518654
0.018109988421201706
0.019408458843827248
0.038172174245119095
0.026561720296740532
0.027911443263292313
0.01527567207813263
0.02006872370839119
0.016460319980978966
0.02081446535885334
0.020533857867121696
0.027710387483239174
0.0107117323204875
0.027877245098352432
0.022506769746541977
0.01504450011998415
0.01689433492720127
0.028140950947999954
0.014577112160623074
0.01701940782368183
0.014896361157298088
0.02333265170454979
0.02011592872440815
0.011340788565576077
0.014497597701847553
0.0168166346848011
0.011091158725321293
0.015139131806790829
0.011738266795873642
0.020677300170063972
0.013810836710035801
0.010458734817802906
0.01501425914466381
0.025674933567643166
0.009872173890471458
0.00837777927517891
0.0139840729534626

training history val loss
0.19327975809574127
0.1290588229894638
1.093164086341858
4.543459892272949
0.06540589779615402
0.6474153399467468
0.22393153607845306
0.11926733702421188
0.4856429100036621
4.587691783905029
0.1518671065568924
2.0336532592773438
0.837680459022522
1.2908120155334473
0.05169501155614853
0.09128004312515259
0.07033324241638184
0.08983798325061798
0.7480501532554626
0.06104382127523422
1.1112090349197388
0.13174545764923096
0.059567395597696304
0.2979262173175812
0.17558656632900238
0.07956667244434357
0.31342723965644836
0.07653810828924179
0.05374361202120781
0.10817898064851761
0.06001995876431465
0.05007932707667351
3.6560990810394287
0.2726818323135376
0.3249951899051666
1.1905685663223267
0.0575094111263752
0.15531930327415466
0.198611319065094
0.036861952394247055
0.1890210658311844
0.21106581389904022
0.08436314016580582
0.04503372684121132
0.043515391647815704
0.15917764604091644
0.08640430867671967
0.6419687271118164
0.050338611006736755
0.11006322503089905
0.045922547578811646
0.054543763399124146
0.24386581778526306
0.14504709839820862
0.05636782944202423
0.2247348576784134
0.754159152507782
0.0462791807949543
0.9129045605659485
0.2451813817024231
0.3729231357574463
0.08812907338142395
0.08999362587928772
0.054965171962976456
2.5261263847351074
0.06617705523967743
0.053878866136074066
0.05786190554499626
0.041255123913288116
0.040221963077783585