training history accuracy
0.8552083373069763
0.903124988079071
0.9135416746139526
0.9283333420753479
0.934583306312561
0.93770831823349
0.93770831823349
0.9449999928474426
0.95333331823349
0.9581249952316284
0.9585416913032532
0.9672916531562805
0.9679166674613953
0.9670833349227905
0.9679166674613953
0.9754166603088379
0.9735416769981384
0.9735416769981384
0.9825000166893005
0.9837499856948853
0.9779166579246521
0.9831249713897705
0.9793750047683716
0.9847916960716248
0.9816666841506958
0.987500011920929
0.9893749952316284
0.9866666793823242
0.9895833134651184
0.9847916960716248
0.9943749904632568
0.9891666769981384
0.9870833158493042
0.9870833158493042
0.9943749904632568
0.9908333420753479
0.9931250214576721
0.9891666769981384
0.9881250262260437
0.9914583563804626
0.9947916865348816
0.9850000143051147
0.9910416603088379
0.9927083253860474
0.9912499785423279
0.9941666722297668
0.9941666722297668
0.9918749928474426
0.9920833110809326
0.9900000095367432
0.9893749952316284
0.9937499761581421
0.9954166412353516
0.9964583516120911
0.9956250190734863
0.9958333373069763
0.9929166436195374
0.9912499785423279
0.9958333373069763
0.9943749904632568
0.9914583563804626
0.9912499785423279
0.996666669845581
0.9943749904632568
0.996874988079071
0.9929166436195374
0.9962499737739563
0.9935416579246521
0.9931250214576721
0.9958333373069763
0.9935416579246521
0.9991666674613953
0.9956250190734863
0.9964583516120911
0.9927083253860474
0.9937499761581421
0.9945833086967468
0.9977083206176758
0.9912499785423279
0.9950000047683716
0.9975000023841858
0.9962499737739563
0.9979166388511658
0.9941666722297668
0.9914583563804626
0.9950000047683716
0.9950000047683716
0.9975000023841858
0.9977083206176758
0.9952083230018616
0.9939583539962769
0.9939583539962769
0.9912499785423279
0.9960416555404663
0.9981250166893005
0.9983333349227905
0.9943749904632568
0.9941666722297668
0.9972916841506958
0.9960416555404663
0.9958333373069763
0.9985416531562805

training history val accuracy
0.7716666460037231
0.7649999856948853
0.5099999904632568
0.9441666603088379
0.5083333253860474
0.9599999785423279
0.9049999713897705
0.49166667461395264
0.51583331823349
0.9641666412353516
0.909166693687439
0.5083333253860474
0.5091666579246521
0.5074999928474426
0.8058333396911621
0.5791666507720947
0.7141666412353516
0.5116666555404663
0.9616666436195374
0.9433333277702332
0.8616666793823242
0.5916666388511658
0.5375000238418579
0.5141666531562805
0.8933333158493042
0.9633333086967468
0.9308333396911621
0.5450000166893005
0.9708333611488342
0.9166666865348816
0.934166669845581
0.9183333516120911
0.4983333349227905
0.8733333349227905
0.9558333158493042
0.9666666388511658
0.9599999785423279
0.85916668176651
0.949999988079071
0.6333333253860474
0.9783333539962769
0.49416667222976685
0.7983333468437195
0.9733333587646484
0.92166668176651
0.7491666674613953
0.8799999952316284
0.9783333539962769
0.9700000286102295
0.9733333587646484
0.9383333325386047
0.9474999904632568
0.9491666555404663
0.5141666531562805
0.9783333539962769
0.5583333373069763
0.9233333468437195
0.9666666388511658
0.8858333230018616
0.5266666412353516
0.9633333086967468
0.9158333539962769
0.7333333492279053
0.9758333563804626
0.5083333253860474
0.9741666913032532
0.6483333110809326
0.9783333539962769
0.5841666460037231
0.7275000214576721
0.5983333587646484
0.9816666841506958
0.7641666531562805
0.9816666841506958
0.9566666483879089
0.8341666460037231
0.8791666626930237
0.4925000071525574
0.9491666555404663
0.5241666436195374
0.9641666412353516
0.9399999976158142
0.9733333587646484
0.9750000238418579
0.8983333110809326
0.9449999928474426
0.9449999928474426
0.940833330154419
0.9616666436195374
0.49166667461395264
0.9300000071525574
0.8033333420753479
0.9683333039283752
0.9608333110809326
0.9441666603088379
0.8999999761581421
0.8333333134651184
0.6025000214576721
0.9599999785423279
0.9599999785423279
0.9549999833106995
0.6924999952316284

training history loss
0.35624366998672485
0.24792027473449707
0.23835866153240204
0.20745430886745453
0.18836812674999237
0.17487908899784088
0.17079290747642517
0.15991917252540588
0.1454542726278305
0.14162994921207428
0.1341809779405594
0.11047568917274475
0.10531773418188095
0.10383840650320053
0.1005980595946312
0.07428934425115585
0.08947193622589111
0.09329113364219666
0.05835336074233055
0.06023215502500534
0.07590997219085693
0.06416834145784378
0.06686312705278397
0.048574261367321014
0.05954761430621147
0.044502705335617065
0.0432373471558094
0.04304914176464081
0.039837636053562164
0.05073479562997818
0.029370702803134918
0.03570115938782692
0.04138750210404396
0.04737567901611328
0.024022236466407776
0.02660234458744526
0.023931264877319336
0.03859614208340645
0.03891333192586899
0.03248168155550957
0.018318232148885727
0.05153348669409752
0.02923518791794777
0.019924720749258995
0.036984000355005264
0.02105686254799366
0.02526875026524067
0.03136315196752548
0.024058664217591286
0.03302853927016258
0.03933640196919441
0.020569132640957832
0.018623119220137596
0.012384671717882156
0.01984378881752491
0.014022833667695522
0.02351720817387104
0.03598245233297348
0.016452684998512268
0.019893595948815346
0.031424444168806076
0.027619527652859688
0.0150797413662076
0.022108960896730423
0.011946807615458965
0.022824667394161224
0.015475263819098473
0.020672710612416267
0.02247053012251854
0.020401792600750923
0.022175120189785957
0.005522221326828003
0.01868177019059658
0.014221886172890663
0.02617812342941761
0.02220112644135952
0.014844398945569992
0.0119634959846735
0.036043401807546616
0.019010860472917557
0.007513481192290783
0.010255499742925167
0.009831352159380913
0.020741119980812073
0.020959625020623207
0.017487747594714165
0.017437681555747986
0.007984988391399384
0.008812622167170048
0.01467442512512207
0.015250150114297867
0.018934153020381927
0.031569622457027435
0.012452859431505203
0.00904302392154932
0.007139954715967178
0.02017546072602272
0.018768077716231346
0.008954553864896297
0.014650999568402767
0.013698913156986237
0.006141126621514559

training history val loss
0.5245287418365479
0.581315279006958
2.2597856521606445
0.15700849890708923
10.923754692077637
0.11401737481355667
0.2195505052804947
12.859795570373535
3.6751708984375
0.0953446626663208
0.275258332490921
6.118861675262451
2.2604293823242188
4.634201526641846
0.4903026819229126
2.744020938873291
1.052152156829834
6.680352210998535
0.09772587567567825
0.16409969329833984
0.47677093744277954
1.8685985803604126
3.231761932373047
9.01648235321045
0.31221911311149597
0.09007800370454788
0.22990082204341888
3.938666582107544
0.07870227098464966
0.19811058044433594
0.19711723923683167
0.287119597196579
8.611516952514648
0.4130714535713196
0.12364371120929718
0.09309142827987671
0.1113676056265831
0.5545730590820312
0.12997108697891235
2.949512004852295
0.06441130489110947
5.372923374176025
0.7891565561294556
0.08912035822868347
0.2233455330133438
1.0062767267227173
0.42244064807891846
0.06075139343738556
0.14318591356277466
0.07447993010282516
0.20531564950942993
0.12671709060668945
0.14654141664505005
5.019177436828613
0.057985980063676834
3.399470090866089
0.2324611097574234
0.09735006093978882
0.3393605649471283
6.2560343742370605
0.09546183049678802
0.3007407486438751
1.3331255912780762
0.0657060369849205
4.959009170532227
0.06121363490819931
3.405350923538208
0.06754535436630249
3.2204957008361816
0.5993462204933167
2.9276373386383057
0.05386698991060257
1.394309163093567
0.05431899428367615
0.17579475045204163
0.5140917301177979
0.4516884982585907
8.086098670959473
0.27363264560699463
5.3464813232421875
0.12060976773500443
0.17981299757957458
0.0854448527097702
0.07963111251592636
0.43302643299102783
0.22523699700832367
0.2641235291957855
0.2654508352279663
0.11890483647584915
8.776795387268066
0.26298460364341736
0.8347052335739136
0.09893164038658142
0.10832852870225906
0.17185163497924805
0.4031175374984741
0.5912877321243286
1.7158375978469849
0.11137579381465912
0.16427204012870789
0.15318000316619873
2.29752516746521