test data loss : 0.6931688785552979
test data accyracy : 0.5

training history accuracy
0.48750001192092896
0.5020833611488342
0.4918749928474426
0.5020833611488342
0.5020833611488342
0.4945833384990692
0.5020833611488342
0.5020833611488342
0.5020833611488342
0.5020833611488342
0.48875001072883606
0.5020833611488342
0.5020833611488342
0.5020833611488342
0.5020833611488342
0.5020833611488342
0.5020833611488342
0.5020833611488342
0.5020833611488342
0.5020833611488342
0.5020833611488342
0.5020833611488342
0.4883333444595337
0.5020833611488342
0.5020833611488342
0.4908333420753479
0.5020833611488342
0.49000000953674316
0.5020833611488342
0.5020833611488342
0.5020833611488342

training history val accuracy
0.49166667461395264
0.49166667461395264
0.49166667461395264
0.49166667461395264
0.49166667461395264
0.49166667461395264
0.49166667461395264
0.49166667461395264
0.49166667461395264
0.49166667461395264
0.49166667461395264
0.49166667461395264
0.49166667461395264
0.49166667461395264
0.49166667461395264
0.49166667461395264
0.49166667461395264
0.49166667461395264
0.49166667461395264
0.49166667461395264
0.49166667461395264
0.49166667461395264
0.49166667461395264
0.49166667461395264
0.49166667461395264
0.49166667461395264
0.49166667461395264
0.49166667461395264
0.49166667461395264
0.49166667461395264
0.49166667461395264

training history loss
0.7109019756317139
0.6931794881820679
0.6932269334793091
0.6931854486465454
0.6931869387626648
0.6931971311569214
0.6932100653648376
0.6931878328323364
0.6931589841842651
0.6932016015052795
0.6931962966918945
0.6932321190834045
0.6931591033935547
0.6931800246238708
0.6931674480438232
0.6931760907173157
0.6931856274604797
0.6932045221328735
0.693174421787262
0.6931782364845276
0.693196177482605
0.6931708455085754
0.6932374835014343
0.6931941509246826
0.6931934356689453
0.6932051777839661
0.693192183971405
0.6932526230812073
0.6931774616241455
0.6931869983673096
0.693168044090271

training history val loss
0.6931837797164917
0.6932803988456726
0.6932399868965149
0.6932592391967773
0.6933038234710693
0.6932185292243958
0.6932502388954163
0.6932291388511658
0.6932464838027954
0.693220853805542
0.6932675242424011
0.6932992339134216
0.6932214498519897
0.6932785511016846
0.6931928992271423
0.6932662129402161
0.6932395100593567
0.6932046413421631
0.6931978464126587
0.6932156085968018
0.6932105422019958
0.693212628364563
0.6932471990585327
0.6932743191719055
0.693211555480957
0.693184494972229
0.6932294964790344
0.6932504177093506
0.6932650804519653
0.6932156085968018
0.6932700872421265