test data loss : 0.6931471824645996
test data accyracy : 0.5

training history accuracy
0.4804166555404663
0.4970833361148834
0.49000000953674316
0.5020833611488342
0.4910416603088379
0.5020833611488342
0.5020833611488342
0.5020833611488342
0.4987500011920929
0.4958333373069763
0.49041667580604553
0.5020833611488342
0.5020833611488342
0.4933333396911621
0.5020833611488342
0.5020833611488342
0.5020833611488342
0.5020833611488342
0.5020833611488342
0.5020833611488342
0.49125000834465027
0.5020833611488342
0.4895833432674408
0.5020833611488342
0.5020833611488342
0.4962500035762787
0.5020833611488342
0.49000000953674316
0.5020833611488342
0.4870833456516266
0.5020833611488342
0.5020833611488342

training history val accuracy
0.49166667461395264
0.49166667461395264
0.49166667461395264
0.49166667461395264
0.49166667461395264
0.49166667461395264
0.49166667461395264
0.49166667461395264
0.49166667461395264
0.49166667461395264
0.49166667461395264
0.49166667461395264
0.49166667461395264
0.49166667461395264
0.49166667461395264
0.49166667461395264
0.49166667461395264
0.49166667461395264
0.49166667461395264
0.49166667461395264
0.49166667461395264
0.49166667461395264
0.49166667461395264
0.49166667461395264
0.49166667461395264
0.49166667461395264
0.49166667461395264
0.49166667461395264
0.49166667461395264
0.49166667461395264
0.49166667461395264
0.49166667461395264

training history loss
0.7009807229042053
0.6932318806648254
0.6931689977645874
0.6932048797607422
0.6932035088539124
0.6931739449501038
0.6932725310325623
0.6931666135787964
0.6931968927383423
0.6931799650192261
0.6931989789009094
0.6931906938552856
0.693160891532898
0.6931843757629395
0.6931759715080261
0.6931703686714172
0.6931715607643127
0.6931633949279785
0.693219780921936
0.693253219127655
0.6932103037834167
0.6932555437088013
0.6931983232498169
0.6931625008583069
0.6931564211845398
0.6931811571121216
0.6931560039520264
0.6931962966918945
0.6931700706481934
0.6932300925254822
0.6931779980659485
0.6931666135787964

training history val loss
0.6931593418121338
0.6931489706039429
0.6931858062744141
0.6932604908943176
0.6932258009910583
0.6932399272918701
0.6931764483451843
0.6931900978088379
0.6932267546653748
0.6931989789009094
0.69324791431427
0.6932669281959534
0.6931881308555603
0.6932355761528015
0.6931772828102112
0.6932298541069031
0.6931991577148438
0.6932377219200134
0.6932787895202637
0.6932265162467957
0.6931836605072021
0.6931802034378052
0.6931964159011841
0.6932003498077393
0.6932383179664612
0.6931594014167786
0.6932365298271179
0.6932398080825806
0.6932523846626282
0.6931901574134827
0.6932830214500427
0.6932200789451599