test data loss : 0.6931625604629517
test data accyracy : 0.5

training history accuracy
0.5004166960716248
0.5
0.5020833611488342
0.5020833611488342
0.4950000047683716
0.5020833611488342
0.49541667103767395
0.5020833611488342
0.5020833611488342
0.4895833432674408
0.5020833611488342
0.5020833611488342
0.5020833611488342
0.4950000047683716
0.5020833611488342
0.5020833611488342
0.5020833611488342
0.49041667580604553
0.49291667342185974
0.5020833611488342
0.5020833611488342
0.49125000834465027
0.5020833611488342
0.5020833611488342
0.5020833611488342
0.49125000834465027
0.5020833611488342
0.49125000834465027
0.5020833611488342
0.5020833611488342
0.5020833611488342

training history val accuracy
0.5083333253860474
0.49166667461395264
0.49166667461395264
0.49166667461395264
0.49166667461395264
0.49166667461395264
0.49166667461395264
0.49166667461395264
0.49166667461395264
0.49166667461395264
0.49166667461395264
0.49166667461395264
0.49166667461395264
0.49166667461395264
0.49166667461395264
0.49166667461395264
0.49166667461395264
0.49166667461395264
0.49166667461395264
0.49166667461395264
0.49166667461395264
0.49166667461395264
0.49166667461395264
0.49166667461395264
0.49166667461395264
0.49166667461395264
0.49166667461395264
0.49166667461395264
0.49166667461395264
0.49166667461395264
0.49166667461395264

training history loss
0.6949222087860107
0.6933106780052185
0.6932255625724792
0.6931976675987244
0.6931752562522888
0.6931972503662109
0.6931793093681335
0.693206250667572
0.6931806802749634
0.6932043433189392
0.6931536793708801
0.6931677460670471
0.6932021975517273
0.693237841129303
0.6931837201118469
0.6931989789009094
0.6932103037834167
0.693192183971405
0.6931970119476318
0.6931704878807068
0.6931898593902588
0.6931830644607544
0.6931887269020081
0.6931714415550232
0.6932286024093628
0.6931743621826172
0.6931717395782471
0.6931992173194885
0.6931644082069397
0.6931666135787964
0.6931689381599426

training history val loss
0.6930668354034424
0.6932141780853271
0.6932377815246582
0.6931865215301514
0.6932044625282288
0.693271815776825
0.6931726336479187
0.6932259798049927
0.6932041645050049
0.6931576132774353
0.6932690143585205
0.6932461261749268
0.6932462453842163
0.6931625604629517
0.6932849884033203
0.6932351589202881
0.693181037902832
0.6931899785995483
0.6931998133659363
0.6932611465454102
0.6932399272918701
0.6932467222213745
0.6932624578475952
0.6932421922683716
0.6932046413421631
0.6931715607643127
0.6932175159454346
0.6931804418563843
0.6932294964790344
0.6932368874549866
0.6931802034378052