test data loss : 0.6931473612785339
test data accyracy : 0.5

training history accuracy
0.49791666865348816
0.49416667222976685
0.5020833611488342
0.5020833611488342
0.48875001072883606
0.5020833611488342
0.5020833611488342
0.49291667342185974
0.5020833611488342
0.5020833611488342
0.5020833611488342
0.5020833611488342
0.5020833611488342
0.49166667461395264
0.5020833611488342
0.5020833611488342
0.5020833611488342
0.48750001192092896
0.5020833611488342
0.5020833611488342
0.49041667580604553
0.49041667580604553
0.5020833611488342
0.4950000047683716
0.5020833611488342
0.5020833611488342
0.4908333420753479
0.5020833611488342
0.4891666769981384
0.5020833611488342
0.5020833611488342
0.5020833611488342
0.5020833611488342
0.5020833611488342
0.5020833611488342
0.5020833611488342
0.5020833611488342
0.5020833611488342
0.4858333468437195
0.5020833611488342
0.5020833611488342
0.4950000047683716
0.5020833611488342
0.5020833611488342
0.5020833611488342
0.5020833611488342
0.48625001311302185
0.5020833611488342
0.49416667222976685
0.5020833611488342
0.5020833611488342
0.5020833611488342
0.5020833611488342
0.5020833611488342
0.49166667461395264
0.5020833611488342
0.49000000953674316

training history val accuracy
0.49166667461395264
0.49166667461395264
0.49166667461395264
0.49166667461395264
0.49166667461395264
0.49166667461395264
0.49166667461395264
0.49166667461395264
0.49166667461395264
0.49166667461395264
0.49166667461395264
0.49166667461395264
0.49166667461395264
0.49166667461395264
0.49166667461395264
0.49166667461395264
0.49166667461395264
0.49166667461395264
0.49166667461395264
0.49166667461395264
0.49166667461395264
0.49166667461395264
0.49166667461395264
0.49166667461395264
0.49166667461395264
0.49166667461395264
0.49166667461395264
0.49166667461395264
0.49166667461395264
0.49166667461395264
0.49166667461395264
0.49166667461395264
0.49166667461395264
0.49166667461395264
0.49166667461395264
0.49166667461395264
0.49166667461395264
0.49166667461395264
0.49166667461395264
0.49166667461395264
0.49166667461395264
0.49166667461395264
0.49166667461395264
0.49166667461395264
0.49166667461395264
0.49166667461395264
0.49166667461395264
0.49166667461395264
0.49166667461395264
0.49166667461395264
0.49166667461395264
0.49166667461395264
0.49166667461395264
0.49166667461395264
0.49166667461395264
0.49166667461395264
0.49166667461395264

training history loss
0.6963600516319275
0.6932039260864258
0.6931573152542114
0.6931952238082886
0.6932141184806824
0.6931731700897217
0.693187415599823
0.6931715607643127
0.6931585073471069
0.6931738257408142
0.6931831240653992
0.6931976079940796
0.6931582689285278
0.6931931376457214
0.6931844353675842
0.6931685209274292
0.6931558847427368
0.693227231502533
0.6932039260864258
0.6931992173194885
0.6931790113449097
0.6932085752487183
0.6931771636009216
0.6932058334350586
0.6932075023651123
0.6931890249252319
0.6932215094566345
0.6931635141372681
0.6932180523872375
0.6931945085525513
0.6931688189506531
0.6932114958763123
0.6932177543640137
0.6931630969047546
0.6931626796722412
0.6931772828102112
0.69319087266922
0.6931611895561218
0.6931852102279663
0.6931752562522888
0.6932024359703064
0.6932165622711182
0.6931584477424622
0.6931741237640381
0.6931824684143066
0.6931864619255066
0.6932204961776733
0.6931670904159546
0.6932111382484436
0.6932204961776733
0.6931822896003723
0.6931679844856262
0.6932292580604553
0.6931758522987366
0.6931795477867126
0.6931910514831543
0.6932413578033447

training history val loss
0.6932482123374939
0.6932101845741272
0.6932618618011475
0.693285346031189
0.6932318806648254
0.693234384059906
0.6932464241981506
0.6931883692741394
0.6932218670845032
0.6932495832443237
0.6932554841041565
0.6932603120803833
0.6932517886161804
0.6932166814804077
0.6932597756385803
0.6932450532913208
0.6931900978088379
0.6932372450828552
0.6932710409164429
0.6932485699653625
0.6932031512260437
0.6932762861251831
0.6932922601699829
0.6932038068771362
0.6932780146598816
0.6932387948036194
0.6931502819061279
0.6932094097137451
0.6932966709136963
0.6932544112205505
0.6932013630867004
0.6933017373085022
0.6932969093322754
0.693252444267273
0.6932136416435242
0.6932423114776611
0.6931981444358826
0.6932147741317749
0.693202555179596
0.6932609677314758
0.6932113170623779
0.6931958198547363
0.6932457685470581
0.6932503581047058
0.6932805180549622
0.6932262182235718
0.6932443380355835
0.6932468414306641
0.6932242512702942
0.6932116150856018
0.6932224035263062
0.6932334303855896
0.6932709217071533
0.6932152509689331
0.6931955218315125
0.6932546496391296
0.6931721568107605