test data loss : 0.6931746006011963
test data accyracy : 0.5

training history accuracy
0.4866666793823242
0.5077083110809326
0.4937500059604645
0.5
0.5020833611488342
0.5020833611488342
0.5020833611488342
0.5020833611488342
0.5020833611488342
0.5020833611488342
0.5020833611488342
0.5020833611488342
0.5020833611488342
0.5020833611488342
0.5020833611488342
0.5020833611488342
0.5020833611488342
0.5020833611488342
0.5020833611488342
0.49166667461395264
0.5020833611488342
0.5020833611488342
0.5020833611488342
0.4933333396911621
0.5020833611488342
0.5020833611488342
0.5020833611488342
0.5020833611488342
0.5020833611488342
0.5020833611488342
0.5020833611488342

training history val accuracy
0.5083333253860474
0.49166667461395264
0.5083333253860474
0.49166667461395264
0.49166667461395264
0.49166667461395264
0.49166667461395264
0.49166667461395264
0.49166667461395264
0.49166667461395264
0.49166667461395264
0.49166667461395264
0.49166667461395264
0.49166667461395264
0.49166667461395264
0.49166667461395264
0.49166667461395264
0.49166667461395264
0.49166667461395264
0.49166667461395264
0.49166667461395264
0.49166667461395264
0.49166667461395264
0.49166667461395264
0.49166667461395264
0.49166667461395264
0.49166667461395264
0.49166667461395264
0.49166667461395264
0.49166667461395264
0.49166667461395264

training history loss
0.6939594149589539
0.6933391094207764
0.693699061870575
0.6932007074356079
0.6931601166725159
0.6931811571121216
0.693168044090271
0.6931790709495544
0.693175196647644
0.6931711435317993
0.693182647228241
0.6931860446929932
0.6931760907173157
0.693186342716217
0.6931763887405396
0.6931681036949158
0.6931643486022949
0.6931823492050171
0.6931563019752502
0.6932150721549988
0.6931613683700562
0.6931650638580322
0.6932070255279541
0.6931991577148438
0.6931981444358826
0.6932015419006348
0.6931835412979126
0.6931702494621277
0.6931785345077515
0.6931924223899841
0.6932012438774109

training history val loss
0.6930984258651733
0.6957995891571045
0.6931368708610535
0.6932063698768616
0.6931818127632141
0.6932475566864014
0.6931959986686707
0.6931882500648499
0.6932101249694824
0.6932521462440491
0.6932609677314758
0.6932256817817688
0.693228542804718
0.6931865215301514
0.6932215094566345
0.6932445168495178
0.6932156682014465
0.6932247281074524
0.6932359337806702
0.6931999325752258
0.6932752728462219
0.6932411789894104
0.6931889653205872
0.6932732462882996
0.6932825446128845
0.6932131052017212
0.6932300329208374
0.6932216286659241
0.6931909918785095
0.6932588815689087
0.6932957172393799