test data loss : 0.693149983882904
test data accyracy : 0.5

training history accuracy
0.49145832657814026
0.4910416603088379
0.4964583218097687
0.5020833611488342
0.49791666865348816
0.5020833611488342
0.5020833611488342
0.5020833611488342
0.492083340883255
0.4908333420753479
0.5020833611488342
0.4841666519641876
0.5020833611488342
0.5020833611488342
0.5020833611488342
0.5020833611488342
0.5020833611488342
0.5020833611488342
0.5020833611488342
0.5020833611488342
0.5020833611488342
0.49000000953674316
0.4891666769981384
0.5020833611488342
0.5020833611488342
0.5020833611488342
0.4858333468437195
0.5020833611488342
0.5020833611488342
0.4891666769981384
0.5020833611488342
0.5020833611488342

training history val accuracy
0.503333330154419
0.5083333253860474
0.49166667461395264
0.49166667461395264
0.49166667461395264
0.49166667461395264
0.49166667461395264
0.49166667461395264
0.49166667461395264
0.49166667461395264
0.49166667461395264
0.49166667461395264
0.49166667461395264
0.49166667461395264
0.49166667461395264
0.49166667461395264
0.49166667461395264
0.49166667461395264
0.49166667461395264
0.49166667461395264
0.49166667461395264
0.49166667461395264
0.49166667461395264
0.49166667461395264
0.49166667461395264
0.49166667461395264
0.49166667461395264
0.49166667461395264
0.49166667461395264
0.49166667461395264
0.49166667461395264
0.49166667461395264

training history loss
0.6970947980880737
0.6932695508003235
0.6933081746101379
0.6931599378585815
0.693209707736969
0.6931638717651367
0.6932085752487183
0.6931862831115723
0.6931823492050171
0.6931896209716797
0.6932141184806824
0.6932256817817688
0.693162739276886
0.6931875348091125
0.6931594610214233
0.6931958794593811
0.6931732296943665
0.6932584047317505
0.6931684613227844
0.6932001709938049
0.693175733089447
0.6931867599487305
0.6932063698768616
0.6931672692298889
0.6931803822517395
0.6931732892990112
0.693270206451416
0.6932007074356079
0.6931647062301636
0.6932051181793213
0.6931772232055664
0.6931528449058533

training history val loss
0.6931378841400146
0.6931098699569702
0.6932101845741272
0.6931825876235962
0.6931852698326111
0.6931864023208618
0.6932012438774109
0.6932213306427002
0.693221926689148
0.6932505369186401
0.6932446956634521
0.693153977394104
0.6932799220085144
0.6932460069656372
0.6931934356689453
0.6931977272033691
0.6932151317596436
0.6932245492935181
0.693188488483429
0.6932013630867004
0.6932162642478943
0.6931794285774231
0.6932148337364197
0.6932496428489685
0.6932448744773865
0.6932374238967896
0.6932069063186646
0.6933128833770752
0.6932183504104614
0.6931648850440979
0.6932057738304138
0.6932267546653748