test data loss : 0.6931507587432861
test data accyracy : 0.5

training history accuracy
0.49041667580604553
0.492083340883255
0.49666666984558105
0.5020833611488342
0.5020833611488342
0.5020833611488342
0.4866666793823242
0.5020833611488342
0.49166667461395264
0.5020833611488342
0.5020833611488342
0.5020833611488342
0.5020833611488342
0.48750001192092896
0.5020833611488342
0.48750001192092896
0.5020833611488342
0.5020833611488342
0.5020833611488342
0.5020833611488342
0.5020833611488342
0.5020833611488342
0.5020833611488342
0.5020833611488342
0.5020833611488342
0.4950000047683716
0.4933333396911621
0.5020833611488342
0.49125000834465027
0.5020833611488342
0.5020833611488342

training history val accuracy
0.5083333253860474
0.49166667461395264
0.49166667461395264
0.49166667461395264
0.49166667461395264
0.49166667461395264
0.49166667461395264
0.49166667461395264
0.49166667461395264
0.49166667461395264
0.49166667461395264
0.49166667461395264
0.49166667461395264
0.49166667461395264
0.49166667461395264
0.49166667461395264
0.49166667461395264
0.49166667461395264
0.49166667461395264
0.49166667461395264
0.49166667461395264
0.49166667461395264
0.49166667461395264
0.49166667461395264
0.49166667461395264
0.49166667461395264
0.49166667461395264
0.49166667461395264
0.49166667461395264
0.49166667461395264
0.49166667461395264

training history loss
0.6937450766563416
0.6933210492134094
0.693178117275238
0.6931695938110352
0.6931624412536621
0.6931682825088501
0.6932193040847778
0.6932170391082764
0.6932216882705688
0.6931731104850769
0.6931934356689453
0.6932061314582825
0.6931662559509277
0.693217396736145
0.693163275718689
0.6932781338691711
0.6931681036949158
0.6931924223899841
0.6931629180908203
0.6931784749031067
0.6931938529014587
0.6931737661361694
0.6931629180908203
0.6931819915771484
0.693189263343811
0.6931799650192261
0.6931912302970886
0.6931646466255188
0.6931982636451721
0.6931761503219604
0.6931946873664856

training history val loss
0.6931073069572449
0.6931585669517517
0.6931486129760742
0.6932057738304138
0.693207323551178
0.6932240128517151
0.6932975053787231
0.6932728290557861
0.6932039856910706
0.6932346224784851
0.6933152079582214
0.6932503581047058
0.6932098269462585
0.6932297945022583
0.6932463645935059
0.693250834941864
0.6932671070098877
0.6932195425033569
0.6932615041732788
0.6932652592658997
0.6932617425918579
0.6932296752929688
0.6932080984115601
0.6932377219200134
0.6932010054588318
0.6931963562965393
0.6931947469711304
0.6932475566864014
0.6932651400566101
0.6932745575904846
0.6932207345962524