test data loss : 0.6931526064872742
test data accyracy : 0.5

training history accuracy
0.5024999976158142
0.4883333444595337
0.49916666746139526
0.5020833611488342
0.4866666793823242
0.5020833611488342
0.5020833611488342
0.5020833611488342
0.5020833611488342
0.4879166781902313
0.5020833611488342
0.4987500011920929
0.5020833611488342
0.5020833611488342
0.4950000047683716
0.4962500035762787
0.5020833611488342
0.5020833611488342
0.5020833611488342
0.47999998927116394
0.5020833611488342
0.5020833611488342
0.5020833611488342
0.5020833611488342
0.49000000953674316
0.5020833611488342
0.5020833611488342
0.5020833611488342
0.5020833611488342
0.492083340883255
0.5020833611488342

training history val accuracy
0.5083333253860474
0.5083333253860474
0.49166667461395264
0.49166667461395264
0.49166667461395264
0.49166667461395264
0.49166667461395264
0.49166667461395264
0.49166667461395264
0.49166667461395264
0.49166667461395264
0.49166667461395264
0.49166667461395264
0.49166667461395264
0.49166667461395264
0.49166667461395264
0.49166667461395264
0.49166667461395264
0.49166667461395264
0.49166667461395264
0.49166667461395264
0.49166667461395264
0.49166667461395264
0.49166667461395264
0.49166667461395264
0.49166667461395264
0.49166667461395264
0.49166667461395264
0.49166667461395264
0.49166667461395264
0.49166667461395264

training history loss
0.7046264410018921
0.6932194232940674
0.6931644678115845
0.6931620240211487
0.6932582855224609
0.6931789517402649
0.6931929588317871
0.6931591629981995
0.6931641697883606
0.6932582855224609
0.6931702494621277
0.6932020783424377
0.693217396736145
0.6931708455085754
0.693198561668396
0.6931726336479187
0.6931834816932678
0.693162202835083
0.693189263343811
0.6932106018066406
0.6931747794151306
0.6931672096252441
0.6931753754615784
0.6931797862052917
0.693200945854187
0.693179726600647
0.693187415599823
0.6932029724121094
0.693172037601471
0.693181574344635
0.693211555480957

training history val loss
0.6930973529815674
0.693139910697937
0.6932052373886108
0.6931953430175781
0.6932443976402283
0.6932265162467957
0.6932012438774109
0.6932176947593689
0.693217933177948
0.6931629776954651
0.69327712059021
0.6932226419448853
0.6933024525642395
0.6932465434074402
0.6932613849639893
0.6932083964347839
0.6932578682899475
0.6932385563850403
0.6932443976402283
0.6932364702224731
0.6932731866836548
0.6932472586631775
0.6932534575462341
0.6932204961776733
0.693193256855011
0.6932618021965027
0.6931694149971008
0.6932336688041687
0.6931958794593811
0.6932359933853149
0.6931698322296143