test data loss : 0.6931472420692444
test data accyracy : 0.5

training history accuracy
0.49916666746139526
0.5020833611488342
0.5020833611488342
0.5020833611488342
0.5020833611488342
0.49541667103767395
0.4870833456516266
0.5020833611488342
0.4958333373069763
0.5020833611488342
0.5020833611488342
0.492083340883255
0.5020833611488342
0.5020833611488342
0.5020833611488342
0.5020833611488342
0.4970833361148834
0.5020833611488342
0.5020833611488342
0.4925000071525574
0.4870833456516266
0.5020833611488342
0.5020833611488342
0.5020833611488342
0.5020833611488342
0.48875001072883606
0.5020833611488342
0.5020833611488342
0.5020833611488342
0.5020833611488342
0.49166667461395264
0.5020833611488342
0.5020833611488342
0.5020833611488342
0.48750001192092896
0.5020833611488342
0.5020833611488342
0.5020833611488342
0.49041667580604553
0.49166667461395264
0.5020833611488342
0.5020833611488342

training history val accuracy
0.49166667461395264
0.49166667461395264
0.49166667461395264
0.49166667461395264
0.49166667461395264
0.49166667461395264
0.49166667461395264
0.49166667461395264
0.49166667461395264
0.49166667461395264
0.49166667461395264
0.49166667461395264
0.49166667461395264
0.49166667461395264
0.49166667461395264
0.49166667461395264
0.49166667461395264
0.49166667461395264
0.49166667461395264
0.49166667461395264
0.49166667461395264
0.49166667461395264
0.49166667461395264
0.49166667461395264
0.49166667461395264
0.49166667461395264
0.49166667461395264
0.49166667461395264
0.49166667461395264
0.49166667461395264
0.49166667461395264
0.49166667461395264
0.49166667461395264
0.49166667461395264
0.49166667461395264
0.49166667461395264
0.49166667461395264
0.49166667461395264
0.49166667461395264
0.49166667461395264
0.49166667461395264
0.49166667461395264

training history loss
0.7076497077941895
0.693195641040802
0.6931833624839783
0.6931703686714172
0.6931854486465454
0.6932697296142578
0.6932584643363953
0.693193793296814
0.6931753158569336
0.6931874752044678
0.6931670904159546
0.6931984424591064
0.6931582093238831
0.6931630969047546
0.6931807398796082
0.693157970905304
0.6931701898574829
0.6931660175323486
0.693160891532898
0.6931880116462708
0.6932026147842407
0.6931798458099365
0.6931827068328857
0.6931722164154053
0.6931663751602173
0.6932580471038818
0.6932066082954407
0.6931746006011963
0.69318026304245
0.6931715607643127
0.6931881308555603
0.6932322978973389
0.6932299137115479
0.6931850910186768
0.6931819915771484
0.6932225823402405
0.6931644082069397
0.6931573748588562
0.6932099461555481
0.6931774020195007
0.693203866481781
0.6931810975074768

training history val loss
0.6932833790779114
0.6931802034378052
0.6932669878005981
0.6931731700897217
0.69317227602005
0.6932004690170288
0.6932512521743774
0.6932845115661621
0.69317626953125
0.6932624578475952
0.6932591795921326
0.6931540966033936
0.6932198405265808
0.693260669708252
0.6932672262191772
0.6932246685028076
0.6932181715965271
0.6932449340820312
0.693227231502533
0.6931823492050171
0.6932001709938049
0.6932759881019592
0.693238377571106
0.6932688355445862
0.6932267546653748
0.6931782960891724
0.6933171153068542
0.6932325959205627
0.6932922005653381
0.6932180523872375
0.6932050585746765
0.6933326721191406
0.6931686997413635
0.6931732892990112
0.6932066679000854
0.6932973265647888
0.6932007074356079
0.6931926012039185
0.6932286024093628
0.6932225823402405
0.6932740211486816
0.6932433843612671