test data loss : 0.6931487917900085
test data accyracy : 0.5

training history accuracy
0.4945833384990692
0.5020833611488342
0.5
0.5020833611488342
0.49166667461395264
0.5020833611488342
0.5020833611488342
0.5020833611488342
0.5020833611488342
0.5020833611488342
0.5020833611488342
0.5020833611488342
0.5020833611488342
0.4925000071525574
0.5020833611488342
0.49000000953674316
0.4937500059604645
0.4945833384990692
0.5020833611488342
0.5020833611488342
0.5020833611488342
0.5020833611488342
0.5020833611488342
0.5020833611488342
0.4945833384990692
0.5020833611488342
0.5020833611488342
0.5020833611488342
0.5020833611488342
0.5020833611488342
0.4879166781902313
0.5020833611488342
0.49291667342185974
0.5020833611488342
0.5020833611488342
0.4841666519641876
0.5020833611488342
0.5020833611488342
0.5020833611488342
0.4962500035762787
0.5020833611488342
0.4883333444595337
0.5020833611488342
0.5020833611488342
0.5020833611488342
0.5020833611488342
0.49166667461395264
0.5020833611488342
0.5020833611488342
0.5020833611488342
0.5020833611488342
0.5020833611488342
0.5020833611488342
0.4925000071525574
0.5020833611488342
0.5020833611488342
0.49041667580604553
0.5020833611488342
0.5020833611488342
0.49416667222976685
0.5020833611488342
0.5020833611488342
0.4987500011920929
0.5020833611488342
0.5020833611488342
0.5020833611488342
0.5020833611488342
0.5020833611488342
0.4962500035762787
0.49958333373069763
0.5020833611488342
0.5020833611488342
0.5020833611488342
0.49000000953674316
0.5020833611488342
0.4937500059604645
0.5020833611488342
0.5020833611488342
0.5020833611488342
0.5020833611488342
0.5020833611488342
0.5020833611488342
0.5020833611488342
0.5020833611488342
0.49166667461395264
0.49291667342185974
0.5020833611488342
0.49666666984558105
0.5020833611488342
0.5020833611488342
0.5020833611488342
0.49000000953674316
0.49291667342185974
0.5020833611488342
0.5020833611488342
0.5020833611488342
0.4933333396911621
0.5020833611488342
0.5020833611488342

training history val accuracy
0.49166667461395264
0.49166667461395264
0.49166667461395264
0.49166667461395264
0.49166667461395264
0.49166667461395264
0.49166667461395264
0.49166667461395264
0.49166667461395264
0.49166667461395264
0.49166667461395264
0.49166667461395264
0.49166667461395264
0.49166667461395264
0.49166667461395264
0.49166667461395264
0.49166667461395264
0.49166667461395264
0.49166667461395264
0.49166667461395264
0.49166667461395264
0.49166667461395264
0.49166667461395264
0.49166667461395264
0.49166667461395264
0.49166667461395264
0.49166667461395264
0.49166667461395264
0.49166667461395264
0.49166667461395264
0.49166667461395264
0.49166667461395264
0.49166667461395264
0.49166667461395264
0.49166667461395264
0.49166667461395264
0.49166667461395264
0.49166667461395264
0.49166667461395264
0.49166667461395264
0.49166667461395264
0.49166667461395264
0.49166667461395264
0.49166667461395264
0.49166667461395264
0.49166667461395264
0.49166667461395264
0.49166667461395264
0.49166667461395264
0.49166667461395264
0.49166667461395264
0.49166667461395264
0.49166667461395264
0.49166667461395264
0.49166667461395264
0.49166667461395264
0.49166667461395264
0.49166667461395264
0.49166667461395264
0.49166667461395264
0.49166667461395264
0.49166667461395264
0.49166667461395264
0.49166667461395264
0.49166667461395264
0.49166667461395264
0.49166667461395264
0.49166667461395264
0.5083333253860474
0.49166667461395264
0.49166667461395264
0.49166667461395264
0.49166667461395264
0.49166667461395264
0.49166667461395264
0.49166667461395264
0.49166667461395264
0.49166667461395264
0.49166667461395264
0.49166667461395264
0.49166667461395264
0.49166667461395264
0.49166667461395264
0.49166667461395264
0.49166667461395264
0.49166667461395264
0.49166667461395264
0.49166667461395264
0.49166667461395264
0.49166667461395264
0.49166667461395264
0.49166667461395264
0.49166667461395264
0.49166667461395264
0.49166667461395264
0.49166667461395264
0.49166667461395264
0.49166667461395264
0.49166667461395264

training history loss
0.693701446056366
0.6931850910186768
0.6931912899017334
0.6931692361831665
0.6932480931282043
0.6931795477867126
0.6931554675102234
0.6931984424591064
0.693159818649292
0.6931509971618652
0.6931617259979248
0.693212628364563
0.6932249665260315
0.6931735277175903
0.693203330039978
0.6931847929954529
0.6932201385498047
0.6931607723236084
0.6931833028793335
0.6931658983230591
0.6931817531585693
0.6931906342506409
0.6931600570678711
0.6931848526000977
0.6932166814804077
0.6931720972061157
0.6932032704353333
0.6931740045547485
0.6931798458099365
0.6931906938552856
0.6933135390281677
0.6931992173194885
0.6931889057159424
0.693183422088623
0.6931608319282532
0.6932714581489563
0.6931984424591064
0.6931973695755005
0.6931648254394531
0.6931792497634888
0.6931838393211365
0.6932016015052795
0.6931609511375427
0.6931664347648621
0.693187952041626
0.6931930780410767
0.6931875348091125
0.6931685209274292
0.6931684613227844
0.6931760907173157
0.6931702494621277
0.693191647529602
0.6931859254837036
0.693200945854187
0.693166196346283
0.6931700706481934
0.6931934356689453
0.6931844353675842
0.6931593418121338
0.6931850910186768
0.6931964159011841
0.6931853890419006
0.6931658983230591
0.6931814551353455
0.6932345628738403
0.6931742429733276
0.6932271122932434
0.693194568157196
0.693195104598999
0.6931971907615662
0.6931641101837158
0.6931604743003845
0.6931976079940796
0.6932014226913452
0.6932080984115601
0.6931787133216858
0.6931904554367065
0.6931563019752502
0.6931661367416382
0.6931682229042053
0.6931630969047546
0.6931759715080261
0.6931633949279785
0.6931619048118591
0.6931996941566467
0.6932018995285034
0.6931750178337097
0.6932016611099243
0.6931607127189636
0.69317227602005
0.6931788921356201
0.693189263343811
0.6932166814804077
0.693166971206665
0.6931819915771484
0.6932258009910583
0.6931992769241333
0.6931725144386292
0.6931928396224976

training history val loss
0.693276047706604
0.6932682991027832
0.6932352185249329
0.6932734251022339
0.6931922435760498
0.6932975649833679
0.6932532787322998
0.6931948065757751
0.6932486891746521
0.6932574510574341
0.6932212114334106
0.6932530999183655
0.6932432651519775
0.6931877136230469
0.693256676197052
0.6932156085968018
0.6931701898574829
0.6932382583618164
0.6932541131973267
0.6932764649391174
0.693252444267273
0.6931992173194885
0.6932134628295898
0.6932041645050049
0.6931704878807068
0.6932687163352966
0.6931713819503784
0.6932396292686462
0.6932131052017212
0.6931976079940796
0.6931876540184021
0.6932364106178284
0.6932113170623779
0.6932206153869629
0.6932337284088135
0.6932940483093262
0.6932241320610046
0.6932361125946045
0.6932475566864014
0.6932489275932312
0.6932203769683838
0.693230152130127
0.6932553648948669
0.6932046413421631
0.6932100653648376
0.6932364106178284
0.6931618452072144
0.6932173371315002
0.6932063102722168
0.693207323551178
0.6932042241096497
0.6932246685028076
0.6932035088539124
0.6931930780410767
0.6932201981544495
0.6932226419448853
0.6932142376899719
0.6932989954948425
0.6932060122489929
0.6932523846626282
0.6932428479194641
0.6931939721107483
0.6932141184806824
0.693192720413208
0.6932122111320496
0.6932593584060669
0.69318026304245
0.6931917071342468
0.6931187510490417
0.6932491660118103
0.6931712031364441
0.693213701248169
0.6932052969932556
0.6931638717651367
0.6932293772697449
0.6931940317153931
0.6932132244110107
0.6932108998298645
0.6932067275047302
0.6931936740875244
0.6932281255722046
0.6931788325309753
0.6932576894760132
0.6932205557823181
0.6932234764099121
0.6932497024536133
0.6932395696640015
0.6932611465454102
0.6933030486106873
0.6932663917541504
0.6932312846183777
0.6932287812232971
0.6932669281959534
0.6932358145713806
0.6932036876678467
0.6932169198989868
0.6931835412979126
0.6932073831558228
0.6932423114776611