test data loss : 0.6931814551353455
test data accyracy : 0.5

training history accuracy
0.5012500286102295
0.49000000953674316
0.4829166531562805
0.49541667103767395
0.4925000071525574
0.49666666984558105
0.5020833611488342
0.5020833611488342
0.5020833611488342
0.5020833611488342
0.5020833611488342
0.5020833611488342
0.5020833611488342
0.4933333396911621
0.5020833611488342
0.5020833611488342
0.4908333420753479
0.5020833611488342
0.5020833611488342
0.4908333420753479
0.5020833611488342
0.5020833611488342
0.48750001192092896
0.5020833611488342
0.5020833611488342
0.5020833611488342
0.5020833611488342
0.49541667103767395
0.49541667103767395
0.5020833611488342
0.5020833611488342

training history val accuracy
0.5083333253860474
0.5083333253860474
0.5083333253860474
0.49166667461395264
0.49166667461395264
0.49166667461395264
0.49166667461395264
0.49166667461395264
0.49166667461395264
0.49166667461395264
0.49166667461395264
0.49166667461395264
0.49166667461395264
0.49166667461395264
0.49166667461395264
0.49166667461395264
0.49166667461395264
0.49166667461395264
0.49166667461395264
0.49166667461395264
0.49166667461395264
0.49166667461395264
0.49166667461395264
0.49166667461395264
0.49166667461395264
0.49166667461395264
0.49166667461395264
0.49166667461395264
0.49166667461395264
0.49166667461395264
0.49166667461395264

training history loss
0.696632444858551
0.6933575868606567
0.6932024955749512
0.6931759715080261
0.6931748986244202
0.6931749582290649
0.6931628584861755
0.6931604146957397
0.6931660771369934
0.6932030320167542
0.6931951642036438
0.6931676268577576
0.693164587020874
0.6932169795036316
0.6931696534156799
0.6931968331336975
0.693242609500885
0.6931824088096619
0.6931748390197754
0.6931977868080139
0.6931931972503662
0.6931936144828796
0.6931887865066528
0.6932343244552612
0.6931513547897339
0.6931696534156799
0.6931699514389038
0.6931732892990112
0.6932141780853271
0.69317626953125
0.6931992769241333

training history val loss
0.6930422186851501
0.6930707097053528
0.6931464672088623
0.693173348903656
0.6932130455970764
0.6932182312011719
0.6932209134101868
0.6932308673858643
0.6932439208030701
0.6932984590530396
0.6932564973831177
0.6931782960891724
0.6932640075683594
0.6931672096252441
0.6932386755943298
0.6932750940322876
0.693239688873291
0.6932201385498047
0.6932114958763123
0.693254828453064
0.6932078003883362
0.6933010816574097
0.6931973695755005
0.6933202147483826
0.6932063102722168
0.6931852102279663
0.6932426691055298
0.6931999325752258
0.6932623386383057
0.6932290196418762
0.693280816078186