test data loss : 0.6931659579277039
test data accyracy : 0.5

training history accuracy
0.503333330154419
0.5006250143051147
0.48875001072883606
0.49791666865348816
0.5020833611488342
0.5020833611488342
0.49291667342185974
0.49416667222976685
0.49291667342185974
0.5020833611488342
0.5020833611488342
0.5020833611488342
0.4945833384990692
0.5020833611488342
0.5020833611488342
0.5020833611488342
0.5020833611488342
0.4962500035762787
0.5020833611488342
0.5020833611488342
0.49416667222976685
0.4925000071525574
0.5020833611488342
0.5020833611488342
0.5020833611488342
0.5020833611488342
0.4937500059604645
0.5020833611488342
0.5020833611488342
0.4970833361148834
0.5020833611488342

training history val accuracy
0.5083333253860474
0.5083333253860474
0.5083333253860474
0.49166667461395264
0.49166667461395264
0.49166667461395264
0.49166667461395264
0.49166667461395264
0.49166667461395264
0.49166667461395264
0.49166667461395264
0.49166667461395264
0.49166667461395264
0.49166667461395264
0.49166667461395264
0.49166667461395264
0.49166667461395264
0.49166667461395264
0.49166667461395264
0.49166667461395264
0.49166667461395264
0.49166667461395264
0.49166667461395264
0.49166667461395264
0.49166667461395264
0.49166667461395264
0.49166667461395264
0.49166667461395264
0.49166667461395264
0.49166667461395264
0.49166667461395264

training history loss
0.6991558074951172
0.6933213472366333
0.6932299733161926
0.6931931376457214
0.6932072043418884
0.6931807398796082
0.693181037902832
0.6931896209716797
0.6935707330703735
0.6931673884391785
0.6931991577148438
0.6932036280632019
0.693166971206665
0.693172812461853
0.6932117342948914
0.6931669116020203
0.6931809782981873
0.6931673884391785
0.693178117275238
0.693230390548706
0.6931891441345215
0.6931883096694946
0.6931873559951782
0.6931642889976501
0.6931784152984619
0.6931768655776978
0.6931957602500916
0.6931646466255188
0.693164587020874
0.6931664943695068
0.6931726336479187

training history val loss
0.6930598616600037
0.6930950284004211
0.6930988430976868
0.6931506991386414
0.6932020783424377
0.6931759715080261
0.6931692361831665
0.6933848857879639
0.6931895017623901
0.6932141780853271
0.6931876540184021
0.6931854486465454
0.6932044625282288
0.6931998133659363
0.6932658553123474
0.6932011842727661
0.6932324171066284
0.693206787109375
0.6932294964790344
0.6932241916656494
0.6931751370429993
0.6932392716407776
0.6932241320610046
0.6932112574577332
0.6932616829872131
0.6932238936424255
0.6931977272033691
0.6932018995285034
0.6932318806648254
0.6932490468025208
0.6932279467582703