test data loss : 0.6931679248809814
test data accyracy : 0.5

training history accuracy
0.49541667103767395
0.49791666865348816
0.49791666865348816
0.47833332419395447
0.5020833611488342
0.49791666865348816
0.5020833611488342
0.4945833384990692
0.4950000047683716
0.5020833611488342
0.5020833611488342
0.5020833611488342
0.49166667461395264
0.5020833611488342
0.5020833611488342
0.5020833611488342
0.5020833611488342
0.5020833611488342
0.5020833611488342
0.5020833611488342
0.49125000834465027
0.5020833611488342
0.4958333373069763
0.5020833611488342
0.5020833611488342
0.48500001430511475
0.4975000023841858
0.5020833611488342
0.4870833456516266
0.5020833611488342
0.5020833611488342
0.5020833611488342

training history val accuracy
0.5083333253860474
0.5083333253860474
0.5083333253860474
0.49166667461395264
0.49166667461395264
0.49166667461395264
0.49166667461395264
0.49166667461395264
0.49166667461395264
0.49166667461395264
0.49166667461395264
0.49166667461395264
0.49166667461395264
0.49166667461395264
0.49166667461395264
0.49166667461395264
0.49166667461395264
0.49166667461395264
0.49166667461395264
0.49166667461395264
0.49166667461395264
0.49166667461395264
0.49166667461395264
0.49166667461395264
0.49166667461395264
0.49166667461395264
0.49166667461395264
0.49166667461395264
0.49166667461395264
0.49166667461395264
0.49166667461395264
0.49166667461395264

training history loss
0.694308340549469
0.6937844753265381
0.6932332515716553
0.6932843327522278
0.6931855082511902
0.6931754946708679
0.6932263374328613
0.6932268142700195
0.6931814551353455
0.6931800842285156
0.6931862235069275
0.6931659579277039
0.6932030320167542
0.6931604743003845
0.6932291984558105
0.6932017207145691
0.6931867003440857
0.6931769251823425
0.693170428276062
0.6931664347648621
0.6931986808776855
0.6931710839271545
0.6931758522987366
0.6931859254837036
0.6931740641593933
0.6932050585746765
0.6931679248809814
0.6931751370429993
0.6932269334793091
0.6931986212730408
0.6931700706481934
0.6931784749031067

training history val loss
0.693116307258606
0.6930606365203857
0.6931214928627014
0.6931868195533752
0.6932151317596436
0.6931769847869873
0.6932123899459839
0.6932000517845154
0.6932451128959656
0.6932468414306641
0.693234384059906
0.6931970715522766
0.6932265162467957
0.6932385563850403
0.6932448744773865
0.6932690143585205
0.6931881904602051
0.6932147145271301
0.693234384059906
0.6932511925697327
0.69317227602005
0.6932514309883118
0.6932233572006226
0.6932164430618286
0.6932108998298645
0.6931875944137573
0.6932201981544495
0.6932481527328491
0.6931536793708801
0.6932946443557739
0.6932281255722046
0.6932059526443481