test data loss : 0.6931494474411011
test data accyracy : 0.5

training history accuracy
0.5020833611488342
0.5008333325386047
0.49125000834465027
0.5020833611488342
0.5020833611488342
0.5020833611488342
0.5020833611488342
0.5020833611488342
0.5020833611488342
0.5020833611488342
0.4945833384990692
0.5020833611488342
0.5020833611488342
0.5020833611488342
0.5020833611488342
0.5020833611488342
0.5020833611488342
0.5020833611488342
0.5020833611488342
0.5020833611488342
0.5020833611488342
0.492083340883255
0.5020833611488342
0.5020833611488342
0.5020833611488342
0.5020833611488342
0.5020833611488342
0.5020833611488342
0.5020833611488342
0.5020833611488342
0.5020833611488342

training history val accuracy
0.5083333253860474
0.49166667461395264
0.49166667461395264
0.49166667461395264
0.49166667461395264
0.49166667461395264
0.49166667461395264
0.49166667461395264
0.49166667461395264
0.49166667461395264
0.49166667461395264
0.49166667461395264
0.49166667461395264
0.49166667461395264
0.49166667461395264
0.49166667461395264
0.49166667461395264
0.49166667461395264
0.49166667461395264
0.49166667461395264
0.49166667461395264
0.49166667461395264
0.49166667461395264
0.49166667461395264
0.49166667461395264
0.49166667461395264
0.49166667461395264
0.49166667461395264
0.49166667461395264
0.49166667461395264
0.49166667461395264

training history loss
0.6939086318016052
0.6931908130645752
0.6931912302970886
0.693153977394104
0.6931853890419006
0.6931794881820679
0.6931854486465454
0.6931695342063904
0.6931750774383545
0.6931704878807068
0.6931774616241455
0.6931781768798828
0.6931643486022949
0.6931576728820801
0.693276047706604
0.6931747198104858
0.693195641040802
0.6931666731834412
0.6931657791137695
0.6931538581848145
0.6931846737861633
0.6932017803192139
0.6931481957435608
0.6931625604629517
0.6931962966918945
0.6931647062301636
0.6931663155555725
0.6932143568992615
0.6931947469711304
0.6931800246238708
0.693210244178772

training history val loss
0.6931113004684448
0.6932293772697449
0.6931607127189636
0.6932405233383179
0.6932617425918579
0.693286120891571
0.6931877732276917
0.693202555179596
0.6932652592658997
0.6932521462440491
0.6931608319282532
0.6931946277618408
0.6932374835014343
0.693217396736145
0.6932782530784607
0.6931650638580322
0.6931766867637634
0.6931819319725037
0.6931930184364319
0.6932162642478943
0.6932364106178284
0.6931877732276917
0.6932328343391418
0.6932632327079773
0.6932352185249329
0.6932563185691833
0.6932203769683838
0.6932628154754639
0.6932175159454346
0.6931965351104736
0.6932042837142944