test data loss : 0.6931432485580444
test data accyracy : 0.5

training history accuracy
0.49000000953674316
0.49437499046325684
0.4885416626930237
0.4987500011920929
0.4945833384990692
0.5020833611488342
0.49000000953674316
0.4933333396911621
0.5020833611488342
0.5020833611488342
0.5020833611488342
0.4958333373069763
0.4866666793823242
0.5020833611488342
0.48625001311302185
0.5020833611488342
0.49166667461395264
0.5020833611488342
0.5020833611488342
0.49416667222976685
0.5020833611488342
0.5020833611488342
0.48625001311302185
0.4962500035762787
0.492083340883255
0.49041667580604553
0.4908333420753479
0.5020833611488342
0.5020833611488342
0.5020833611488342
0.4866666793823242
0.4858333468437195

training history val accuracy
0.49166667461395264
0.49166667461395264
0.49166667461395264
0.49166667461395264
0.49166667461395264
0.49166667461395264
0.49166667461395264
0.49166667461395264
0.49166667461395264
0.49166667461395264
0.49166667461395264
0.49166667461395264
0.49166667461395264
0.49166667461395264
0.49166667461395264
0.49166667461395264
0.49166667461395264
0.49166667461395264
0.49166667461395264
0.49166667461395264
0.49166667461395264
0.49166667461395264
0.49166667461395264
0.49166667461395264
0.49166667461395264
0.49166667461395264
0.49166667461395264
0.49166667461395264
0.49166667461395264
0.49166667461395264
0.49166667461395264
0.49166667461395264

training history loss
0.6959810256958008
0.6932169795036316
0.69318687915802
0.6932722330093384
0.6932142376899719
0.6932368874549866
0.6932131052017212
0.6932163238525391
0.693207859992981
0.6931764483451843
0.693191647529602
0.6932093501091003
0.6932889223098755
0.6932196617126465
0.6932485699653625
0.6931867599487305
0.6931822299957275
0.6931857466697693
0.6931936144828796
0.693216860294342
0.6931711435317993
0.6931844353675842
0.6932453513145447
0.6931923031806946
0.6932260990142822
0.6932596564292908
0.6933387517929077
0.6931769251823425
0.6932492852210999
0.6931878328323364
0.6932708024978638
0.693254828453064

training history val loss
0.6931849718093872
0.6931487321853638
0.6932924389839172
0.6932945251464844
0.6933391094207764
0.6932071447372437
0.6932761073112488
0.6932498216629028
0.693259596824646
0.6932987570762634
0.6931564807891846
0.6931852698326111
0.6931645274162292
0.6931991577148438
0.6933274269104004
0.6931781768798828
0.6932156085968018
0.6932786703109741
0.6932982206344604
0.6931818127632141
0.6931915879249573
0.6932073831558228
0.6932725310325623
0.6932099461555481
0.6933150291442871
0.6933850049972534
0.6931777596473694
0.6932613253593445
0.6932602524757385
0.6932777166366577
0.6932344436645508
0.6932036876678467