test data loss : 0.6931484341621399
test data accyracy : 0.5

training history accuracy
0.503333330154419
0.5020833611488342
0.5020833611488342
0.5020833611488342
0.49000000953674316
0.5020833611488342
0.49166667461395264
0.4908333420753479
0.5020833611488342
0.5020833611488342
0.5020833611488342
0.5020833611488342
0.5020833611488342
0.5020833611488342
0.5020833611488342
0.5020833611488342
0.47999998927116394
0.5020833611488342
0.5020833611488342
0.5020833611488342
0.5020833611488342
0.5020833611488342
0.5020833611488342
0.5020833611488342
0.5020833611488342
0.48875001072883606
0.5020833611488342
0.5020833611488342
0.5020833611488342
0.4937500059604645
0.5020833611488342
0.5020833611488342
0.4945833384990692
0.5020833611488342
0.5020833611488342
0.5020833611488342
0.5020833611488342
0.5020833611488342
0.4970833361148834
0.5020833611488342
0.49541667103767395
0.5020833611488342
0.49291667342185974
0.5020833611488342
0.49416667222976685
0.4983333349227905
0.4983333349227905
0.5020833611488342
0.5020833611488342
0.5020833611488342
0.4945833384990692
0.5020833611488342
0.5020833611488342
0.5020833611488342
0.5020833611488342
0.4937500059604645
0.5020833611488342
0.5020833611488342
0.5020833611488342
0.4937500059604645

training history val accuracy
0.49166667461395264
0.49166667461395264
0.49166667461395264
0.49166667461395264
0.49166667461395264
0.49166667461395264
0.49166667461395264
0.49166667461395264
0.49166667461395264
0.49166667461395264
0.49166667461395264
0.49166667461395264
0.49166667461395264
0.49166667461395264
0.49166667461395264
0.49166667461395264
0.49166667461395264
0.49166667461395264
0.49166667461395264
0.49166667461395264
0.49166667461395264
0.49166667461395264
0.49166667461395264
0.49166667461395264
0.49166667461395264
0.49166667461395264
0.49166667461395264
0.49166667461395264
0.49166667461395264
0.49166667461395264
0.49166667461395264
0.49166667461395264
0.49166667461395264
0.49166667461395264
0.49166667461395264
0.49166667461395264
0.49166667461395264
0.49166667461395264
0.49166667461395264
0.49166667461395264
0.49166667461395264
0.49166667461395264
0.49166667461395264
0.49166667461395264
0.49166667461395264
0.49166667461395264
0.49166667461395264
0.49166667461395264
0.49166667461395264
0.49166667461395264
0.49166667461395264
0.49166667461395264
0.49166667461395264
0.49166667461395264
0.49166667461395264
0.49166667461395264
0.49166667461395264
0.49166667461395264
0.49166667461395264
0.49166667461395264

training history loss
0.6982190012931824
0.6932018995285034
0.6931644082069397
0.6931938529014587
0.69318026304245
0.6931532621383667
0.6932037472724915
0.6931875348091125
0.693240761756897
0.6932162642478943
0.6931736469268799
0.6931625008583069
0.693196713924408
0.6932011246681213
0.6931677460670471
0.6931933760643005
0.6932289600372314
0.6931719183921814
0.6931721568107605
0.6931697726249695
0.6931847333908081
0.6931742429733276
0.6931862235069275
0.6931610703468323
0.6931822896003723
0.693191409111023
0.6931631565093994
0.6931598782539368
0.693189263343811
0.6931794285774231
0.6931722164154053
0.6931660771369934
0.6931861639022827
0.6931803822517395
0.6931853294372559
0.6932511925697327
0.6931759715080261
0.6932001113891602
0.6931583881378174
0.6932045221328735
0.6931666731834412
0.6931831240653992
0.6931964159011841
0.6932101249694824
0.6931845545768738
0.69317227602005
0.693179726600647
0.6931630969047546
0.6931736469268799
0.6933109760284424
0.6932073831558228
0.6931705474853516
0.6931641101837158
0.6931705474853516
0.6932397484779358
0.6932107210159302
0.6931831240653992
0.6931777000427246
0.6931700706481934
0.6931954622268677

training history val loss
0.6932706832885742
0.6933006048202515
0.6932560801506042
0.6932196617126465
0.693193793296814
0.6932440400123596
0.6932058334350586
0.6932134032249451
0.6932602524757385
0.6932052969932556
0.6931827068328857
0.6932221055030823
0.693248987197876
0.6932235360145569
0.6932468414306641
0.6932153105735779
0.6931782364845276
0.693274974822998
0.6931993961334229
0.6931999325752258
0.6932991147041321
0.6932191252708435
0.6931806206703186
0.6932150721549988
0.6932353973388672
0.6931889057159424
0.6932404637336731
0.6932340264320374
0.6931850910186768
0.6931743621826172
0.6932302117347717
0.6932271718978882
0.693272054195404
0.6932652592658997
0.6931828260421753
0.6932350397109985
0.6931830048561096
0.6931869983673096
0.6931906342506409
0.6932602524757385
0.6932016015052795
0.6932042241096497
0.6931968331336975
0.6932637691497803
0.6932270526885986
0.6932082176208496
0.6932613253593445
0.6932669281959534
0.6932411789894104
0.6932468414306641
0.6931934356689453
0.6931895613670349
0.6932196617126465
0.6932225227355957
0.6932525634765625
0.6932509541511536
0.6932435035705566
0.6932894587516785
0.6932319402694702
0.6932001113891602