test data loss : 0.6931471824645996
test data accyracy : 0.5

training history accuracy
0.4989583194255829
0.5014583468437195
0.5020833611488342
0.4820833206176758
0.4945833384990692
0.5020833611488342
0.5020833611488342
0.5020833611488342
0.49166667461395264
0.5020833611488342
0.4937500059604645
0.5020833611488342
0.5020833611488342
0.5020833611488342
0.5020833611488342
0.4883333444595337
0.5020833611488342
0.5020833611488342
0.5020833611488342
0.4937500059604645
0.5020833611488342
0.5020833611488342
0.5020833611488342
0.5020833611488342
0.5020833611488342
0.5020833611488342
0.49791666865348816
0.5020833611488342
0.5020833611488342
0.5020833611488342
0.49041667580604553
0.5020833611488342
0.5020833611488342
0.5020833611488342
0.4925000071525574
0.49541667103767395
0.49541667103767395
0.5020833611488342
0.5020833611488342
0.5020833611488342
0.49416667222976685
0.5020833611488342
0.5020833611488342
0.5020833611488342
0.5020833611488342
0.4958333373069763
0.5020833611488342
0.5020833611488342
0.5020833611488342
0.5020833611488342
0.5020833611488342
0.5020833611488342
0.49541667103767395
0.5020833611488342
0.5020833611488342
0.5020833611488342
0.5020833611488342
0.4866666793823242
0.5008333325386047
0.5020833611488342
0.49166667461395264
0.5020833611488342
0.5020833611488342
0.5020833611488342
0.5020833611488342
0.4891666769981384
0.5020833611488342
0.5020833611488342
0.4962500035762787
0.5020833611488342
0.492083340883255
0.5020833611488342
0.5020833611488342
0.5020833611488342
0.5020833611488342
0.5020833611488342
0.49041667580604553
0.5020833611488342
0.5020833611488342
0.4925000071525574
0.5020833611488342
0.5020833611488342
0.5020833611488342
0.4908333420753479
0.5020833611488342
0.5020833611488342
0.5020833611488342
0.5020833611488342

training history val accuracy
0.49166667461395264
0.49166667461395264
0.49166667461395264
0.49166667461395264
0.49166667461395264
0.49166667461395264
0.49166667461395264
0.49166667461395264
0.49166667461395264
0.49166667461395264
0.49166667461395264
0.49166667461395264
0.49166667461395264
0.49166667461395264
0.49166667461395264
0.49166667461395264
0.49166667461395264
0.49166667461395264
0.49166667461395264
0.49166667461395264
0.49166667461395264
0.49166667461395264
0.49166667461395264
0.49166667461395264
0.49166667461395264
0.49166667461395264
0.49166667461395264
0.49166667461395264
0.49166667461395264
0.49166667461395264
0.49166667461395264
0.49166667461395264
0.49166667461395264
0.49166667461395264
0.49166667461395264
0.49166667461395264
0.49166667461395264
0.49166667461395264
0.49166667461395264
0.49166667461395264
0.49166667461395264
0.49166667461395264
0.49166667461395264
0.49166667461395264
0.49166667461395264
0.49166667461395264
0.49166667461395264
0.49166667461395264
0.49166667461395264
0.49166667461395264
0.49166667461395264
0.49166667461395264
0.49166667461395264
0.49166667461395264
0.49166667461395264
0.49166667461395264
0.49166667461395264
0.5083333253860474
0.49166667461395264
0.49166667461395264
0.49166667461395264
0.49166667461395264
0.49166667461395264
0.49166667461395264
0.49166667461395264
0.49166667461395264
0.49166667461395264
0.49166667461395264
0.49166667461395264
0.49166667461395264
0.49166667461395264
0.49166667461395264
0.49166667461395264
0.49166667461395264
0.49166667461395264
0.49166667461395264
0.49166667461395264
0.49166667461395264
0.49166667461395264
0.49166667461395264
0.49166667461395264
0.49166667461395264
0.49166667461395264
0.49166667461395264
0.49166667461395264
0.49166667461395264
0.49166667461395264
0.49166667461395264

training history loss
0.7052475214004517
0.6932282447814941
0.6931993365287781
0.6932263970375061
0.6931972503662109
0.6932503581047058
0.6931546926498413
0.693218469619751
0.6931919455528259
0.6931626200675964
0.693169355392456
0.6931824088096619
0.6932032108306885
0.6931765079498291
0.6931934952735901
0.693190336227417
0.6931615471839905
0.6931667327880859
0.6931761503219604
0.6931918859481812
0.693164050579071
0.6931760311126709
0.6931921243667603
0.6931840777397156
0.6931689381599426
0.6931710243225098
0.6931774616241455
0.6932137608528137
0.6931748390197754
0.6931679844856262
0.6931858062744141
0.6931660175323486
0.6931743025779724
0.6932304501533508
0.6931601762771606
0.6931742429733276
0.6932015419006348
0.6931684613227844
0.6931721568107605
0.6931725144386292
0.6931667923927307
0.6931625008583069
0.6931689977645874
0.6931586861610413
0.693180501461029
0.6931750774383545
0.6931750774383545
0.6931701898574829
0.6931743621826172
0.6931681036949158
0.6931833624839783
0.6932247281074524
0.6931906938552856
0.6931853890419006
0.6931883692741394
0.6931859850883484
0.6932628154754639
0.6931715607643127
0.6931672096252441
0.6931806802749634
0.6932135820388794
0.6931957006454468
0.6931998133659363
0.6931764483451843
0.6932045817375183
0.6931725740432739
0.6931952834129333
0.6931722164154053
0.6932176947593689
0.6931828260421753
0.6931777596473694
0.6931625604629517
0.693177342414856
0.6931517720222473
0.6931845545768738
0.6932123303413391
0.6932032108306885
0.6932255029678345
0.6931643486022949
0.6932026147842407
0.6931648254394531
0.6931972503662109
0.6931774020195007
0.6931926012039185
0.6932034492492676
0.6931649446487427
0.6931625008583069
0.6931827068328857

training history val loss
0.6934788227081299
0.6933518648147583
0.693215548992157
0.6932007670402527
0.6932638883590698
0.6932485699653625
0.6931982636451721
0.693217933177948
0.6932244300842285
0.6932085156440735
0.6932332515716553
0.6931936740875244
0.6932239532470703
0.6932302117347717
0.6932024359703064
0.6932060122489929
0.6932054758071899
0.6932212710380554
0.6931906342506409
0.6932148337364197
0.6932541131973267
0.6932757496833801
0.693223774433136
0.6932580471038818
0.6932466626167297
0.6932123899459839
0.6932067275047302
0.693228542804718
0.6931889057159424
0.6932136416435242
0.6932149529457092
0.6932030320167542
0.6932506561279297
0.6932548880577087
0.6931778192520142
0.6932322382926941
0.6932682991027832
0.6932178735733032
0.6932273507118225
0.6932279467582703
0.6931793689727783
0.6932409405708313
0.6932172775268555
0.693210780620575
0.693211555480957
0.6931847333908081
0.6931850910186768
0.6932100653648376
0.6932269334793091
0.693198025226593
0.6932275891304016
0.6932548880577087
0.6932274699211121
0.6932420134544373
0.6932317018508911
0.6931806802749634
0.6932148337364197
0.6931453347206116
0.6932048797607422
0.6932665705680847
0.6932408809661865
0.6932246685028076
0.6932291984558105
0.6931877136230469
0.6932125687599182
0.6931554675102234
0.6932194232940674
0.6932394504547119
0.6932374238967896
0.6932041645050049
0.693203866481781
0.6932335495948792
0.6932823657989502
0.6932212710380554
0.6932637691497803
0.6932140588760376
0.6932055950164795
0.6932722330093384
0.6931882500648499
0.6932651400566101
0.6932361125946045
0.6932030320167542
0.693239688873291
0.6931858062744141
0.6932226419448853
0.6931847333908081
0.6932660937309265
0.6932426691055298