test data loss : 0.6931468844413757
test data accyracy : 0.5

training history accuracy
0.49958333373069763
0.4958333373069763
0.5008333325386047
0.5020833611488342
0.4950000047683716
0.5020833611488342
0.5020833611488342
0.49166667461395264
0.5020833611488342
0.5020833611488342
0.5020833611488342
0.5020833611488342
0.4958333373069763
0.4975000023841858
0.5020833611488342
0.5020833611488342
0.5020833611488342
0.5020833611488342
0.49291667342185974
0.5020833611488342
0.4879166781902313
0.5020833611488342
0.5020833611488342
0.5020833611488342
0.5020833611488342
0.5020833611488342
0.4958333373069763
0.5020833611488342
0.5020833611488342
0.5020833611488342
0.5020833611488342
0.5020833611488342

training history val accuracy
0.49166667461395264
0.5083333253860474
0.49166667461395264
0.49166667461395264
0.49166667461395264
0.49166667461395264
0.49166667461395264
0.49166667461395264
0.49166667461395264
0.49166667461395264
0.49166667461395264
0.49166667461395264
0.49166667461395264
0.49166667461395264
0.49166667461395264
0.49166667461395264
0.49166667461395264
0.49166667461395264
0.49166667461395264
0.49166667461395264
0.49166667461395264
0.49166667461395264
0.49166667461395264
0.49166667461395264
0.49166667461395264
0.49166667461395264
0.49166667461395264
0.49166667461395264
0.49166667461395264
0.49166667461395264
0.49166667461395264
0.49166667461395264

training history loss
0.6949570775032043
0.6933100819587708
0.6932128071784973
0.6931866407394409
0.6931609511375427
0.693175733089447
0.6931792497634888
0.6931877136230469
0.6931914687156677
0.6931897401809692
0.6931789517402649
0.6932089328765869
0.6931629180908203
0.6931652426719666
0.6931873559951782
0.6931931972503662
0.6931732296943665
0.6932069659233093
0.69316166639328
0.6931868195533752
0.6932332515716553
0.6931715607643127
0.69317626953125
0.6931858062744141
0.6931691765785217
0.6931729912757874
0.6931949257850647
0.693198561668396
0.6931658983230591
0.6932016015052795
0.693168580532074
0.6931732892990112

training history val loss
0.6932553648948669
0.6931420564651489
0.6932195425033569
0.6931752562522888
0.693193793296814
0.6931904554367065
0.6932001113891602
0.6931659579277039
0.6932287216186523
0.6932666301727295
0.6932263970375061
0.6931909918785095
0.6931834816932678
0.6932777166366577
0.6932582855224609
0.6932225227355957
0.6932479739189148
0.6931726932525635
0.6931881904602051
0.6931939721107483
0.6932587027549744
0.6932799220085144
0.6932528018951416
0.6932427883148193
0.6932226419448853
0.6932162642478943
0.69325190782547
0.6932506561279297
0.6932580471038818
0.6932888031005859
0.6932134628295898
0.6932060122489929