test data loss : 0.6931474208831787
test data accyracy : 0.5

training history accuracy
0.5037500262260437
0.4958333373069763
0.5020833611488342
0.5020833611488342
0.4962500035762787
0.5020833611488342
0.48875001072883606
0.5020833611488342
0.5020833611488342
0.5020833611488342
0.49416667222976685
0.4937500059604645
0.5020833611488342
0.5020833611488342
0.5020833611488342
0.4883333444595337
0.5020833611488342
0.5020833611488342
0.5020833611488342
0.49291667342185974
0.5020833611488342
0.5020833611488342
0.4866666793823242
0.5020833611488342
0.5020833611488342
0.5020833611488342
0.48500001430511475
0.5020833611488342
0.5020833611488342
0.5020833611488342
0.5020833611488342
0.5020833611488342
0.5020833611488342
0.5020833611488342
0.5020833611488342
0.4925000071525574
0.5020833611488342
0.5020833611488342
0.5020833611488342
0.5020833611488342
0.5020833611488342
0.5020833611488342
0.5020833611488342
0.4937500059604645
0.5020833611488342
0.5020833611488342
0.4958333373069763
0.5020833611488342
0.5020833611488342
0.5020833611488342
0.5020833611488342
0.5020833611488342
0.5020833611488342

training history val accuracy
0.49166667461395264
0.49166667461395264
0.49166667461395264
0.49166667461395264
0.49166667461395264
0.49166667461395264
0.49166667461395264
0.49166667461395264
0.49166667461395264
0.49166667461395264
0.49166667461395264
0.49166667461395264
0.49166667461395264
0.49166667461395264
0.49166667461395264
0.49166667461395264
0.49166667461395264
0.49166667461395264
0.49166667461395264
0.49166667461395264
0.49166667461395264
0.49166667461395264
0.49166667461395264
0.49166667461395264
0.49166667461395264
0.49166667461395264
0.49166667461395264
0.49166667461395264
0.49166667461395264
0.49166667461395264
0.49166667461395264
0.49166667461395264
0.49166667461395264
0.49166667461395264
0.49166667461395264
0.49166667461395264
0.49166667461395264
0.49166667461395264
0.49166667461395264
0.49166667461395264
0.49166667461395264
0.49166667461395264
0.49166667461395264
0.49166667461395264
0.49166667461395264
0.49166667461395264
0.49166667461395264
0.49166667461395264
0.49166667461395264
0.49166667461395264
0.49166667461395264
0.49166667461395264
0.49166667461395264

training history loss
0.6960564851760864
0.6933680176734924
0.6931698322296143
0.6931779384613037
0.6932011246681213
0.6931606531143188
0.6931934952735901
0.6931672096252441
0.6931664943695068
0.6931657195091248
0.6932052373886108
0.6932207345962524
0.6931747198104858
0.6931837201118469
0.693172812461853
0.6932114958763123
0.6931699514389038
0.693169355392456
0.6931824684143066
0.6931771636009216
0.6932294964790344
0.69320148229599
0.69319087266922
0.6931842565536499
0.6931750774383545
0.693200409412384
0.6931934952735901
0.6931835412979126
0.6931790709495544
0.6931887865066528
0.6931837201118469
0.6931886672973633
0.6931705474853516
0.6931673884391785
0.6931853890419006
0.6932032704353333
0.6932042241096497
0.6931750178337097
0.6931703686714172
0.6931671500205994
0.6932374238967896
0.6931930780410767
0.6931635141372681
0.6931782364845276
0.693189263343811
0.6931548714637756
0.6931795477867126
0.6931658387184143
0.6931665539741516
0.6931830048561096
0.6931666135787964
0.6931865811347961
0.6931865811347961

training history val loss
0.693260133266449
0.6933250427246094
0.6932079195976257
0.6932623982429504
0.6931812763214111
0.6932104229927063
0.6932346224784851
0.6933063268661499
0.6932443976402283
0.6932159662246704
0.693169891834259
0.6932342648506165
0.693289577960968
0.6932066082954407
0.6932407021522522
0.6932382583618164
0.6933004856109619
0.6932346820831299
0.6931989789009094
0.693210780620575
0.693261444568634
0.693217396736145
0.6931599974632263
0.6932256817817688
0.6932092308998108
0.6931990385055542
0.6931955814361572
0.6932638883590698
0.6932674050331116
0.6932728290557861
0.6932571530342102
0.6932635307312012
0.6932287812232971
0.6932399272918701
0.6932413578033447
0.6932333111763
0.693239152431488
0.6931798458099365
0.6931920647621155
0.6932165622711182
0.6932722926139832
0.6932967305183411
0.6932034492492676
0.6932426691055298
0.6932287216186523
0.6932079195976257
0.6932293772697449
0.6932618021965027
0.6932896971702576
0.693196177482605
0.6932074427604675
0.6931939125061035
0.6932077407836914