1.000000000000000000e+00 7.534500032663344893e-01
2.000000000000000000e+00 8.552999943494796753e-01
3.000000000000000000e+00 9.411000013351440430e-01
4.000000000000000000e+00 8.845999956130981001e-01
5.000000000000000000e+00 8.359500020742416382e-01
6.000000000000000000e+00 7.965999990701675415e-01
7.000000000000000000e+00 7.479499965906143411e-01
8.000000000000000000e+00 6.872499972581863625e-01
9.000000000000000000e+00 6.310999989509582520e-01
1.000000000000000000e+01 5.946999967098236528e-01
1.100000000000000000e+01 5.480499982833861861e-01
