training history accuracy
0.5241666436195374
0.7085416913032532
0.7433333396911621
0.7777083516120911
0.7962499856948853
0.8100000023841858
0.8104166388511658
0.8202083110809326
0.8320833444595337
0.8510416746139526
0.846875011920929
0.8697916865348816
0.8737499713897705
0.8858333230018616
0.8954166769981384
0.9027083516120911
0.9160416722297668
0.9214583039283752
0.9347916841506958
0.9387500286102295
0.9443749785423279
0.9466666579246521
0.9535416960716248
0.9504166841506958
0.9616666436195374
0.9599999785423279
0.9683333039283752
0.9616666436195374
0.9725000262260437
0.9710416793823242
0.9695833325386047
0.9747916460037231
0.9741666913032532
0.9741666913032532
0.9735416769981384
0.9785416722297668
0.9737499952316284
0.9797916412353516
0.9822916388511658
0.981041669845581
0.981041669845581
0.9806249737739563
0.981458306312561
0.9831249713897705
0.981249988079071
0.9831249713897705
0.9831249713897705
0.9816666841506958
0.9889583587646484
0.9864583611488342
0.9820833206176758
0.9827083349227905
0.9862499833106995

training history val accuracy
0.49166667461395264
0.51583331823349
0.5083333253860474
0.49166667461395264
0.5083333253860474
0.5083333253860474
0.5216666460037231
0.49166667461395264
0.5433333516120911
0.6566666960716248
0.5091666579246521
0.49166667461395264
0.5099999904632568
0.628333330154419
0.49166667461395264
0.6991666555404663
0.6266666650772095
0.784166693687439
0.6766666769981384
0.5083333253860474
0.5266666412353516
0.5108333230018616
0.7916666865348816
0.5083333253860474
0.5099999904632568
0.6524999737739563
0.5099999904632568
0.5083333253860474
0.5799999833106995
0.5191666483879089
0.5133333206176758
0.6158333420753479
0.5091666579246521
0.51583331823349
0.6641666889190674
0.6416666507720947
0.5091666579246521
0.5083333253860474
0.5558333396911621
0.5083333253860474
0.6566666960716248
0.6050000190734863
0.5616666674613953
0.7975000143051147
0.7183333039283752
0.7400000095367432
0.5541666746139526
0.6516666412353516
0.5441666841506958
0.6424999833106995
0.5249999761581421
0.5691666603088379
0.5083333253860474

training history loss
0.7571203112602234
0.5734651684761047
0.5252933502197266
0.47822389006614685
0.45382359623908997
0.43002283573150635
0.41843411326408386
0.40848612785339355
0.3870479464530945
0.3598167300224304
0.35606709122657776
0.3238386809825897
0.3029111921787262
0.27936118841171265
0.2603066861629486
0.24646702408790588
0.21560867130756378
0.20427532494068146
0.1776832640171051
0.1635904610157013
0.15781034529209137
0.15183480083942413
0.12833788990974426
0.13415122032165527
0.11295781284570694
0.10869444161653519
0.09613653272390366
0.10646521300077438
0.08552206307649612
0.08685491234064102
0.09613649547100067
0.07468932867050171
0.08476494252681732
0.07559754699468613
0.07648824900388718
0.062291469424963
0.07529542595148087
0.06861907243728638
0.06010938808321953
0.05204351246356964
0.06172168254852295
0.0630374625325203
0.06082715839147568
0.054355740547180176
0.06433472782373428
0.04741011932492256
0.05841765180230141
0.06351388990879059
0.041213203221559525
0.0367981418967247
0.05210218206048012
0.05681996792554855
0.04195331409573555

training history val loss
4.501585483551025
1.1232742071151733
3.871947765350342
1.325661540031433
5.724946975708008
4.4346208572387695
0.7929381728172302
7.314206600189209
1.4735291004180908
1.0429542064666748
4.4014129638671875
2.7652976512908936
2.8187413215637207
1.590137243270874
14.949713706970215
0.6418257355690002
1.0966296195983887
0.7758593559265137
0.6901063323020935
7.1355485916137695
3.5171048641204834
4.4292893409729
0.6170897483825684
10.114757537841797
5.947058200836182
0.6355142593383789
8.951117515563965
8.751936912536621
3.0646438598632812
3.853116750717163
6.1928911209106445
1.4930667877197266
9.003366470336914
4.701692581176758
0.7024065852165222
0.9826019406318665
8.316582679748535
9.302083969116211
4.399446487426758
12.376220703125
2.2023651599884033
3.3915746212005615
4.7123565673828125
0.8832807540893555
1.575928807258606
1.305788516998291
2.77192759513855
2.6108076572418213
3.7011873722076416
1.334915280342102
3.866305351257324
3.271791696548462
11.411579132080078