test data loss : 0.6931473612785339
test data accyracy : 0.5

training history accuracy
0.4972916543483734
0.5020833611488342
0.5020833611488342
0.49416667222976685
0.5020833611488342
0.4958333373069763
0.5020833611488342
0.5020833611488342
0.5020833611488342
0.5020833611488342
0.5020833611488342
0.49666666984558105
0.5020833611488342
0.5020833611488342
0.5020833611488342
0.5020833611488342
0.5020833611488342
0.5020833611488342
0.49166667461395264
0.5020833611488342
0.5020833611488342
0.5020833611488342
0.5020833611488342
0.49000000953674316
0.5020833611488342
0.5020833611488342
0.5020833611488342
0.5020833611488342
0.48750001192092896
0.5020833611488342
0.5020833611488342
0.5020833611488342
0.5020833611488342
0.49166667461395264
0.5020833611488342
0.5020833611488342
0.5020833611488342
0.5020833611488342
0.5020833611488342
0.5020833611488342
0.4958333373069763
0.5020833611488342
0.5020833611488342
0.5020833611488342
0.5020833611488342
0.5020833611488342
0.5020833611488342
0.5020833611488342
0.5020833611488342
0.5020833611488342
0.5020833611488342
0.5020833611488342
0.5020833611488342
0.5020833611488342
0.5020833611488342
0.5020833611488342
0.49291667342185974
0.5020833611488342
0.5020833611488342
0.5020833611488342
0.5020833611488342
0.5020833611488342
0.4962500035762787
0.5020833611488342
0.5020833611488342
0.5020833611488342
0.4950000047683716
0.5020833611488342
0.5020833611488342
0.5020833611488342
0.5020833611488342
0.5020833611488342
0.49166667461395264
0.4962500035762787
0.5020833611488342
0.5020833611488342
0.5020833611488342
0.5020833611488342
0.5020833611488342
0.5020833611488342
0.5020833611488342
0.49166667461395264
0.5020833611488342
0.492083340883255
0.5020833611488342
0.5020833611488342
0.48750001192092896

training history val accuracy
0.49166667461395264
0.49166667461395264
0.49166667461395264
0.49166667461395264
0.49166667461395264
0.49166667461395264
0.49166667461395264
0.49166667461395264
0.49166667461395264
0.49166667461395264
0.49166667461395264
0.49166667461395264
0.49166667461395264
0.49166667461395264
0.49166667461395264
0.49166667461395264
0.49166667461395264
0.49166667461395264
0.49166667461395264
0.49166667461395264
0.49166667461395264
0.49166667461395264
0.49166667461395264
0.49166667461395264
0.49166667461395264
0.49166667461395264
0.49166667461395264
0.49166667461395264
0.49166667461395264
0.49166667461395264
0.49166667461395264
0.49166667461395264
0.49166667461395264
0.49166667461395264
0.49166667461395264
0.49166667461395264
0.49166667461395264
0.49166667461395264
0.49166667461395264
0.49166667461395264
0.49166667461395264
0.49166667461395264
0.49166667461395264
0.49166667461395264
0.49166667461395264
0.49166667461395264
0.49166667461395264
0.49166667461395264
0.49166667461395264
0.49166667461395264
0.49166667461395264
0.49166667461395264
0.49166667461395264
0.49166667461395264
0.49166667461395264
0.49166667461395264
0.49166667461395264
0.49166667461395264
0.49166667461395264
0.49166667461395264
0.49166667461395264
0.49166667461395264
0.49166667461395264
0.49166667461395264
0.49166667461395264
0.49166667461395264
0.49166667461395264
0.49166667461395264
0.49166667461395264
0.49166667461395264
0.49166667461395264
0.49166667461395264
0.49166667461395264
0.49166667461395264
0.49166667461395264
0.49166667461395264
0.49166667461395264
0.49166667461395264
0.49166667461395264
0.49166667461395264
0.49166667461395264
0.49166667461395264
0.49166667461395264
0.49166667461395264
0.49166667461395264
0.49166667461395264
0.49166667461395264

training history loss
0.6971968412399292
0.6931905150413513
0.6931685209274292
0.6931712031364441
0.6931833624839783
0.6931862831115723
0.6931912302970886
0.6931712031364441
0.6931860446929932
0.6931675672531128
0.6931620240211487
0.6931881308555603
0.6932011842727661
0.6932026743888855
0.6931896805763245
0.6931883692741394
0.6931788921356201
0.6931676268577576
0.6931782364845276
0.6932114958763123
0.6931707859039307
0.6931701302528381
0.6932024955749512
0.69319087266922
0.6931915283203125
0.6931653618812561
0.6931797862052917
0.6932323575019836
0.6932315826416016
0.6931933164596558
0.6931833028793335
0.6931642293930054
0.6931800246238708
0.693196177482605
0.6931834816932678
0.6931682825088501
0.6931819915771484
0.6931752562522888
0.693189799785614
0.6931783556938171
0.6931955218315125
0.6931616067886353
0.6932152509689331
0.6931561827659607
0.6931896805763245
0.6931670308113098
0.6931734085083008
0.6932095289230347
0.6931730508804321
0.6931601166725159
0.6931619048118591
0.6931577324867249
0.6931822299957275
0.6931888461112976
0.6931744813919067
0.6931759715080261
0.6931962966918945
0.693162202835083
0.6931859254837036
0.693190336227417
0.6932117342948914
0.6931765079498291
0.6931935548782349
0.6931792497634888
0.693177342414856
0.6932173371315002
0.6931856870651245
0.6931650042533875
0.6931774616241455
0.6931571364402771
0.6931695938110352
0.6931614279747009
0.6931943893432617
0.6931934952735901
0.693184494972229
0.6931736469268799
0.6932121515274048
0.6931862235069275
0.6931806206703186
0.693200945854187
0.6931731700897217
0.6932128071784973
0.6932165622711182
0.6932168006896973
0.6932309865951538
0.6931766271591187
0.6931959390640259

training history val loss
0.6931948065757751
0.6932571530342102
0.6932613253593445
0.6931840181350708
0.6932525634765625
0.6932064294815063
0.6932125091552734
0.6931872367858887
0.6932750344276428
0.69319748878479
0.6932300329208374
0.6931883096694946
0.6932507157325745
0.6932735443115234
0.6931902170181274
0.6932129263877869
0.6932324767112732
0.6932114958763123
0.6932228207588196
0.6932319402694702
0.6932007670402527
0.6932496428489685
0.6932016611099243
0.6932277679443359
0.6932024359703064
0.6932412981987
0.6931701898574829
0.6932693719863892
0.6932290196418762
0.6931877732276917
0.693229615688324
0.6932883858680725
0.6932458877563477
0.6932206153869629
0.6931915283203125
0.6932048201560974
0.6932144165039062
0.69319748878479
0.6932404637336731
0.6932504773139954
0.6931920051574707
0.6932471990585327
0.6932393908500671
0.6932017207145691
0.6931752562522888
0.6932366490364075
0.6932185888290405
0.6932838559150696
0.6932126879692078
0.6931830644607544
0.6932135224342346
0.6932080984115601
0.6931953430175781
0.693215548992157
0.6932031512260437
0.69317626953125
0.6931571364402771
0.6932509541511536
0.6932246088981628
0.6932247877120972
0.6931712031364441
0.6932174563407898
0.6932258009910583
0.6932246685028076
0.693192183971405
0.6931850910186768
0.6932069063186646
0.6932315826416016
0.6932290196418762
0.6932383179664612
0.6932586431503296
0.6932256817817688
0.6931753754615784
0.6932655572891235
0.6932427287101746
0.6932270526885986
0.6931988596916199
0.6932440400123596
0.6931965947151184
0.6932749152183533
0.6931673288345337
0.6932145357131958
0.6932361125946045
0.6931840777397156
0.693206250667572
0.6931996941566467
0.6931883692741394