test data loss : 0.6931473612785339
test data accyracy : 0.5

training history accuracy
0.4987500011920929
0.4908333420753479
0.4883333444595337
0.4970833361148834
0.5020833611488342
0.5020833611488342
0.49166667461395264
0.5020833611488342
0.5020833611488342
0.5020833611488342
0.49041667580604553
0.5020833611488342
0.5020833611488342
0.4885416626930237
0.5020833611488342
0.5020833611488342
0.5020833611488342
0.4933333396911621
0.5020833611488342
0.5020833611488342
0.5020833611488342
0.5020833611488342
0.49291667342185974
0.5020833611488342
0.5020833611488342
0.5020833611488342
0.4891666769981384
0.5020833611488342
0.5020833611488342
0.5020833611488342
0.5020833611488342
0.49166667461395264
0.5020833611488342
0.5020833611488342
0.48750001192092896
0.5020833611488342
0.5020833611488342
0.4845833480358124
0.5020833611488342
0.5020833611488342
0.5020833611488342
0.5020833611488342
0.5020833611488342
0.4895833432674408
0.4925000071525574
0.5020833611488342
0.5020833611488342
0.4958333373069763
0.5020833611488342
0.5020833611488342
0.4870833456516266
0.5020833611488342
0.5020833611488342
0.49000000953674316
0.5020833611488342
0.4945833384990692
0.4933333396911621
0.4950000047683716
0.5020833611488342
0.5020833611488342
0.4975000023841858
0.48750001192092896
0.5020833611488342
0.5020833611488342
0.4958333373069763
0.5020833611488342
0.5020833611488342
0.4962500035762787
0.4983333349227905
0.4925000071525574
0.5020833611488342
0.5020833611488342
0.5020833611488342
0.5020833611488342

training history val accuracy
0.49166667461395264
0.49166667461395264
0.49166667461395264
0.49166667461395264
0.49166667461395264
0.49166667461395264
0.49166667461395264
0.49166667461395264
0.49166667461395264
0.49166667461395264
0.49166667461395264
0.49166667461395264
0.49166667461395264
0.49166667461395264
0.49166667461395264
0.49166667461395264
0.49166667461395264
0.49166667461395264
0.49166667461395264
0.49166667461395264
0.49166667461395264
0.49166667461395264
0.49166667461395264
0.49166667461395264
0.49166667461395264
0.49166667461395264
0.49166667461395264
0.49166667461395264
0.49166667461395264
0.49166667461395264
0.49166667461395264
0.49166667461395264
0.49166667461395264
0.49166667461395264
0.49166667461395264
0.49166667461395264
0.49166667461395264
0.49166667461395264
0.49166667461395264
0.49166667461395264
0.49166667461395264
0.49166667461395264
0.49166667461395264
0.5083333253860474
0.49166667461395264
0.49166667461395264
0.49166667461395264
0.49166667461395264
0.49166667461395264
0.49166667461395264
0.49166667461395264
0.49166667461395264
0.49166667461395264
0.49166667461395264
0.49166667461395264
0.49166667461395264
0.49166667461395264
0.49166667461395264
0.49166667461395264
0.49166667461395264
0.49166667461395264
0.49166667461395264
0.49166667461395264
0.49166667461395264
0.49166667461395264
0.49166667461395264
0.49166667461395264
0.49166667461395264
0.49166667461395264
0.49166667461395264
0.49166667461395264
0.49166667461395264
0.49166667461395264
0.49166667461395264

training history loss
0.6977753043174744
0.6931906938552856
0.6932072043418884
0.6934573650360107
0.6932001113891602
0.6931976079940796
0.6932386755943298
0.6931706070899963
0.6931912302970886
0.6931475400924683
0.6931892037391663
0.6931813359260559
0.693194568157196
0.6932060718536377
0.693177342414856
0.6932382583618164
0.6931871175765991
0.6932135224342346
0.6931953430175781
0.6931827068328857
0.6931676268577576
0.6931677460670471
0.6931973099708557
0.6931825280189514
0.6932002902030945
0.6931607723236084
0.6932165622711182
0.6931812167167664
0.6931695342063904
0.6931720972061157
0.6931483745574951
0.6932132840156555
0.6932998895645142
0.6931682825088501
0.6931711435317993
0.693174421787262
0.6931691765785217
0.6933106780052185
0.6931936740875244
0.6931620240211487
0.6931943297386169
0.6931799054145813
0.6932079792022705
0.6932156085968018
0.6931822896003723
0.6931713819503784
0.6931777000427246
0.6931833624839783
0.6931864619255066
0.6931663155555725
0.6932189464569092
0.6931827664375305
0.6931747794151306
0.693191647529602
0.6932145357131958
0.6932386159896851
0.6931770443916321
0.693192183971405
0.6931936740875244
0.6931757926940918
0.6931830048561096
0.6932044625282288
0.6931924223899841
0.6932440400123596
0.6931635737419128
0.6931620836257935
0.693182647228241
0.6931716799736023
0.6931955814361572
0.6931778788566589
0.6931609511375427
0.693173348903656
0.6931785941123962
0.6931615471839905

training history val loss
0.6931793093681335
0.69317227602005
0.6932891011238098
0.6932714581489563
0.6932049989700317
0.6931968927383423
0.6932187676429749
0.6932023167610168
0.6932374238967896
0.6931937336921692
0.693193256855011
0.6932877898216248
0.6932644248008728
0.6931799650192261
0.6932687759399414
0.6932525038719177
0.6932199597358704
0.6932225227355957
0.693256139755249
0.6932085752487183
0.6932206749916077
0.6932225227355957
0.6932451128959656
0.6932106614112854
0.693237841129303
0.693254828453064
0.6932216286659241
0.693274974822998
0.693225622177124
0.6932759881019592
0.6932017207145691
0.6931703090667725
0.6932172775268555
0.6931664943695068
0.6932176351547241
0.6932427287101746
0.6932650804519653
0.6932896971702576
0.6932628750801086
0.6932305693626404
0.6932066082954407
0.6931825876235962
0.6932256817817688
0.6931402087211609
0.6932092905044556
0.6932200789451599
0.6932702660560608
0.6932069659233093
0.6932148337364197
0.6932671666145325
0.6932256817817688
0.6932433247566223
0.6932646036148071
0.6931971907615662
0.6932581067085266
0.6931684613227844
0.6932385563850403
0.6932651996612549
0.6932253241539001
0.6932141780853271
0.6932180523872375
0.6931838989257812
0.6932239532470703
0.6931878328323364
0.6931989192962646
0.6932365894317627
0.6932278871536255
0.6932153105735779
0.6932095885276794
0.6932675838470459
0.6932440400123596
0.693221926689148
0.6931657195091248
0.6932206153869629