test data loss : 0.6931511163711548
test data accyracy : 0.5

training history accuracy
0.49958333373069763
0.48875001072883606
0.4972916543483734
0.5020833611488342
0.5020833611488342
0.5020833611488342
0.5020833611488342
0.5020833611488342
0.5020833611488342
0.5020833611488342
0.5020833611488342
0.5020833611488342
0.5020833611488342
0.4908333420753479
0.5020833611488342
0.49291667342185974
0.49541667103767395
0.5020833611488342
0.5020833611488342
0.4945833384990692
0.5020833611488342
0.5020833611488342
0.4933333396911621
0.5020833611488342
0.5020833611488342
0.4925000071525574
0.5020833611488342
0.4962500035762787
0.5020833611488342
0.5020833611488342
0.5020833611488342

training history val accuracy
0.5083333253860474
0.5083333253860474
0.49166667461395264
0.49166667461395264
0.49166667461395264
0.49166667461395264
0.49166667461395264
0.49166667461395264
0.49166667461395264
0.49166667461395264
0.49166667461395264
0.49166667461395264
0.49166667461395264
0.49166667461395264
0.49166667461395264
0.49166667461395264
0.49166667461395264
0.49166667461395264
0.49166667461395264
0.49166667461395264
0.49166667461395264
0.49166667461395264
0.49166667461395264
0.49166667461395264
0.49166667461395264
0.49166667461395264
0.49166667461395264
0.49166667461395264
0.49166667461395264
0.49166667461395264
0.49166667461395264

training history loss
0.6943932175636292
0.6931954026222229
0.6932010054588318
0.6931837201118469
0.6931936144828796
0.6931688189506531
0.6931580305099487
0.6931620240211487
0.6932037472724915
0.693175733089447
0.6931622624397278
0.693183422088623
0.6931760907173157
0.6932030320167542
0.6931729316711426
0.693187952041626
0.6932103037834167
0.69317227602005
0.6932085156440735
0.6931856274604797
0.6932073831558228
0.6931628584861755
0.6932187080383301
0.6931613087654114
0.6931846141815186
0.6932108998298645
0.6931772232055664
0.6931836605072021
0.6931972503662109
0.6931490302085876
0.6931811571121216

training history val loss
0.6931133270263672
0.6931384205818176
0.6931878328323364
0.693192720413208
0.6931871771812439
0.693189263343811
0.6931921243667603
0.6931938529014587
0.6932333111763
0.6931678652763367
0.6932079792022705
0.6932012438774109
0.6932290196418762
0.6932399272918701
0.6932814121246338
0.693228542804718
0.6933040618896484
0.6932891607284546
0.6932674050331116
0.6932308077812195
0.6931814551353455
0.6932156085968018
0.6931822896003723
0.6932721734046936
0.6932603716850281
0.6932366490364075
0.6932855248451233
0.6932381987571716
0.693215012550354
0.6932629346847534
0.6932438611984253