test data loss : 0.6931473612785339
test data accyracy : 0.5

training history accuracy
0.5022916793823242
0.4858333468437195
0.5020833611488342
0.5020833611488342
0.5020833611488342
0.5020833611488342
0.49791666865348816
0.5020833611488342
0.5020833611488342
0.4945833384990692
0.5020833611488342
0.5020833611488342
0.5020833611488342
0.4891666769981384
0.4866666793823242
0.49916666746139526
0.5020833611488342
0.5020833611488342
0.5020833611488342
0.5020833611488342
0.5020833611488342
0.5020833611488342
0.5020833611488342
0.5020833611488342
0.5020833611488342
0.49958333373069763
0.4925000071525574
0.5020833611488342
0.5020833611488342
0.5020833611488342
0.4937500059604645
0.5020833611488342
0.5020833611488342
0.5020833611488342
0.5020833611488342
0.5020833611488342
0.5020833611488342
0.5020833611488342
0.4975000023841858
0.5020833611488342
0.5020833611488342
0.4925000071525574
0.5020833611488342
0.5020833611488342
0.5020833611488342
0.5020833611488342
0.5020833611488342
0.5020833611488342
0.4925000071525574
0.5020833611488342
0.5020833611488342
0.4962500035762787
0.5020833611488342
0.5020833611488342
0.4908333420753479
0.5020833611488342

training history val accuracy
0.49166667461395264
0.49166667461395264
0.49166667461395264
0.49166667461395264
0.49166667461395264
0.49166667461395264
0.49166667461395264
0.49166667461395264
0.49166667461395264
0.49166667461395264
0.49166667461395264
0.49166667461395264
0.49166667461395264
0.49166667461395264
0.49166667461395264
0.49166667461395264
0.49166667461395264
0.49166667461395264
0.49166667461395264
0.49166667461395264
0.49166667461395264
0.49166667461395264
0.49166667461395264
0.49166667461395264
0.49166667461395264
0.49166667461395264
0.49166667461395264
0.49166667461395264
0.49166667461395264
0.49166667461395264
0.49166667461395264
0.49166667461395264
0.49166667461395264
0.49166667461395264
0.49166667461395264
0.49166667461395264
0.49166667461395264
0.49166667461395264
0.49166667461395264
0.49166667461395264
0.49166667461395264
0.49166667461395264
0.49166667461395264
0.49166667461395264
0.49166667461395264
0.49166667461395264
0.49166667461395264
0.49166667461395264
0.49166667461395264
0.49166667461395264
0.49166667461395264
0.49166667461395264
0.49166667461395264
0.49166667461395264
0.49166667461395264
0.49166667461395264

training history loss
0.7022333145141602
0.693206250667572
0.6931708455085754
0.6931910514831543
0.6931824088096619
0.6931569576263428
0.6931787133216858
0.6931795477867126
0.6931726336479187
0.6931849718093872
0.6931736469268799
0.6931957602500916
0.6931709051132202
0.6931758522987366
0.6932323575019836
0.6932141780853271
0.6931968927383423
0.6931624412536621
0.6931554675102234
0.6931864619255066
0.693152666091919
0.6931865215301514
0.6931958794593811
0.6931877136230469
0.6931742429733276
0.6931719183921814
0.6931926608085632
0.6931627988815308
0.6931886076927185
0.693168580532074
0.6931712627410889
0.6931653618812561
0.6931684613227844
0.6931746602058411
0.693175196647644
0.6931667923927307
0.693159818649292
0.693175733089447
0.6931804418563843
0.6931806802749634
0.6932140588760376
0.6933141350746155
0.6931732892990112
0.6931836009025574
0.6931807994842529
0.6931551098823547
0.6932437419891357
0.6931933164596558
0.6931678652763367
0.6931514143943787
0.6931645274162292
0.6931937336921692
0.693189799785614
0.6932014226913452
0.6932061910629272
0.6931578516960144

training history val loss
0.6931989789009094
0.6931858062744141
0.693240225315094
0.693217933177948
0.6932469010353088
0.6931958794593811
0.6932175159454346
0.6933047771453857
0.6932342648506165
0.6932188868522644
0.6932520270347595
0.6932485103607178
0.6932084560394287
0.6932078003883362
0.6932320594787598
0.6932840347290039
0.6932225227355957
0.6933064460754395
0.6932486295700073
0.6932529211044312
0.6932176947593689
0.6931692361831665
0.6932423710823059
0.6932626366615295
0.6932114362716675
0.6931549310684204
0.6932280659675598
0.6932374835014343
0.6931928396224976
0.6932386159896851
0.6932410597801208
0.6932355761528015
0.6932703256607056
0.6932749152183533
0.6931996941566467
0.6932017803192139
0.6931970715522766
0.6932494640350342
0.6932206153869629
0.6932037472724915
0.6933118104934692
0.6932061910629272
0.6932748556137085
0.6932353377342224
0.6932578682899475
0.6931982040405273
0.6932209134101868
0.6931624412536621
0.6931840777397156
0.6932175755500793
0.6931959986686707
0.693250298500061
0.6932195425033569
0.6932643055915833
0.6932036280632019
0.693228542804718