test data loss : 0.6931496262550354
test data accyracy : 0.5

training history accuracy
0.49166667461395264
0.48625001311302185
0.492083340883255
0.5020833611488342
0.5020833611488342
0.5020833611488342
0.5020833611488342
0.5020833611488342
0.5020833611488342
0.5020833611488342
0.5020833611488342
0.5020833611488342
0.5020833611488342
0.5020833611488342
0.5020833611488342
0.5020833611488342
0.5020833611488342
0.5020833611488342
0.48875001072883606
0.5024999976158142
0.5020833611488342
0.5020833611488342
0.5020833611488342
0.5020833611488342
0.49041667580604553
0.5020833611488342
0.5020833611488342
0.5020833611488342
0.49166667461395264
0.5020833611488342
0.5020833611488342

training history val accuracy
0.5083333253860474
0.49166667461395264
0.49166667461395264
0.49166667461395264
0.49166667461395264
0.49166667461395264
0.49166667461395264
0.49166667461395264
0.49166667461395264
0.49166667461395264
0.49166667461395264
0.49166667461395264
0.49166667461395264
0.49166667461395264
0.49166667461395264
0.49166667461395264
0.49166667461395264
0.49166667461395264
0.5083333253860474
0.49166667461395264
0.49166667461395264
0.49166667461395264
0.49166667461395264
0.49166667461395264
0.49166667461395264
0.49166667461395264
0.49166667461395264
0.49166667461395264
0.49166667461395264
0.49166667461395264
0.49166667461395264

training history loss
0.6961762309074402
0.6932361125946045
0.6931665539741516
0.6931854486465454
0.6931792497634888
0.6931890845298767
0.6931591033935547
0.6931663751602173
0.6931742429733276
0.6931785941123962
0.6931632161140442
0.6931819915771484
0.6931914687156677
0.6931660771369934
0.6931580901145935
0.6931939125061035
0.6931757926940918
0.6931736469268799
0.6932250261306763
0.6932165026664734
0.693170428276062
0.693174421787262
0.6931953430175781
0.6931927800178528
0.6931909918785095
0.6932047009468079
0.6931743621826172
0.6932006478309631
0.6932231187820435
0.6931650042533875
0.6931970715522766

training history val loss
0.6931129693984985
0.6931912899017334
0.6931821703910828
0.6932489275932312
0.6932655572891235
0.6932401061058044
0.6932368278503418
0.693219006061554
0.6932384967803955
0.6932366490364075
0.6932327151298523
0.6932163238525391
0.6932355165481567
0.6931778192520142
0.6932138800621033
0.6932128071784973
0.6932217478752136
0.6932011842727661
0.6931455731391907
0.6932483315467834
0.6931942105293274
0.6932136416435242
0.6932682394981384
0.693192183971405
0.6932135224342346
0.6932727098464966
0.6932290196418762
0.6932627558708191
0.6932117938995361
0.6932615637779236
0.6932134628295898