test data loss : 0.693161129951477
test data accyracy : 0.5

training history accuracy
0.5062500238418579
0.49812498688697815
0.4945833384990692
0.49416667222976685
0.4925000071525574
0.5020833611488342
0.5020833611488342
0.49125000834465027
0.4937500059604645
0.49666666984558105
0.4937500059604645
0.5020833611488342
0.49291667342185974
0.5020833611488342
0.4879166781902313
0.492083340883255
0.5020833611488342
0.5020833611488342
0.5037500262260437
0.49666666984558105
0.49166667461395264
0.5020833611488342
0.4908333420753479
0.5020833611488342
0.4962500035762787
0.5020833611488342
0.5020833611488342
0.4829166531562805
0.4958333373069763
0.5020833611488342
0.5020833611488342
0.48249998688697815
0.4962500035762787
0.5020833611488342
0.5020833611488342
0.4962500035762787
0.5020833611488342
0.5020833611488342
0.49958333373069763
0.5020833611488342
0.5020833611488342
0.4970833361148834
0.5020833611488342
0.5020833611488342
0.4895833432674408
0.5020833611488342
0.5020833611488342
0.4958333373069763
0.5020833611488342
0.5020833611488342
0.4925000071525574
0.5020833611488342
0.5020833611488342
0.5020833611488342
0.4925000071525574
0.5020833611488342
0.4883333444595337
0.5020833611488342
0.48875001072883606
0.5020833611488342
0.492083340883255
0.5020833611488342

training history val accuracy
0.49166667461395264
0.49166667461395264
0.49166667461395264
0.49166667461395264
0.49166667461395264
0.49166667461395264
0.49166667461395264
0.49166667461395264
0.49166667461395264
0.49166667461395264
0.49166667461395264
0.49166667461395264
0.49166667461395264
0.49166667461395264
0.49166667461395264
0.49166667461395264
0.49166667461395264
0.49166667461395264
0.5083333253860474
0.49166667461395264
0.49166667461395264
0.49166667461395264
0.49166667461395264
0.49166667461395264
0.49166667461395264
0.49166667461395264
0.49166667461395264
0.5083333253860474
0.49166667461395264
0.49166667461395264
0.49166667461395264
0.5083333253860474
0.49166667461395264
0.49166667461395264
0.49166667461395264
0.49166667461395264
0.49166667461395264
0.49166667461395264
0.49166667461395264
0.49166667461395264
0.49166667461395264
0.49166667461395264
0.49166667461395264
0.49166667461395264
0.49166667461395264
0.49166667461395264
0.49166667461395264
0.49166667461395264
0.49166667461395264
0.49166667461395264
0.49166667461395264
0.49166667461395264
0.49166667461395264
0.49166667461395264
0.49166667461395264
0.49166667461395264
0.49166667461395264
0.49166667461395264
0.49166667461395264
0.49166667461395264
0.49166667461395264
0.49166667461395264

training history loss
0.7050358057022095
0.6934475898742676
0.6932093501091003
0.6932505965232849
0.6932451128959656
0.6931918859481812
0.693182110786438
0.69325852394104
0.6932157278060913
0.6932018995285034
0.693212628364563
0.6932768225669861
0.6932255625724792
0.6932410597801208
0.6931996941566467
0.6932273507118225
0.6932042837142944
0.693217396736145
0.6932588815689087
0.6932098269462585
0.6932141184806824
0.6932409405708313
0.6932569146156311
0.693224310874939
0.6931846737861633
0.693189263343811
0.693182110786438
0.6932653784751892
0.6932889819145203
0.6932154297828674
0.6932374835014343
0.6932986974716187
0.6931754350662231
0.6931750178337097
0.6931611895561218
0.6931865215301514
0.693149983882904
0.6931620836257935
0.6931726336479187
0.693188488483429
0.6931766867637634
0.6931846737861633
0.6931813955307007
0.6931793093681335
0.6932150721549988
0.693202793598175
0.6931841969490051
0.693190336227417
0.6931768655776978
0.693218469619751
0.693193256855011
0.6931695342063904
0.6931599378585815
0.6931800842285156
0.6932153105735779
0.6931739449501038
0.6932066082954407
0.6931934356689453
0.6931926608085632
0.693235456943512
0.6932281255722046
0.6932096481323242

training history val loss
0.6932389140129089
0.6931715607643127
0.6931660771369934
0.6932958364486694
0.6931827664375305
0.6931962966918945
0.6931648850440979
0.6932215094566345
0.6931729316711426
0.6932063102722168
0.6934294700622559
0.6932621598243713
0.6932926177978516
0.6933112144470215
0.693210244178772
0.6933184266090393
0.6933136582374573
0.6931688189506531
0.6930975317955017
0.6932002305984497
0.6932274103164673
0.6933150291442871
0.6931623220443726
0.6932690143585205
0.6932492852210999
0.6931858658790588
0.693196713924408
0.6931432485580444
0.6933168172836304
0.6932958960533142
0.693207323551178
0.693073034286499
0.6931555867195129
0.6932253241539001
0.6932050585746765
0.6931765675544739
0.6932732462882996
0.6932744979858398
0.6932241916656494
0.693250298500061
0.6932440996170044
0.693198025226593
0.6932386159896851
0.6932265162467957
0.6931506395339966
0.6931760907173157
0.6932276487350464
0.6931831240653992
0.6932240128517151
0.6933267116546631
0.6932339072227478
0.6931948065757751
0.693199098110199
0.6932041049003601
0.693225085735321
0.6932543516159058
0.6931663751602173
0.6933284997940063
0.6931847929954529
0.6932306289672852
0.6932076215744019
0.6931883096694946