test data loss : 0.6931474208831787
test data accyracy : 0.5

training history accuracy
0.4983333349227905
0.49958333373069763
0.5020833611488342
0.5020833611488342
0.49291667342185974
0.5020833611488342
0.5020833611488342
0.5020833611488342
0.5020833611488342
0.49291667342185974
0.49958333373069763
0.5020833611488342
0.49791666865348816
0.5020833611488342
0.5020833611488342
0.5020833611488342
0.5020833611488342
0.5020833611488342
0.5020833611488342
0.5020833611488342
0.49125000834465027
0.5020833611488342
0.5020833611488342
0.5020833611488342
0.4933333396911621
0.4962500035762787
0.5020833611488342
0.5020833611488342
0.5020833611488342
0.5020833611488342
0.5020833611488342
0.4925000071525574
0.5020833611488342
0.5020833611488342
0.5020833611488342
0.5020833611488342
0.5020833611488342
0.49000000953674316
0.5020833611488342
0.5020833611488342

training history val accuracy
0.49166667461395264
0.49166667461395264
0.49166667461395264
0.49166667461395264
0.49166667461395264
0.49166667461395264
0.49166667461395264
0.49166667461395264
0.49166667461395264
0.5083333253860474
0.49166667461395264
0.49166667461395264
0.49166667461395264
0.49166667461395264
0.49166667461395264
0.49166667461395264
0.49166667461395264
0.49166667461395264
0.49166667461395264
0.49166667461395264
0.49166667461395264
0.49166667461395264
0.49166667461395264
0.49166667461395264
0.49166667461395264
0.49166667461395264
0.49166667461395264
0.49166667461395264
0.49166667461395264
0.49166667461395264
0.49166667461395264
0.49166667461395264
0.49166667461395264
0.49166667461395264
0.49166667461395264
0.49166667461395264
0.49166667461395264
0.49166667461395264
0.49166667461395264
0.49166667461395264

training history loss
0.6951169967651367
0.6932035088539124
0.6931771636009216
0.6932007074356079
0.6931996941566467
0.6931825876235962
0.6931670904159546
0.6931626796722412
0.6932206749916077
0.6931854486465454
0.6931511163711548
0.693164050579071
0.6931747794151306
0.6932004690170288
0.693189263343811
0.6931570172309875
0.6931673884391785
0.6931806802749634
0.693157434463501
0.6931760907173157
0.6931797862052917
0.6932091116905212
0.6931880712509155
0.6931676864624023
0.6932020783424377
0.6931748986244202
0.6931979656219482
0.6931915283203125
0.693193256855011
0.6931614279747009
0.6931665539741516
0.6932334899902344
0.6931838989257812
0.6931958198547363
0.693160355091095
0.6931600570678711
0.6932314038276672
0.693236768245697
0.6931695342063904
0.6932076811790466

training history val loss
0.6932381987571716
0.6931888461112976
0.6932875514030457
0.6932125091552734
0.6931809186935425
0.6932693123817444
0.6932045221328735
0.6931949853897095
0.6931766271591187
0.6931378841400146
0.6931772828102112
0.6932364702224731
0.6932309865951538
0.6933245658874512
0.693237841129303
0.6932469010353088
0.6932224631309509
0.6931803822517395
0.6931953430175781
0.693212628364563
0.6931890249252319
0.6932401061058044
0.6932365298271179
0.6932105422019958
0.6932178735733032
0.6932516098022461
0.6932408809661865
0.693251371383667
0.6932641267776489
0.6931887865066528
0.6931731700897217
0.6932163834571838
0.69330233335495
0.693249523639679
0.6932798027992249
0.6932675838470459
0.6931840181350708
0.6933217644691467
0.6932588815689087
0.6932793855667114