test data loss : 0.6931487321853638
test data accyracy : 0.5

training history accuracy
0.49000000953674316
0.5020833611488342
0.49958333373069763
0.5020833611488342
0.5020833611488342
0.5020833611488342
0.5020833611488342
0.5020833611488342
0.5020833611488342
0.5020833611488342
0.5020833611488342
0.5020833611488342
0.49125000834465027
0.5020833611488342
0.5020833611488342
0.5020833611488342
0.5020833611488342
0.5020833611488342
0.5020833611488342
0.5020833611488342
0.5020833611488342
0.5020833611488342
0.5020833611488342
0.5020833611488342
0.5020833611488342
0.5020833611488342
0.4958333373069763
0.5020833611488342
0.5020833611488342
0.49666666984558105
0.492083340883255
0.5020833611488342
0.5020833611488342

training history val accuracy
0.49166667461395264
0.49166667461395264
0.49166667461395264
0.49166667461395264
0.49166667461395264
0.49166667461395264
0.49166667461395264
0.49166667461395264
0.49166667461395264
0.49166667461395264
0.49166667461395264
0.49166667461395264
0.49166667461395264
0.49166667461395264
0.49166667461395264
0.49166667461395264
0.49166667461395264
0.49166667461395264
0.49166667461395264
0.49166667461395264
0.49166667461395264
0.49166667461395264
0.49166667461395264
0.49166667461395264
0.49166667461395264
0.49166667461395264
0.49166667461395264
0.49166667461395264
0.49166667461395264
0.49166667461395264
0.49166667461395264
0.49166667461395264
0.49166667461395264

training history loss
0.6950281262397766
0.6931663155555725
0.6931923627853394
0.6931727528572083
0.6931611895561218
0.6931660771369934
0.693181037902832
0.6931718587875366
0.6931803822517395
0.6931595802307129
0.6932082772254944
0.6931823492050171
0.6932017803192139
0.6931664347648621
0.6931697726249695
0.6931797862052917
0.6931626200675964
0.6931592226028442
0.6931955218315125
0.6932078003883362
0.6931682825088501
0.6931604743003845
0.6931949853897095
0.6931650042533875
0.6931708455085754
0.6932000517845154
0.693198561668396
0.6931703686714172
0.6931741237640381
0.6931776404380798
0.6931938529014587
0.6931794285774231
0.6931771636009216

training history val loss
0.693257749080658
0.6931970119476318
0.6931791305541992
0.6932306885719299
0.6932355165481567
0.6932527422904968
0.6932485103607178
0.69320148229599
0.6931938529014587
0.6932073831558228
0.693202555179596
0.6932621598243713
0.6932302713394165
0.6932178139686584
0.6932066082954407
0.6932135820388794
0.6932274103164673
0.6932386159896851
0.6932314038276672
0.6932157278060913
0.6932138800621033
0.6932440400123596
0.6932060122489929
0.6932414174079895
0.6932369470596313
0.6931992173194885
0.6932380795478821
0.6932286024093628
0.6932535767555237
0.6932125687599182
0.6932616829872131
0.6932302117347717
0.6932831406593323