test data loss : 0.6931518912315369
test data accyracy : 0.5

training history accuracy
0.5020833611488342
0.5004166960716248
0.5020833611488342
0.5020833611488342
0.5020833611488342
0.4895833432674408
0.5020833611488342
0.5020833611488342
0.4895833432674408
0.5020833611488342
0.4870833456516266
0.5020833611488342
0.5020833611488342
0.5020833611488342
0.5020833611488342
0.5020833611488342
0.5020833611488342
0.5020833611488342
0.5020833611488342
0.4925000071525574
0.48374998569488525
0.5020833611488342
0.5020833611488342
0.5020833611488342
0.5020833611488342
0.4933333396911621
0.49125000834465027
0.5020833611488342
0.4975000023841858
0.49166667461395264
0.5020833611488342

training history val accuracy
0.5083333253860474
0.49166667461395264
0.49166667461395264
0.49166667461395264
0.49166667461395264
0.49166667461395264
0.49166667461395264
0.49166667461395264
0.49166667461395264
0.49166667461395264
0.49166667461395264
0.49166667461395264
0.49166667461395264
0.49166667461395264
0.49166667461395264
0.49166667461395264
0.49166667461395264
0.49166667461395264
0.49166667461395264
0.49166667461395264
0.49166667461395264
0.49166667461395264
0.49166667461395264
0.49166667461395264
0.49166667461395264
0.49166667461395264
0.49166667461395264
0.49166667461395264
0.49166667461395264
0.49166667461395264
0.49166667461395264

training history loss
0.6950466632843018
0.6931702494621277
0.6931629180908203
0.6931810975074768
0.6931847929954529
0.6931765079498291
0.6931750774383545
0.6931719779968262
0.6931987404823303
0.6932028532028198
0.6932034492492676
0.6931908130645752
0.6931997537612915
0.6931790113449097
0.6931712627410889
0.6931653022766113
0.6931726932525635
0.6931635737419128
0.693169116973877
0.6931959390640259
0.693202018737793
0.6931695342063904
0.6931653618812561
0.6931965351104736
0.6931646466255188
0.6931858062744141
0.6931793689727783
0.6931806802749634
0.6931982636451721
0.693202555179596
0.6931690573692322

training history val loss
0.6931223273277283
0.6932001113891602
0.6932153701782227
0.6932334303855896
0.6931828856468201
0.6932114958763123
0.6933166980743408
0.6932740807533264
0.693236768245697
0.6932721138000488
0.6932209730148315
0.6932269334793091
0.6932197213172913
0.6932519674301147
0.6932056546211243
0.6932549476623535
0.6932347416877747
0.6932286024093628
0.6932361721992493
0.6932244896888733
0.6932010054588318
0.6932477355003357
0.6932359337806702
0.693210780620575
0.6932069659233093
0.6932209730148315
0.6932543516159058
0.6932492256164551
0.6932387948036194
0.6932280659675598
0.6932657361030579