test data loss : 0.6931480765342712
test data accyracy : 0.5

training history accuracy
0.4958333373069763
0.5020833611488342
0.5020833611488342
0.4970833361148834
0.5020833611488342
0.5020833611488342
0.4925000071525574
0.5020833611488342
0.5020833611488342
0.5020833611488342
0.5020833611488342
0.5020833611488342
0.4958333373069763
0.4933333396911621
0.5020833611488342
0.5020833611488342
0.4891666769981384
0.5020833611488342
0.5020833611488342
0.5020833611488342
0.5020833611488342
0.5020833611488342
0.5020833611488342
0.4895833432674408
0.5020833611488342
0.5020833611488342
0.5020833611488342
0.5020833611488342
0.5020833611488342
0.5020833611488342
0.4883333444595337
0.49291667342185974
0.5020833611488342
0.5020833611488342
0.5020833611488342
0.5020833611488342
0.5020833611488342
0.4933333396911621
0.5020833611488342
0.5020833611488342
0.49041667580604553
0.5020833611488342
0.4975000023841858
0.5020833611488342
0.5020833611488342
0.5020833611488342
0.5020833611488342
0.5020833611488342
0.4958333373069763
0.5020833611488342
0.5020833611488342
0.49166667461395264
0.5020833611488342
0.5020833611488342
0.5020833611488342

training history val accuracy
0.49166667461395264
0.49166667461395264
0.49166667461395264
0.49166667461395264
0.49166667461395264
0.49166667461395264
0.49166667461395264
0.49166667461395264
0.49166667461395264
0.49166667461395264
0.49166667461395264
0.49166667461395264
0.49166667461395264
0.49166667461395264
0.49166667461395264
0.49166667461395264
0.49166667461395264
0.49166667461395264
0.49166667461395264
0.49166667461395264
0.49166667461395264
0.49166667461395264
0.49166667461395264
0.49166667461395264
0.49166667461395264
0.49166667461395264
0.49166667461395264
0.49166667461395264
0.49166667461395264
0.49166667461395264
0.49166667461395264
0.49166667461395264
0.49166667461395264
0.49166667461395264
0.49166667461395264
0.49166667461395264
0.49166667461395264
0.49166667461395264
0.49166667461395264
0.49166667461395264
0.49166667461395264
0.49166667461395264
0.49166667461395264
0.49166667461395264
0.49166667461395264
0.49166667461395264
0.49166667461395264
0.49166667461395264
0.49166667461395264
0.49166667461395264
0.49166667461395264
0.49166667461395264
0.49166667461395264
0.49166667461395264
0.49166667461395264

training history loss
0.6934080123901367
0.6931812763214111
0.6931669116020203
0.6931749582290649
0.6931591033935547
0.6931662559509277
0.6931769251823425
0.693207859992981
0.6931727528572083
0.6931736469268799
0.6931739449501038
0.6931739449501038
0.6931763887405396
0.6931754946708679
0.693181574344635
0.6931594014167786
0.6932000517845154
0.6931781768798828
0.693175196647644
0.693199098110199
0.6931776404380798
0.6932110786437988
0.6931633353233337
0.6931701302528381
0.6932004690170288
0.69315105676651
0.6931922435760498
0.6931570172309875
0.6931619048118591
0.6931695342063904
0.6932035088539124
0.6932066082954407
0.6931785345077515
0.6932056546211243
0.6931801438331604
0.6931771039962769
0.6931692361831665
0.6931878328323364
0.6931727528572083
0.6931692361831665
0.6932191252708435
0.6931572556495667
0.6932116150856018
0.6931847929954529
0.6931701302528381
0.6931760907173157
0.6931747198104858
0.6931688189506531
0.6931717395782471
0.6931832432746887
0.6932114958763123
0.693210780620575
0.6931884288787842
0.6931602358818054
0.6931629180908203

training history val loss
0.6932333111763
0.6932148337364197
0.6932668685913086
0.6932068467140198
0.6932439804077148
0.6931918859481812
0.693211555480957
0.6932534575462341
0.6932418346405029
0.6932287812232971
0.6932489275932312
0.6932286024093628
0.6931877732276917
0.6932196617126465
0.6932772994041443
0.6931947469711304
0.6931760907173157
0.693200409412384
0.6932225227355957
0.6932810544967651
0.6931999921798706
0.6932353973388672
0.6932147741317749
0.6931803822517395
0.6931712627410889
0.6932257413864136
0.6931889057159424
0.6932336688041687
0.6932569146156311
0.6932322978973389
0.6932318210601807
0.6932728886604309
0.6933003664016724
0.6932850480079651
0.6932075023651123
0.6931788325309753
0.6931920647621155
0.6931754946708679
0.6932258009910583
0.6931973695755005
0.6931942105293274
0.6932458281517029
0.6932450532913208
0.6932945251464844
0.6931985020637512
0.6932030916213989
0.6932174563407898
0.6931959986686707
0.6932030320167542
0.6932346820831299
0.6932312846183777
0.693247377872467
0.693226158618927
0.6932662725448608
0.693231463432312