test data loss : 0.693149745464325
test data accyracy : 0.5

training history accuracy
0.5091666579246521
0.4983333349227905
0.4987500011920929
0.4987500011920929
0.4975000023841858
0.5020833611488342
0.5020833611488342
0.5020833611488342
0.5020833611488342
0.5020833611488342
0.4945833384990692
0.5020833611488342
0.5020833611488342
0.4962500035762787
0.5020833611488342
0.49416667222976685
0.4945833384990692
0.5020833611488342
0.5020833611488342
0.49166667461395264
0.5020833611488342
0.5020833611488342
0.5020833611488342
0.49291667342185974
0.5020833611488342
0.5020833611488342
0.4987500011920929
0.492083340883255
0.5020833611488342
0.5020833611488342
0.4879166781902313
0.5020833611488342

training history val accuracy
0.49166667461395264
0.5083333253860474
0.49166667461395264
0.5083333253860474
0.49166667461395264
0.49166667461395264
0.49166667461395264
0.49166667461395264
0.49166667461395264
0.49166667461395264
0.49166667461395264
0.49166667461395264
0.49166667461395264
0.49166667461395264
0.49166667461395264
0.49166667461395264
0.49166667461395264
0.49166667461395264
0.49166667461395264
0.49166667461395264
0.49166667461395264
0.49166667461395264
0.49166667461395264
0.49166667461395264
0.49166667461395264
0.49166667461395264
0.49166667461395264
0.49166667461395264
0.49166667461395264
0.49166667461395264
0.49166667461395264
0.49166667461395264

training history loss
0.6939536929130554
0.6933013200759888
0.6932318806648254
0.6932501196861267
0.6931676864624023
0.6932279467582703
0.6932330131530762
0.6931875348091125
0.6931998133659363
0.6931667923927307
0.6931887865066528
0.6931877136230469
0.6932041645050049
0.693181574344635
0.6932066082954407
0.693223774433136
0.69322270154953
0.6932153105735779
0.6931785345077515
0.6932145953178406
0.6931809782981873
0.6932024359703064
0.6932048797607422
0.6932187676429749
0.6932325959205627
0.6931705474853516
0.6931819915771484
0.6932239532470703
0.6932007074356079
0.6931649446487427
0.6931774616241455
0.6932621002197266

training history val loss
0.693292498588562
0.6931115984916687
0.6931917667388916
0.693115770816803
0.6931896209716797
0.6931799054145813
0.6932029128074646
0.6932117938995361
0.6932686567306519
0.69318026304245
0.693215012550354
0.6932324767112732
0.6931638717651367
0.6931540369987488
0.6932450532913208
0.6931549906730652
0.6932659149169922
0.6933225989341736
0.6932462453842163
0.6932247281074524
0.6932308673858643
0.6931893825531006
0.69326251745224
0.6932123899459839
0.6933090090751648
0.6932587623596191
0.6932267546653748
0.6932306289672852
0.6932729482650757
0.6932520866394043
0.6931504607200623
0.6932296752929688