test data loss : 0.6931472420692444
test data accyracy : 0.5

training history accuracy
0.5020833611488342
0.5012500286102295
0.492083340883255
0.4958333373069763
0.5020833611488342
0.492083340883255
0.4945833384990692
0.5020833611488342
0.5020833611488342
0.49416667222976685
0.49541667103767395
0.5020833611488342
0.5020833611488342
0.5020833611488342
0.49041667580604553
0.5020833611488342
0.4854166805744171
0.5020833611488342
0.5020833611488342
0.5020833611488342
0.492083340883255
0.5020833611488342
0.49041667580604553
0.502916693687439
0.5020833611488342
0.4925000071525574
0.5020833611488342
0.5020833611488342
0.5020833611488342
0.5020833611488342
0.5020833611488342
0.4870833456516266
0.5020833611488342
0.4937500059604645
0.5020833611488342
0.5020833611488342
0.5020833611488342
0.49000000953674316
0.49291667342185974
0.5020833611488342
0.5020833611488342
0.5020833611488342
0.5020833611488342
0.5020833611488342
0.4879166781902313
0.5020833611488342
0.5020833611488342
0.5020833611488342
0.5020833611488342
0.49125000834465027
0.5020833611488342
0.49541667103767395
0.5020833611488342

training history val accuracy
0.49166667461395264
0.49166667461395264
0.49166667461395264
0.49166667461395264
0.49166667461395264
0.49166667461395264
0.49166667461395264
0.49166667461395264
0.49166667461395264
0.49166667461395264
0.49166667461395264
0.49166667461395264
0.49166667461395264
0.49166667461395264
0.49166667461395264
0.49166667461395264
0.49166667461395264
0.49166667461395264
0.49166667461395264
0.49166667461395264
0.49166667461395264
0.49166667461395264
0.5083333253860474
0.49166667461395264
0.49166667461395264
0.49166667461395264
0.49166667461395264
0.49166667461395264
0.49166667461395264
0.49166667461395264
0.49166667461395264
0.49166667461395264
0.49166667461395264
0.49166667461395264
0.49166667461395264
0.49166667461395264
0.49166667461395264
0.49166667461395264
0.49166667461395264
0.49166667461395264
0.49166667461395264
0.49166667461395264
0.49166667461395264
0.49166667461395264
0.49166667461395264
0.49166667461395264
0.49166667461395264
0.49166667461395264
0.49166667461395264
0.49166667461395264
0.49166667461395264
0.49166667461395264
0.49166667461395264

training history loss
0.6945874094963074
0.6932172179222107
0.6932565569877625
0.6931938529014587
0.6931982040405273
0.6932342648506165
0.6931859850883484
0.6931885480880737
0.6932113170623779
0.6932306885719299
0.6931769251823425
0.6931535005569458
0.6932210922241211
0.6931764483451843
0.693207323551178
0.6932083368301392
0.6932167410850525
0.6931846737861633
0.6931618452072144
0.6931945085525513
0.6932124495506287
0.6931732296943665
0.6932470798492432
0.6932099461555481
0.6931671500205994
0.6931772828102112
0.6931666731834412
0.6931873559951782
0.693181037902832
0.6931878328323364
0.6931636929512024
0.6932048797607422
0.693182647228241
0.6931912899017334
0.6932064890861511
0.6932006478309631
0.6931641697883606
0.6932011246681213
0.6932148337364197
0.693178653717041
0.6931941509246826
0.6932041645050049
0.6931735873222351
0.6932352185249329
0.6932057738304138
0.6931607127189636
0.6931632161140442
0.693168580532074
0.6931823492050171
0.6931764483451843
0.6931865811347961
0.6931736469268799
0.6931591033935547

training history val loss
0.6933279633522034
0.693745493888855
0.6931583881378174
0.6931651830673218
0.6931936144828796
0.6932315826416016
0.6932135224342346
0.6932433843612671
0.693191409111023
0.6931729912757874
0.6932003498077393
0.6932448148727417
0.6932998895645142
0.6932361721992493
0.6932445764541626
0.6932340264320374
0.693203330039978
0.6932324171066284
0.6931988596916199
0.6932033896446228
0.6932173371315002
0.6932763457298279
0.6931397318840027
0.6932253837585449
0.6932134628295898
0.6932420134544373
0.6932318806648254
0.6932555437088013
0.6932715773582458
0.6932310461997986
0.6932617425918579
0.6931504607200623
0.6932228207588196
0.6932041645050049
0.6931794881820679
0.6932440400123596
0.6932258605957031
0.6932497620582581
0.6932533979415894
0.693271815776825
0.6932656764984131
0.6932719349861145
0.6932669878005981
0.6932811141014099
0.6931830644607544
0.6932324171066284
0.6932174563407898
0.6932626366615295
0.6932246088981628
0.6931927800178528
0.6932819485664368
0.6932089328765869
0.6932169198989868