test data loss : 0.6931487321853638
test data accyracy : 0.5

training history accuracy
0.49916666746139526
0.49791666865348816
0.49666666984558105
0.5020833611488342
0.5020833611488342
0.48500001430511475
0.5020833611488342
0.5020833611488342
0.4845833480358124
0.5020833611488342
0.49666666984558105
0.5020833611488342
0.5020833611488342
0.5020833611488342
0.49166667461395264
0.5020833611488342
0.49541667103767395
0.4879166781902313
0.5020833611488342
0.5020833611488342
0.5020833611488342
0.5020833611488342
0.5020833611488342
0.5020833611488342
0.4970833361148834
0.4933333396911621
0.5020833611488342
0.5020833611488342
0.4925000071525574
0.5020833611488342
0.5020833611488342
0.4845833480358124

training history val accuracy
0.49416667222976685
0.5083333253860474
0.49166667461395264
0.49166667461395264
0.49166667461395264
0.49166667461395264
0.49166667461395264
0.49166667461395264
0.49166667461395264
0.49166667461395264
0.49166667461395264
0.49166667461395264
0.49166667461395264
0.49166667461395264
0.49166667461395264
0.49166667461395264
0.49166667461395264
0.49166667461395264
0.49166667461395264
0.49166667461395264
0.49166667461395264
0.49166667461395264
0.49166667461395264
0.49166667461395264
0.49166667461395264
0.49166667461395264
0.49166667461395264
0.49166667461395264
0.49166667461395264
0.49166667461395264
0.49166667461395264
0.49166667461395264

training history loss
0.6979255676269531
0.6932705044746399
0.6933147311210632
0.6931877732276917
0.6931633353233337
0.6931933760643005
0.6931800246238708
0.6931737661361694
0.6931806802749634
0.6931877732276917
0.6931821703910828
0.6931973695755005
0.6931747794151306
0.6931726932525635
0.6932096481323242
0.693183958530426
0.6931855082511902
0.6932238936424255
0.6931701302528381
0.6931649446487427
0.6931790113449097
0.6932288408279419
0.6931498050689697
0.6931594610214233
0.6931871771812439
0.6932369470596313
0.6931738257408142
0.6931734085083008
0.6931771636009216
0.6931660175323486
0.6932145357131958
0.6932977437973022

training history val loss
0.6931398510932922
0.6931185722351074
0.693192183971405
0.693220317363739
0.6932147145271301
0.693220853805542
0.6932340264320374
0.6932587623596191
0.6931692957878113
0.693246603012085
0.6931867003440857
0.6932829022407532
0.693216860294342
0.6932402849197388
0.6932550072669983
0.6932109594345093
0.6931896805763245
0.6931833624839783
0.6932636499404907
0.6931771039962769
0.6932302117347717
0.6932764053344727
0.6931859850883484
0.693206787109375
0.6932170391082764
0.6931917071342468
0.6932409405708313
0.6932389140129089
0.6931851506233215
0.6932551860809326
0.6932474374771118
0.6933115124702454