test data loss : 0.6931477785110474
test data accyracy : 0.5

training history accuracy
0.4897916615009308
0.49000000953674316
0.48374998569488525
0.5020833611488342
0.5020833611488342
0.5020833611488342
0.5020833611488342
0.5020833611488342
0.5020833611488342
0.4858333468437195
0.5020833611488342
0.49541667103767395
0.5020833611488342
0.5020833611488342
0.5020833611488342
0.5020833611488342
0.5020833611488342
0.5020833611488342
0.5020833611488342
0.4841666519641876
0.5020833611488342
0.4891666769981384
0.5020833611488342
0.5020833611488342
0.5020833611488342
0.5020833611488342
0.5020833611488342
0.4970833361148834
0.49166667461395264
0.5020833611488342
0.5020833611488342

training history val accuracy
0.49166667461395264
0.49166667461395264
0.49166667461395264
0.49166667461395264
0.49166667461395264
0.49166667461395264
0.49166667461395264
0.49166667461395264
0.49166667461395264
0.49166667461395264
0.49166667461395264
0.49166667461395264
0.49166667461395264
0.49166667461395264
0.49166667461395264
0.49166667461395264
0.49166667461395264
0.49166667461395264
0.49166667461395264
0.49166667461395264
0.49166667461395264
0.49166667461395264
0.49166667461395264
0.49166667461395264
0.49166667461395264
0.49166667461395264
0.49166667461395264
0.49166667461395264
0.49166667461395264
0.49166667461395264
0.49166667461395264

training history loss
0.6939224004745483
0.6931767463684082
0.6932374238967896
0.6931888461112976
0.6931596994400024
0.6931809782981873
0.6931732892990112
0.6931742429733276
0.6931819915771484
0.693249523639679
0.6931748390197754
0.693207323551178
0.6931789517402649
0.6931602358818054
0.693171501159668
0.6931741237640381
0.6931511759757996
0.6931792497634888
0.6931614279747009
0.6932953596115112
0.6931935548782349
0.6932096481323242
0.6931983828544617
0.6931579113006592
0.6931841969490051
0.6932676434516907
0.6931868195533752
0.6931748986244202
0.6932162046432495
0.6931830644607544
0.6932037472724915

training history val loss
0.6931549310684204
0.6931664347648621
0.6931667327880859
0.6932804584503174
0.6931845545768738
0.693280816078186
0.6932100653648376
0.6932002305984497
0.6932525038719177
0.6932559013366699
0.6932885050773621
0.6932166218757629
0.6932722330093384
0.6932368278503418
0.6932026743888855
0.6932239532470703
0.693210780620575
0.6932435035705566
0.693252444267273
0.6932404637336731
0.6932746767997742
0.6932783722877502
0.6932790875434875
0.6932318806648254
0.6932432651519775
0.6932089328765869
0.6931783556938171
0.6932114362716675
0.6932628750801086
0.6932638883590698
0.6932264566421509