test data loss : 0.6934033632278442
test data accyracy : 0.5

training history accuracy
0.50020831823349
0.5199999809265137
0.49791666865348816
0.49958333373069763
0.4860416650772095
0.5020833611488342
0.5020833611488342
0.49000000953674316
0.5020833611488342
0.5020833611488342
0.5020833611488342
0.49125000834465027
0.5020833611488342
0.5020833611488342
0.5020833611488342
0.5020833611488342
0.5020833611488342
0.49916666746139526
0.4945833384990692
0.5020833611488342
0.5020833611488342
0.49041667580604553
0.5020833611488342
0.5020833611488342
0.5020833611488342
0.5020833611488342
0.5020833611488342
0.5020833611488342
0.4908333420753479
0.5020833611488342
0.49666666984558105
0.5020833611488342

training history val accuracy
0.49166667461395264
0.5083333253860474
0.5083333253860474
0.49166667461395264
0.49166667461395264
0.49166667461395264
0.49166667461395264
0.49166667461395264
0.49166667461395264
0.49166667461395264
0.49166667461395264
0.49166667461395264
0.49166667461395264
0.49166667461395264
0.49166667461395264
0.49166667461395264
0.49166667461395264
0.49166667461395264
0.49166667461395264
0.49166667461395264
0.49166667461395264
0.49166667461395264
0.49166667461395264
0.49166667461395264
0.49166667461395264
0.49166667461395264
0.49166667461395264
0.49166667461395264
0.49166667461395264
0.49166667461395264
0.49166667461395264
0.49166667461395264

training history loss
0.6948987245559692
0.6930346488952637
0.6933797001838684
0.6932413578033447
0.6932377815246582
0.6932103633880615
0.6931701302528381
0.6931736469268799
0.6931895613670349
0.693192720413208
0.6931781768798828
0.6931989789009094
0.69318026304245
0.693157970905304
0.6931570768356323
0.6932545304298401
0.6931657791137695
0.6931663751602173
0.6932238936424255
0.693228542804718
0.6932070255279541
0.6931853890419006
0.6931684613227844
0.6931722164154053
0.6931800842285156
0.6931711435317993
0.6931791305541992
0.6931564211845398
0.6931899785995483
0.6932018995285034
0.6932122111320496
0.6931706070899963

training history val loss
0.6931518912315369
0.6930640935897827
0.6931046843528748
0.6932836174964905
0.6931802034378052
0.6932412981987
0.6931723356246948
0.6932084560394287
0.6932502388954163
0.6932157874107361
0.6932167410850525
0.6931960582733154
0.6932183504104614
0.6931941509246826
0.6931969523429871
0.693266749382019
0.6932128071784973
0.6931551694869995
0.6932578682899475
0.6931933760643005
0.6932002305984497
0.6931856870651245
0.6932080984115601
0.6932257413864136
0.6932191252708435
0.6932211518287659
0.6931787133216858
0.6931965947151184
0.6931700110435486
0.6932846307754517
0.6932697296142578
0.6932309865951538