test data loss : 0.6931472420692444
test data accyracy : 0.5

training history accuracy
0.4883333444595337
0.4958333373069763
0.4908333420753479
0.5020833611488342
0.4958333373069763
0.5020833611488342
0.5020833611488342
0.49000000953674316
0.5020833611488342
0.49000000953674316
0.5020833611488342
0.5020833611488342
0.5020833611488342
0.49000000953674316
0.5020833611488342
0.49541667103767395
0.5020833611488342
0.5020833611488342
0.5020833611488342
0.5020833611488342
0.5020833611488342
0.5020833611488342
0.5020833611488342
0.5020833611488342
0.5020833611488342
0.5020833611488342
0.5020833611488342
0.5020833611488342
0.4983333349227905
0.5020833611488342
0.48875001072883606
0.5020833611488342
0.5020833611488342
0.5020833611488342
0.5020833611488342
0.5020833611488342
0.5020833611488342
0.5020833611488342
0.49291667342185974
0.5020833611488342
0.5020833611488342
0.5020833611488342
0.5020833611488342
0.5020833611488342
0.5020833611488342
0.5020833611488342
0.5020833611488342
0.5020833611488342
0.4933333396911621
0.5020833611488342
0.5020833611488342
0.5020833611488342
0.5020833611488342
0.5020833611488342
0.5020833611488342
0.4895833432674408
0.5020833611488342
0.49166667461395264
0.5020833611488342
0.5020833611488342
0.5020833611488342

training history val accuracy
0.49166667461395264
0.49166667461395264
0.49166667461395264
0.49166667461395264
0.49166667461395264
0.49166667461395264
0.49166667461395264
0.49166667461395264
0.49166667461395264
0.49166667461395264
0.49166667461395264
0.49166667461395264
0.49166667461395264
0.49166667461395264
0.49166667461395264
0.49166667461395264
0.49166667461395264
0.49166667461395264
0.49166667461395264
0.49166667461395264
0.49166667461395264
0.49166667461395264
0.49166667461395264
0.49166667461395264
0.49166667461395264
0.49166667461395264
0.49166667461395264
0.49166667461395264
0.49166667461395264
0.49166667461395264
0.49166667461395264
0.49166667461395264
0.49166667461395264
0.49166667461395264
0.49166667461395264
0.49166667461395264
0.49166667461395264
0.49166667461395264
0.49166667461395264
0.49166667461395264
0.49166667461395264
0.49166667461395264
0.49166667461395264
0.49166667461395264
0.49166667461395264
0.49166667461395264
0.49166667461395264
0.49166667461395264
0.49166667461395264
0.49166667461395264
0.49166667461395264
0.49166667461395264
0.49166667461395264
0.49166667461395264
0.49166667461395264
0.49166667461395264
0.49166667461395264
0.49166667461395264
0.49166667461395264
0.49166667461395264
0.49166667461395264

training history loss
0.6945058703422546
0.6931983828544617
0.6932257413864136
0.6931837201118469
0.6931750178337097
0.6931735277175903
0.6932230591773987
0.6932173371315002
0.6932299733161926
0.6931982040405273
0.6931546330451965
0.6931871771812439
0.693225622177124
0.6931823492050171
0.6931713223457336
0.6932101249694824
0.6931933760643005
0.6931698322296143
0.6931705474853516
0.6931681036949158
0.6931725144386292
0.6932002305984497
0.6931695342063904
0.6931652426719666
0.6931935548782349
0.6931670904159546
0.6931912302970886
0.69317626953125
0.6932095289230347
0.6931658983230591
0.6931915283203125
0.6931817531585693
0.693152666091919
0.6931686997413635
0.6931819915771484
0.6931561231613159
0.6931965351104736
0.6931812763214111
0.6932064890861511
0.6931676864624023
0.693160355091095
0.6931670904159546
0.6932002305984497
0.6931816339492798
0.6931760907173157
0.6931709051132202
0.6931553483009338
0.6931613087654114
0.6931886076927185
0.6931682825088501
0.6932108402252197
0.6931752562522888
0.693178117275238
0.6931750774383545
0.6931688189506531
0.6932337284088135
0.6932469010353088
0.693228006362915
0.6932041645050049
0.6931665539741516
0.6931619644165039

training history val loss
0.6931609511375427
0.693196713924408
0.6932201385498047
0.6931919455528259
0.6932368874549866
0.6932467222213745
0.6932766437530518
0.6931750178337097
0.6932519674301147
0.6932117938995361
0.6932063102722168
0.6931894421577454
0.6932410597801208
0.6931939125061035
0.6932308673858643
0.6932825446128845
0.6931754946708679
0.6932267546653748
0.6932061910629272
0.6932268142700195
0.6931700110435486
0.6932048201560974
0.6932546496391296
0.6932609677314758
0.693196177482605
0.6932489275932312
0.6932754516601562
0.6932281851768494
0.6931946873664856
0.693270742893219
0.6931560635566711
0.6933140754699707
0.6932265758514404
0.6932119727134705
0.6932051181793213
0.6932352185249329
0.6932374835014343
0.6932135224342346
0.6931761503219604
0.6932497024536133
0.6932305097579956
0.6932255625724792
0.6932132840156555
0.6931816339492798
0.6932014226913452
0.6932141184806824
0.6932215094566345
0.6932399868965149
0.6931822896003723
0.6931910514831543
0.693286120891571
0.6932447552680969
0.6932675242424011
0.6931766867637634
0.6932439208030701
0.6931979656219482
0.693254828453064
0.6932035088539124
0.6932024359703064
0.6932413578033447
0.6932398676872253