test data loss : 0.6931532621383667
test data accyracy : 0.5

training history accuracy
0.5008333325386047
0.49291667342185974
0.5020833611488342
0.5020833611488342
0.4937500059604645
0.4987500011920929
0.5020833611488342
0.49041667580604553
0.48625001311302185
0.5020833611488342
0.5020833611488342
0.5020833611488342
0.5020833611488342
0.5020833611488342
0.5020833611488342
0.4937500059604645
0.5020833611488342
0.48750001192092896
0.4950000047683716
0.5020833611488342
0.5020833611488342
0.4866666793823242
0.5020833611488342
0.5020833611488342
0.5020833611488342
0.5020833611488342
0.4854166805744171
0.5020833611488342
0.4945833384990692
0.5020833611488342
0.5020833611488342
0.5020833611488342
0.5020833611488342
0.5020833611488342
0.5020833611488342

training history val accuracy
0.49166667461395264
0.49166667461395264
0.49166667461395264
0.49166667461395264
0.5083333253860474
0.49166667461395264
0.49166667461395264
0.49166667461395264
0.49166667461395264
0.49166667461395264
0.49166667461395264
0.49166667461395264
0.49166667461395264
0.49166667461395264
0.49166667461395264
0.49166667461395264
0.49166667461395264
0.49166667461395264
0.49166667461395264
0.49166667461395264
0.49166667461395264
0.49166667461395264
0.49166667461395264
0.49166667461395264
0.49166667461395264
0.49166667461395264
0.49166667461395264
0.49166667461395264
0.49166667461395264
0.49166667461395264
0.49166667461395264
0.49166667461395264
0.49166667461395264
0.49166667461395264
0.49166667461395264

training history loss
0.6948533058166504
0.6931811571121216
0.6931827664375305
0.6932024359703064
0.6932212114334106
0.6931924223899841
0.693187952041626
0.6931878328323364
0.6932372450828552
0.693168580532074
0.6931743621826172
0.6931654214859009
0.6931823492050171
0.6932039856910706
0.6931608319282532
0.6931785345077515
0.6931647658348083
0.6932167410850525
0.6931927800178528
0.6931823492050171
0.6931912899017334
0.693254292011261
0.6931697130203247
0.6931651830673218
0.6931989789009094
0.6931664943695068
0.6932236552238464
0.6931983828544617
0.6931995749473572
0.6931816935539246
0.6931873559951782
0.6931729912757874
0.6931784749031067
0.6932079792022705
0.693176805973053

training history val loss
0.6931955814361572
0.6931806802749634
0.6932206153869629
0.6932691931724548
0.6930950284004211
0.6932244896888733
0.6932663321495056
0.6932066679000854
0.6931979656219482
0.6932406425476074
0.6932236552238464
0.693259596824646
0.6932447552680969
0.6931865811347961
0.6932440400123596
0.6932454705238342
0.6932299137115479
0.6931750774383545
0.6932187676429749
0.693290650844574
0.6931938529014587
0.6932221055030823
0.6932450532913208
0.6932398676872253
0.693260669708252
0.6932008266448975
0.6932023167610168
0.6933050751686096
0.6932303309440613
0.6932579278945923
0.6932003498077393
0.6932312250137329
0.693194568157196
0.6931924223899841
0.6931920647621155