test data loss : 0.6931780576705933
test data accyracy : 0.5

training history accuracy
0.5083333253860474
0.4970833361148834
0.492291659116745
0.5052083134651184
0.4908333420753479
0.5049999952316284
0.4950000047683716
0.503333330154419
0.5020833611488342
0.5037500262260437
0.49416667222976685
0.5020833611488342
0.5020833611488342
0.4975000023841858
0.4958333373069763
0.5020833611488342
0.4958333373069763
0.5020833611488342
0.49291667342185974
0.5020833611488342
0.4883333444595337
0.4970833361148834
0.4950000047683716
0.5020833611488342
0.49041667580604553
0.5020833611488342
0.4958333373069763
0.5020833611488342
0.4950000047683716
0.5004166960716248
0.5020833611488342
0.5020833611488342

training history val accuracy
0.5083333253860474
0.5083333253860474
0.5558333396911621
0.5083333253860474
0.49166667461395264
0.5083333253860474
0.5083333253860474
0.49166667461395264
0.49166667461395264
0.5083333253860474
0.49166667461395264
0.49166667461395264
0.49166667461395264
0.49166667461395264
0.49166667461395264
0.49166667461395264
0.49166667461395264
0.49166667461395264
0.49166667461395264
0.5083333253860474
0.5083333253860474
0.49166667461395264
0.49166667461395264
0.49166667461395264
0.49166667461395264
0.49166667461395264
0.49166667461395264
0.49166667461395264
0.49166667461395264
0.49166667461395264
0.49166667461395264
0.49166667461395264

training history loss
0.7155699133872986
0.6932690739631653
0.6932988166809082
0.6932395696640015
0.693207859992981
0.6932399868965149
0.6932294368743896
0.6931760907173157
0.693172812461853
0.6932000517845154
0.6932188868522644
0.6932076811790466
0.6932129263877869
0.6931915283203125
0.6932084560394287
0.6932289600372314
0.6932091116905212
0.6932200193405151
0.693256676197052
0.6931962370872498
0.6932798027992249
0.6932230591773987
0.6931909918785095
0.6932671070098877
0.6931933760643005
0.6931718587875366
0.6931906342506409
0.6932339668273926
0.6931857466697693
0.6932042837142944
0.6932112574577332
0.6931842565536499

training history val loss
0.6930548548698425
0.693038821220398
0.693134605884552
0.6930854916572571
0.6931554079055786
0.6930534243583679
0.6930744647979736
0.6932042241096497
0.6931957602500916
0.693094789981842
0.6932218074798584
0.6932305693626404
0.6931697726249695
0.6932029724121094
0.6932525038719177
0.6932389140129089
0.6932134032249451
0.6932454705238342
0.6933436393737793
0.6930938959121704
0.693084716796875
0.6931871175765991
0.6932290196418762
0.6932348608970642
0.6931923627853394
0.6932711005210876
0.6932589411735535
0.6932306289672852
0.6932225227355957
0.6932610869407654
0.6932100653648376
0.6932147145271301