test data loss : 0.6931892037391663
test data accyracy : 0.5

training history accuracy
0.502916693687439
0.49791666865348816
0.5016666650772095
0.4958333373069763
0.49791666865348816
0.5020833611488342
0.5020833611488342
0.4950000047683716
0.5020833611488342
0.5020833611488342
0.5020833611488342
0.5020833611488342
0.5020833611488342
0.49666666984558105
0.492083340883255
0.5020833611488342
0.5020833611488342
0.49416667222976685
0.4975000023841858
0.5020833611488342
0.4829166531562805
0.5020833611488342
0.5020833611488342
0.5020833611488342
0.5020833611488342
0.5020833611488342
0.5020833611488342
0.49166667461395264
0.5020833611488342
0.5020833611488342
0.5020833611488342

training history val accuracy
0.5083333253860474
0.5083333253860474
0.49166667461395264
0.49166667461395264
0.49166667461395264
0.49166667461395264
0.49166667461395264
0.49166667461395264
0.49166667461395264
0.49166667461395264
0.49166667461395264
0.49166667461395264
0.49166667461395264
0.49166667461395264
0.49166667461395264
0.49166667461395264
0.49166667461395264
0.49166667461395264
0.49166667461395264
0.49166667461395264
0.49166667461395264
0.49166667461395264
0.49166667461395264
0.49166667461395264
0.49166667461395264
0.49166667461395264
0.49166667461395264
0.49166667461395264
0.49166667461395264
0.49166667461395264
0.49166667461395264

training history loss
0.6942057013511658
0.6932957172393799
0.6933860182762146
0.6932433843612671
0.6931818127632141
0.6931849122047424
0.6931615471839905
0.6932118535041809
0.6931914687156677
0.6931653022766113
0.6931747794151306
0.6931795477867126
0.6931719779968262
0.6931764483451843
0.6931893825531006
0.693281352519989
0.693191409111023
0.6931955814361572
0.6931686997413635
0.6932178139686584
0.6932226419448853
0.6931790113449097
0.6931761503219604
0.6931601762771606
0.6931939721107483
0.6932321190834045
0.6931630969047546
0.6931833028793335
0.6931986808776855
0.6931740045547485
0.6931827664375305

training history val loss
0.6930363178253174
0.6930869221687317
0.6934247612953186
0.6932382583618164
0.6932165026664734
0.6932528614997864
0.6932100653648376
0.6932162642478943
0.6932089328765869
0.6932056546211243
0.6932502388954163
0.6932158470153809
0.693236231803894
0.6932281851768494
0.6932061910629272
0.693337082862854
0.6932604908943176
0.6932063102722168
0.6932295560836792
0.6932733654975891
0.6932080984115601
0.6932336688041687
0.6932787299156189
0.6931990385055542
0.6931998133659363
0.6932578682899475
0.6931963562965393
0.693225085735321
0.693183422088623
0.6932067275047302
0.6932560801506042