test data loss : 0.6931526064872742
test data accyracy : 0.5

training history accuracy
0.4945833384990692
0.4883333444595337
0.4970833361148834
0.4937500059604645
0.5020833611488342
0.5020833611488342
0.5020833611488342
0.5020833611488342
0.5020833611488342
0.5020833611488342
0.5020833611488342
0.5020833611488342
0.5020833611488342
0.5020833611488342
0.5020833611488342
0.48500001430511475
0.5020833611488342
0.5020833611488342
0.5020833611488342
0.4908333420753479
0.5020833611488342
0.5020833611488342
0.5020833611488342
0.5020833611488342
0.4870833456516266
0.5020833611488342
0.5020833611488342
0.49541667103767395
0.5020833611488342
0.48875001072883606
0.5020833611488342

training history val accuracy
0.5083333253860474
0.5083333253860474
0.49166667461395264
0.49166667461395264
0.49166667461395264
0.49166667461395264
0.49166667461395264
0.49166667461395264
0.49166667461395264
0.49166667461395264
0.49166667461395264
0.49166667461395264
0.49166667461395264
0.49166667461395264
0.49166667461395264
0.49166667461395264
0.49166667461395264
0.49166667461395264
0.49166667461395264
0.49166667461395264
0.49166667461395264
0.49166667461395264
0.49166667461395264
0.49166667461395264
0.49166667461395264
0.49166667461395264
0.49166667461395264
0.49166667461395264
0.49166667461395264
0.49166667461395264
0.49166667461395264

training history loss
0.696604311466217
0.6932339072227478
0.6931676268577576
0.6931873559951782
0.6931777000427246
0.693186342716217
0.6931887865066528
0.6931763887405396
0.6932111382484436
0.6931815147399902
0.6931604743003845
0.6931747198104858
0.6931867003440857
0.6931829452514648
0.6931594610214233
0.69326251745224
0.6931519508361816
0.6931882500648499
0.693171501159668
0.6932016611099243
0.6931882500648499
0.6931461095809937
0.693163275718689
0.6931930184364319
0.6932145953178406
0.6931835412979126
0.6931594014167786
0.6931816339492798
0.6932106614112854
0.693231999874115
0.6931572556495667

training history val loss
0.6930976510047913
0.6931157112121582
0.6932172775268555
0.6931686997413635
0.6932145953178406
0.6931889653205872
0.6932272911071777
0.6931889057159424
0.6932567358016968
0.6931993365287781
0.6932536959648132
0.6932671070098877
0.6931898593902588
0.6932270526885986
0.6932044625282288
0.6932773590087891
0.6932298541069031
0.693191647529602
0.6932486295700073
0.6932296752929688
0.6933147311210632
0.6932117342948914
0.6932051777839661
0.6931785941123962
0.6931692361831665
0.693297803401947
0.6932504773139954
0.6932039856910706
0.6932056546211243
0.693158745765686
0.6932274699211121