training history accuracy
0.9202083349227905
0.9556249976158142
0.9677083492279053
0.9725000262260437
0.9783333539962769
0.9772916436195374
0.9808333516120911
0.9795833230018616
0.9802083373069763
0.981041669845581
0.9831249713897705
0.9866666793823242
0.9866666793823242
0.9866666793823242
0.987708330154419
0.9827083349227905
0.9879166483879089
0.9887499809265137
0.9910416603088379
0.9885416626930237
0.9925000071525574
0.9870833158493042
0.9887499809265137
0.9950000047683716
0.9952083230018616
0.9895833134651184
0.9927083253860474
0.9918749928474426
0.9962499737739563
0.9950000047683716
0.9929166436195374
0.9925000071525574
0.9956250190734863
0.9939583539962769
0.9964583516120911
0.9952083230018616
0.9952083230018616
0.9954166412353516
0.9954166412353516
0.9922916889190674
0.9947916865348816
0.9981250166893005
0.9933333396911621
0.9920833110809326
0.9937499761581421
0.9939583539962769
0.9958333373069763
0.9972916841506958
0.9954166412353516
0.9958333373069763
0.9939583539962769
0.9960416555404663
0.9897916913032532
0.9943749904632568
0.9985416531562805
0.9939583539962769
0.9939583539962769
0.9947916865348816
0.9956250190734863
0.9962499737739563
0.9983333349227905
0.997083306312561
0.9991666674613953
0.9954166412353516
0.9995833039283752
0.9975000023841858
0.9972916841506958
0.9956250190734863
0.9956250190734863
0.9975000023841858
0.9956250190734863
0.9943749904632568
0.9960416555404663
0.9972916841506958
0.9964583516120911
0.9958333373069763
0.997083306312561
0.9977083206176758
0.9922916889190674
0.9985416531562805
0.9964583516120911
0.9945833086967468
0.9985416531562805
0.9977083206176758
0.9964583516120911
0.9910416603088379
0.9958333373069763
0.996666669845581
0.9983333349227905
0.9972916841506958
0.9958333373069763
0.9972916841506958
0.9960416555404663
0.9983333349227905
0.9947916865348816
0.996874988079071
0.996874988079071
0.9977083206176758
0.9987499713897705
0.9991666674613953
0.9983333349227905
0.9956250190734863
0.9979166388511658
0.996874988079071
0.9975000023841858
0.9979166388511658
0.9983333349227905
0.997083306312561
0.9964583516120911
0.9964583516120911
0.9987499713897705
0.9993749856948853
0.9993749856948853
0.9975000023841858
0.9983333349227905
0.996874988079071
0.997083306312561
0.9993749856948853
0.9989583492279053
0.9987499713897705
0.9964583516120911
0.9979166388511658
0.9985416531562805
0.9972916841506958

training history val accuracy
0.5083333253860474
0.5408333539962769
0.6633333563804626
0.9833333492279053
0.5899999737739563
0.9458333253860474
0.5083333253860474
0.9850000143051147
0.5525000095367432
0.9916666746139526
0.9458333253860474
0.9916666746139526
0.9950000047683716
0.8566666841506958
0.9941666722297668
0.9933333396911621
0.987500011920929
0.5133333206176758
0.9900000095367432
0.9891666769981384
0.9441666603088379
0.7391666769981384
0.9800000190734863
0.996666669845581
0.9925000071525574
0.9850000143051147
0.987500011920929
0.9916666746139526
0.9850000143051147
0.9950000047683716
0.9958333373069763
0.9958333373069763
0.9866666793823242
0.9850000143051147
0.9358333349227905
0.8241666555404663
0.9941666722297668
0.7649999856948853
0.9591666460037231
0.9933333396911621
0.9941666722297668
0.9808333516120911
0.7233333587646484
0.996666669845581
0.9933333396911621
0.9891666769981384
0.9941666722297668
0.9858333468437195
0.9950000047683716
0.9941666722297668
0.9925000071525574
0.9891666769981384
0.9333333373069763
0.987500011920929
0.9958333373069763
0.9950000047683716
0.9958333373069763
0.9941666722297668
0.9925000071525574
0.9933333396911621
0.9950000047683716
0.9908333420753479
0.9958333373069763
0.9891666769981384
0.996666669845581
0.9424999952316284
0.9950000047683716
0.9958333373069763
0.7641666531562805
0.9941666722297668
0.9950000047683716
0.9941666722297668
0.9125000238418579
0.996666669845581
0.9925000071525574
0.9950000047683716
0.8383333086967468
0.9933333396911621
0.9958333373069763
0.9958333373069763
0.996666669845581
0.996666669845581
0.9741666913032532
0.9933333396911621
0.9941666722297668
0.9900000095367432
0.9941666722297668
0.9958333373069763
0.9950000047683716
0.9883333444595337
0.9941666722297668
0.9950000047683716
0.9925000071525574
0.9975000023841858
0.9941666722297668
0.9950000047683716
0.9958333373069763
0.9950000047683716
0.9941666722297668
0.9950000047683716
0.9800000190734863
0.9950000047683716
0.9925000071525574
0.9925000071525574
0.9891666769981384
0.9950000047683716
0.9958333373069763
0.9950000047683716
0.9466666579246521
0.996666669845581
0.9941666722297668
0.9958333373069763
0.9950000047683716
0.9833333492279053
0.9958333373069763
0.996666669845581
0.9950000047683716
0.9883333444595337
0.9950000047683716
0.9541666507720947
0.9950000047683716
0.9941666722297668
0.9941666722297668
0.9958333373069763

training history loss
0.21794991195201874
0.14186854660511017
0.11487624049186707
0.09712053835391998
0.08301180601119995
0.08097393810749054
0.07385192066431046
0.07036878168582916
0.07629174739122391
0.07308776676654816
0.06804539263248444
0.054027944803237915
0.06040886417031288
0.05859426409006119
0.05602671951055527
0.06361425668001175
0.046310264617204666
0.04646140709519386
0.029318777844309807
0.045177582651376724
0.0397888720035553
0.04931824654340744
0.037030138075351715
0.02534526400268078
0.018932217732071877
0.04019998386502266
0.031375300139188766
0.034649018198251724
0.014313489198684692
0.021811924874782562
0.028452977538108826
0.02888989821076393
0.01980128511786461
0.021535249426960945
0.018069811165332794
0.017801467329263687
0.018434561789035797
0.01882288232445717
0.02383219450712204
0.030646013095974922
0.017281420528888702
0.011584161780774593
0.022262267768383026
0.025812020525336266
0.019972600042819977
0.01874435506761074
0.013510600663721561
0.011885556392371655
0.01890532858669758
0.01965375989675522
0.01644057221710682
0.01054937019944191
0.04432597756385803
0.0176681000739336
0.004648598376661539
0.01940905675292015
0.018505098298192024
0.01532790157943964
0.015406041406095028
0.01619064062833786
0.005289359018206596
0.009615305811166763
0.002589275361970067
0.014001630246639252
0.002692209789529443
0.01264718733727932
0.01312012504786253
0.015225443989038467
0.012083947658538818
0.014087586663663387
0.01547551341354847
0.020810836926102638
0.01129838079214096
0.008058737963438034
0.011631065979599953
0.01134058553725481
0.014778551645576954
0.007468163035809994
0.022281114012002945
0.005391167942434549
0.014142069965600967
0.01969081163406372
0.005634103436022997
0.009765833616256714
0.015518652275204659
0.030924832448363304
0.010526230558753014
0.008298926055431366
0.004227330442517996
0.010050531476736069
0.013571676798164845
0.010158192366361618
0.01261979341506958
0.006684035528451204
0.014830186031758785
0.010265213437378407
0.01243863720446825
0.005375339183956385
0.0042780619114637375
0.002061575185507536
0.009878679178655148
0.018819358199834824
0.010450294241309166
0.011117599904537201
0.010020239278674126
0.005597537383437157
0.005712913349270821
0.009040682576596737
0.009163398295640945
0.00964012648910284
0.0031848999205976725
0.002249786164611578
0.002295125974342227
0.0071302372962236404
0.0058222441002726555
0.008343596011400223
0.00939720869064331
0.003817051649093628
0.0023059621453285217
0.0037412107922136784
0.009982723742723465
0.00764997024089098
0.005402008071541786
0.007391804829239845

training history val loss
5.10608434677124
1.3277651071548462
0.8834692239761353
0.0561995692551136
1.648640513420105
0.1704602688550949
11.038535118103027
0.04896921291947365
1.9214688539505005
0.03083733469247818
0.1385023593902588
0.02887805551290512
0.026119757443666458
0.3463776111602783
0.030327819287776947
0.0331432931125164
0.04603482782840729
8.862985610961914
0.04611044377088547
0.030055440962314606
0.13120152056217194
0.8902350664138794
0.05504002422094345
0.014764439314603806
0.017290877178311348
0.05919281765818596
0.042407263070344925
0.03117271699011326
0.05132078379392624
0.024172823876142502
0.017197929322719574
0.02386307343840599
0.04988008365035057
0.034925371408462524
0.19255904853343964
0.7253177762031555
0.015650136396288872
1.0954777002334595
0.11814162135124207
0.015558978542685509
0.013460719026625156
0.06169801577925682
1.127358078956604
0.016549350693821907
0.01879761926829815
0.03150789812207222
0.018557479605078697
0.040237050503492355
0.014205066487193108
0.01492990367114544
0.01864384487271309
0.0274408720433712
0.16882666945457458
0.03260648623108864
0.01377122849225998
0.017504381015896797
0.017196672037243843
0.024309517815709114
0.016745472326874733
0.017677750438451767
0.011668524704873562
0.03188344091176987
0.0257246270775795
0.03549887612462044
0.013437706977128983
0.16136771440505981
0.01898486353456974
0.015187619253993034
0.8982916474342346
0.01866186410188675
0.018072037026286125
0.02541867457330227
0.1860179305076599
0.014552046544849873
0.033410876989364624
0.02227652817964554
0.5075919032096863
0.015038395300507545
0.024186793714761734
0.02085944265127182
0.015208487398922443
0.011176561936736107
0.07433530688285828
0.0197128988802433
0.021313374862074852
0.025530798360705376
0.01818242482841015
0.011975064873695374
0.014603158459067345
0.04453442618250847
0.020987441763281822
0.019155561923980713
0.022337650880217552
0.010563996620476246
0.017317362129688263
0.01699325628578663
0.01862204261124134
0.018198158591985703
0.012352281250059605
0.01133912056684494
0.059470660984516144
0.017636893317103386
0.02510795183479786
0.026402035728096962
0.023709481582045555
0.011114147491753101
0.014479909092187881
0.013211188837885857
0.2079101949930191
0.01168440654873848
0.018730882555246353
0.016287442296743393
0.0170717965811491
0.06400010734796524
0.017694290727376938
0.018948053941130638
0.018144845962524414
0.039132073521614075
0.016822928562760353
0.13549548387527466
0.016625644639134407
0.019172197207808495
0.021868405863642693
0.016352368518710136