training history accuracy
0.671875
0.8512499928474426
0.8733333349227905
0.8814583420753479
0.8943750262260437
0.9052083492279053
0.902916669845581
0.9054166674613953
0.9145833253860474
0.9295833110809326
0.9302083253860474
0.9312499761581421
0.9358333349227905
0.9439583420753479
0.9577083587646484
0.9485416412353516
0.9549999833106995
0.9616666436195374
0.9702083468437195
0.9670833349227905
0.9672916531562805
0.9681249856948853
0.9693750143051147
0.9758333563804626
0.981458306312561
0.9725000262260437
0.98416668176651
0.9766666889190674
0.9820833206176758
0.981041669845581
0.9781249761581421
0.9858333468437195
0.9883333444595337
0.9856250286102295
0.981458306312561
0.9839583039283752
0.987708330154419
0.987708330154419
0.9804166555404663
0.9887499809265137
0.9868749976158142
0.9881250262260437
0.9883333444595337
0.9858333468437195
0.9866666793823242
0.9904166460037231
0.9895833134651184
0.9912499785423279
0.9900000095367432
0.9881250262260437
0.9887499809265137
0.9852083325386047
0.9931250214576721
0.9916666746139526
0.9897916913032532
0.9931250214576721
0.9908333420753479
0.9889583587646484
0.9897916913032532
0.9908333420753479
0.9939583539962769
0.9900000095367432
0.9895833134651184
0.9897916913032532
0.9879166483879089
0.9941666722297668
0.9935416579246521
0.9922916889190674
0.9902083277702332
0.9891666769981384
0.9902083277702332
0.9925000071525574
0.9920833110809326
0.9937499761581421
0.9922916889190674
0.996874988079071
0.9916666746139526
0.9912499785423279
0.9929166436195374
0.9912499785423279
0.9879166483879089
0.9952083230018616
0.996666669845581
0.987291693687439
0.9945833086967468
0.9960416555404663
0.9925000071525574
0.9895833134651184
0.9920833110809326
0.9925000071525574
0.9943749904632568
0.9975000023841858
0.9960416555404663
0.996874988079071
0.9918749928474426
0.9918749928474426
0.9929166436195374
0.9958333373069763
0.9972916841506958
0.9981250166893005
0.9939583539962769
0.9922916889190674
0.9950000047683716
0.9906250238418579
0.9935416579246521
0.9950000047683716
0.9931250214576721
0.9960416555404663
0.9952083230018616
0.9931250214576721
0.9922916889190674
0.9935416579246521
0.9897916913032532
0.9935416579246521
0.9950000047683716
0.9947916865348816
0.9891666769981384

training history val accuracy
0.5083333253860474
0.49166667461395264
0.49166667461395264
0.49166667461395264
0.4933333396911621
0.49166667461395264
0.49166667461395264
0.5533333420753479
0.5083333253860474
0.5383333563804626
0.8324999809265137
0.5291666388511658
0.5099999904632568
0.49166667461395264
0.49166667461395264
0.8116666674613953
0.8233333230018616
0.49166667461395264
0.5083333253860474
0.5141666531562805
0.5
0.7875000238418579
0.7091666460037231
0.4925000071525574
0.6858333349227905
0.49416667222976685
0.7683333158493042
0.5091666579246521
0.8999999761581421
0.49166667461395264
0.8566666841506958
0.5333333611488342
0.49166667461395264
0.4975000023841858
0.8083333373069763
0.49166667461395264
0.8416666388511658
0.5041666626930237
0.5024999976158142
0.7875000238418579
0.5083333253860474
0.840833306312561
0.7200000286102295
0.559166669845581
0.5333333611488342
0.7641666531562805
0.840833306312561
0.5550000071525574
0.8041666746139526
0.49166667461395264
0.5316666960716248
0.8383333086967468
0.9024999737739563
0.9100000262260437
0.5816666483879089
0.7208333611488342
0.5099999904632568
0.8791666626930237
0.49166667461395264
0.6299999952316284
0.7358333468437195
0.5091666579246521
0.6133333444595337
0.5249999761581421
0.5266666412353516
0.8916666507720947
0.9024999737739563
0.5458333492279053
0.5274999737739563
0.5233333110809326
0.7541666626930237
0.9075000286102295
0.49166667461395264
0.5566666722297668
0.9150000214576721
0.49166667461395264
0.7699999809265137
0.6708333492279053
0.9183333516120911
0.9241666793823242
0.8508333563804626
0.9241666793823242
0.49666666984558105
0.9283333420753479
0.875
0.49166667461395264
0.9383333325386047
0.6191666722297668
0.6991666555404663
0.49166667461395264
0.8258333206176758
0.9208333492279053
0.7099999785423279
0.6349999904632568
0.8274999856948853
0.7633333206176758
0.9291666746139526
0.8041666746139526
0.6324999928474426
0.9116666913032532
0.8258333206176758
0.7225000262260437
0.6524999737739563
0.4933333396911621
0.8083333373069763
0.7691666483879089
0.8941666483879089
0.8616666793823242
0.8949999809265137
0.8858333230018616
0.8916666507720947
0.6308333277702332
0.7983333468437195
0.8799999952316284
0.9391666650772095
0.8566666841506958
0.6291666626930237

training history loss
0.6155574321746826
0.34200596809387207
0.3157147169113159
0.2905038595199585
0.27344149351119995
0.24476486444473267
0.24776585400104523
0.24471156299114227
0.22412973642349243
0.1906454861164093
0.1882297843694687
0.17406320571899414
0.17175200581550598
0.16236993670463562
0.13245175778865814
0.14134183526039124
0.13824954628944397
0.12016879767179489
0.09014149010181427
0.10196324437856674
0.10921911895275116
0.09179291129112244
0.0922531709074974
0.07848458737134933
0.06272377818822861
0.0873563289642334
0.05561656132340431
0.07254709303379059
0.06598608940839767
0.06534460186958313
0.07284720242023468
0.04583299905061722
0.03561941906809807
0.04313672333955765
0.06254807114601135
0.05408303067088127
0.04075810685753822
0.04842936992645264
0.06721176952123642
0.04014621302485466
0.04172131046652794
0.03737439215183258
0.043392959982156754
0.041481055319309235
0.041444361209869385
0.034811701625585556
0.0359082892537117
0.0347382090985775
0.038855068385601044
0.038007739931344986
0.03873793035745621
0.05167273059487343
0.024059806019067764
0.02905905805528164
0.03617243468761444
0.027498289942741394
0.032054558396339417
0.03494049236178398
0.03470231220126152
0.032700005918741226
0.02520367130637169
0.036129023879766464
0.037777479737997055
0.03449865058064461
0.039078764617443085
0.01894381269812584
0.026353662833571434
0.030771618708968163
0.037006840109825134
0.03972331061959267
0.030397703871130943
0.025331074371933937
0.028955208137631416
0.022008663043379784
0.028277231380343437
0.015168072655797005
0.029404999688267708
0.02968071959912777
0.02414875105023384
0.03361177444458008
0.038568463176488876
0.01878683641552925
0.013056231662631035
0.04078787565231323
0.017690934240818024
0.012790963985025883
0.022779660299420357
0.042350780218839645
0.02986188977956772
0.022853629663586617
0.021789317950606346
0.010876373387873173
0.01830536685883999
0.01098643895238638
0.030613791197538376
0.026767730712890625
0.02383415959775448
0.016080576926469803
0.010046371258795261
0.008625767193734646
0.022491248324513435
0.028207436203956604
0.018178023397922516
0.0315343402326107
0.017240984365344048
0.014524606056511402
0.023679379373788834
0.0214993916451931
0.018376341089606285
0.021706370636820793
0.027476590126752853
0.024690957739949226
0.03986030071973801
0.020958036184310913
0.01759899966418743
0.01625349558889866
0.03431759402155876

training history val loss
3.466486930847168
5.770766258239746
13.294240951538086
7.645167827606201
3.0359129905700684
23.934268951416016
13.115538597106934
3.030057668685913
6.158817768096924
2.2726616859436035
0.5040369629859924
1.837154746055603
4.971719741821289
13.13107681274414
5.149876117706299
0.49458566308021545
0.48835596442222595
18.9177303314209
9.331880569458008
2.6327476501464844
4.609729766845703
0.5367845892906189
1.2524000406265259
13.656786918640137
1.95484459400177
3.6701762676239014
0.9489417672157288
3.7482593059539795
0.26528939604759216
25.55670166015625
0.38020768761634827
5.449772357940674
10.325464248657227
8.905821800231934
0.6624241471290588
11.728551864624023
0.6232560276985168
6.056092739105225
6.681551456451416
1.1014988422393799
9.936504364013672
0.4870465099811554
1.7168631553649902
2.9565086364746094
5.651078224182129
0.9156135320663452
0.5360625982284546
3.3210248947143555
0.7967533469200134
55.398983001708984
5.713701248168945
0.4446631968021393
0.30846232175827026
0.26141658425331116
4.616413593292236
0.8194048404693604
7.238698959350586
0.33194461464881897
18.966468811035156
2.1977062225341797
1.3020658493041992
11.328399658203125
2.4734044075012207
5.94113826751709
3.4556868076324463
0.4457436203956604
0.34385743737220764
6.218488693237305
5.349045276641846
5.0926361083984375
1.1417492628097534
0.2697763442993164
15.204622268676758
5.5100812911987305
0.2639707922935486
11.750130653381348
1.5583544969558716
1.9408748149871826
0.2115134596824646
0.29451093077659607
0.5894222855567932
0.21881212294101715
9.078973770141602
0.2376457154750824
0.5481507182121277
11.824178695678711
0.18973131477832794
1.4243258237838745
1.8530529737472534
23.20954704284668
0.5227918028831482
0.21893635392189026
1.8427115678787231
2.589108943939209
0.45113322138786316
0.9411265254020691
0.23525238037109375
0.9601345658302307
2.771040678024292
0.33631327748298645
0.9379487037658691
1.4367679357528687
2.510009288787842
11.646546363830566
0.9015934467315674
1.081241488456726
0.4624984860420227
0.4872482717037201
0.29183220863342285
0.3549532890319824
0.3936033248901367
4.468196392059326
0.5433535575866699
0.4263327419757843
0.21842795610427856
0.45228341221809387
3.788776159286499