training history accuracy
0.6739583611488342
0.847083330154419
0.8687499761581421
0.8758333325386047
0.8879166841506958
0.8897916674613953
0.8958333134651184
0.9024999737739563
0.9089583158493042
0.9191666841506958
0.92208331823349
0.9264583587646484
0.9364583492279053
0.93770831823349
0.9452083110809326
0.9522916674613953
0.9602083563804626
0.9612500071525574
0.9616666436195374
0.9652083516120911
0.965624988079071
0.9722916483879089
0.9770833253860474
0.9743750095367432
0.9781249761581421
0.981041669845581
0.9775000214576721
0.9797916412353516
0.9839583039283752
0.9762499928474426
0.9891666769981384
0.9850000143051147
0.9839583039283752
0.9820833206176758
0.987708330154419
0.987708330154419
0.9833333492279053
0.9829166531562805
0.9868749976158142
0.9864583611488342

training history val accuracy
0.49166667461395264
0.6233333349227905
0.6741666793823242
0.5708333253860474
0.5450000166893005
0.550000011920929
0.67166668176651
0.5083333253860474
0.7641666531562805
0.8933333158493042
0.49166667461395264
0.6066666841506958
0.6474999785423279
0.6108333468437195
0.4950000047683716
0.7583333253860474
0.5233333110809326
0.6583333611488342
0.6166666746139526
0.8866666555404663
0.8541666865348816
0.49166667461395264
0.675000011920929
0.8641666769981384
0.8550000190734863
0.6200000047683716
0.6150000095367432
0.8766666650772095
0.6441666483879089
0.8299999833106995
0.8774999976158142
0.8700000047683716
0.7724999785423279
0.8441666960716248
0.7475000023841858
0.8808333277702332
0.5325000286102295
0.8683333396911621
0.8266666531562805
0.7724999785423279

training history loss
0.6132548451423645
0.36571377515792847
0.3256823718547821
0.3099953234195709
0.28936827182769775
0.2779633402824402
0.2616603672504425
0.25348085165023804
0.2376423180103302
0.21470876038074493
0.2002481073141098
0.19875741004943848
0.17445850372314453
0.17042812705039978
0.1629202514886856
0.13122224807739258
0.1187635138630867
0.11667031794786453
0.1067887395620346
0.09670762717723846
0.09991754591464996
0.0831085741519928
0.07431501150131226
0.07630415260791779
0.06800863146781921
0.06044654920697212
0.07887876033782959
0.07305467873811722
0.05749497190117836
0.07975691556930542
0.03512253984808922
0.05397152528166771
0.05721769481897354
0.05966205522418022
0.0408056303858757
0.04522626847028732
0.04747375473380089
0.05230175331234932
0.04541604220867157
0.0436004176735878

training history val loss
2.3234152793884277
1.632237195968628
0.7604941725730896
4.490015506744385
0.7438512444496155
2.582045793533325
2.82108998298645
8.210532188415527
1.025627613067627
0.2650662362575531
10.146283149719238
1.3703358173370361
2.076931953430176
3.685121774673462
1.6376789808273315
0.5100727677345276
5.262712001800537
0.8527766466140747
1.3079376220703125
0.3156205713748932
0.3760319650173187
2.9081594944000244
1.1664334535598755
0.3613702952861786
0.489376425743103
2.4046790599823
0.8986446857452393
0.33620214462280273
1.3113760948181152
0.38530299067497253
0.3119071125984192
0.4166075587272644
0.9311016798019409
0.3773631155490875
0.9914206862449646
0.6265439391136169
1.4769898653030396
0.41290467977523804
0.48585137724876404
0.5994590520858765