training history accuracy
0.7214583158493042
0.8062499761581421
0.8039583563804626
0.8262500166893005
0.8358333110809326
0.8391666412353516
0.8487499952316284
0.856249988079071
0.8620833158493042
0.8602083325386047
0.8741666674613953
0.8887500166893005
0.8847916722297668
0.8918750286102295
0.8985416889190674
0.9075000286102295
0.8995833396911621
0.9037500023841858
0.9020833373069763
0.9195833206176758
0.9237499833106995
0.9137499928474426
0.9235416650772095
0.9241666793823242
0.9204166531562805
0.9225000143051147
0.934583306312561
0.9193750023841858
0.9197916388511658
0.9302083253860474
0.9302083253860474
0.9397916793823242
0.9312499761581421
0.9399999976158142
0.9337499737739563
0.9337499737739563
0.9474999904632568
0.9458333253860474
0.9439583420753479
0.9439583420753479
0.9389583468437195
0.9508333206176758
0.9493749737739563
0.9439583420753479
0.9520833492279053
0.9375
0.9556249976158142
0.9587500095367432
0.9585416913032532
0.9508333206176758
0.9545833468437195
0.9522916674613953
0.9589583277702332
0.9612500071525574
0.9539583325386047
0.9552083611488342
0.9614583253860474
0.9572916626930237
0.9606249928474426
0.9629166722297668
0.9581249952316284
0.9627083539962769
0.9708333611488342
0.965833306312561
0.9639583230018616
0.965624988079071
0.9524999856948853
0.9612500071525574
0.9593750238418579
0.9631249904632568
0.9662500023841858
0.9674999713897705
0.9722916483879089
0.9666666388511658
0.96854168176651
0.9691666960716248
0.96875
0.9745833277702332
0.96854168176651
0.9700000286102295
0.9710416793823242
0.9697916507720947
0.9754166603088379
0.9670833349227905
0.9739583134651184
0.9704166650772095
0.9704166650772095
0.9729166626930237
0.9683333039283752
0.9791666865348816
0.9768750071525574
0.9747916460037231
0.9777083396911621
0.9677083492279053
0.9745833277702332
0.9722916483879089
0.9806249737739563

training history val accuracy
0.5508333444595337
0.49166667461395264
0.49166667461395264
0.5116666555404663
0.49166667461395264
0.5766666531562805
0.8241666555404663
0.5741666555404663
0.49166667461395264
0.49166667461395264
0.49166667461395264
0.4925000071525574
0.7791666388511658
0.5083333253860474
0.49166667461395264
0.7875000238418579
0.6033333539962769
0.49166667461395264
0.5883333086967468
0.5883333086967468
0.7225000262260437
0.7816666960716248
0.6958333253860474
0.5083333253860474
0.6391666531562805
0.8558333516120911
0.9308333396911621
0.6516666412353516
0.76583331823349
0.4975000023841858
0.6783333420753479
0.7950000166893005
0.8316666483879089
0.9308333396911621
0.8974999785423279
0.9166666865348816
0.7133333086967468
0.8808333277702332
0.7408333420753479
0.49166667461395264
0.8208333253860474
0.8541666865348816
0.5799999833106995
0.5166666507720947
0.5350000262260437
0.7300000190734863
0.7108333110809326
0.550000011920929
0.5350000262260437
0.49166667461395264
0.8424999713897705
0.6708333492279053
0.8766666650772095
0.5791666507720947
0.6158333420753479
0.5066666603088379
0.6258333325386047
0.7333333492279053
0.49166667461395264
0.9416666626930237
0.871666669845581
0.621666669845581
0.5333333611488342
0.85916668176651
0.7058333158493042
0.5691666603088379
0.9516666531562805
0.6141666769981384
0.9200000166893005
0.9191666841506958
0.4925000071525574
0.8991666436195374
0.8958333134651184
0.887499988079071
0.7558333277702332
0.92166668176651
0.9333333373069763
0.512499988079071
0.7358333468437195
0.49166667461395264
0.9275000095367432
0.6000000238418579
0.49166667461395264
0.49916666746139526
0.5400000214576721
0.9433333277702332
0.67166668176651
0.8374999761581421
0.9016666412353516
0.4950000047683716
0.8933333158493042
0.925000011920929
0.824999988079071
0.5541666746139526
0.612500011920929
0.6349999904632568
0.7491666674613953

training history loss
0.5686185956001282
0.44198450446128845
0.44427672028541565
0.4079514443874359
0.38904404640197754
0.37666136026382446
0.3627602458000183
0.3570517897605896
0.3475029468536377
0.33419305086135864
0.3055918514728546
0.2813340425491333
0.2832803726196289
0.2698533833026886
0.25269338488578796
0.23472200334072113
0.24440638720989227
0.2311081439256668
0.2297506481409073
0.2114006131887436
0.18980196118354797
0.20656563341617584
0.1886713057756424
0.17701424658298492
0.18778449296951294
0.17654043436050415
0.15478552877902985
0.1885756403207779
0.18166206777095795
0.16718561947345734
0.16203001141548157
0.15395382046699524
0.1621498167514801
0.1472996324300766
0.16195085644721985
0.15070363879203796
0.1251567304134369
0.1309778094291687
0.13504193723201752
0.13497167825698853
0.1467212438583374
0.1273518204689026
0.12252985686063766
0.13444185256958008
0.12119659781455994
0.14782916009426117
0.10764199495315552
0.10584104806184769
0.10469258576631546
0.11841586977243423
0.11327704042196274
0.12559400498867035
0.11174682527780533
0.09950699657201767
0.12023285031318665
0.10472632199525833
0.1033487617969513
0.10189804434776306
0.10064133256673813
0.09759723395109177
0.10314648598432541
0.10076034814119339
0.08191513270139694
0.08677774667739868
0.08798838406801224
0.09447791427373886
0.11127536743879318
0.09459815919399261
0.09481353312730789
0.08262341469526291
0.08747956901788712
0.08208999037742615
0.07521847635507584
0.08676736056804657
0.07885610312223434
0.07719379663467407
0.08260985463857651
0.07567941397428513
0.07675795257091522
0.07929489016532898
0.07443420588970184
0.07534942775964737
0.06393248587846756
0.08682243525981903
0.06754419207572937
0.07710050046443939
0.07446997612714767
0.07394974678754807
0.07939791679382324
0.057439353317022324
0.05534535273909569
0.07178390026092529
0.06113218143582344
0.08396144956350327
0.0688541904091835
0.06850288808345795
0.0537366047501564

training history val loss
1.0869238376617432
8.740775108337402
8.211189270019531
1.059146761894226
25.643430709838867
1.2252672910690308
0.42801177501678467
1.0686043500900269
4.2007951736450195
5.798829555511475
8.738455772399902
6.605228900909424
0.7219513058662415
2.8642823696136475
6.832167148590088
0.5700029134750366
1.198237657546997
4.55476188659668
1.3418322801589966
1.86516535282135
0.5466013550758362
0.4869194030761719
0.6449394226074219
2.1137378215789795
0.7298708558082581
0.38224148750305176
0.1881447583436966
1.2071220874786377
0.7464480996131897
4.54672384262085
0.8791239261627197
0.5395076274871826
0.39674368500709534
0.18266311287879944
0.26932868361473083
0.2089725285768509
0.9874057769775391
0.2742679715156555
0.9623794555664062
9.288063049316406
0.3913566470146179
0.35900893807411194
2.3824353218078613
3.6110126972198486
2.665581703186035
0.8276795744895935
1.0296682119369507
2.8117406368255615
2.4645423889160156
7.988896369934082
0.45623779296875
1.22612726688385
0.3787229359149933
2.3596482276916504
1.5031144618988037
3.9882583618164062
1.8021925687789917
0.6998102068901062
13.167196273803711
0.1572028398513794
0.3375707268714905
1.7693935632705688
2.677246332168579
0.4138787090778351
0.945561945438385
2.4190518856048584
0.14242714643478394
1.6066935062408447
0.24882815778255463
0.22582438588142395
10.721490859985352
0.30762746930122375
0.28518199920654297
0.32399982213974
0.8027200102806091
0.2233143299818039
0.23517440259456635
2.771594762802124
1.0031027793884277
11.177684783935547
0.24478153884410858
2.6021156311035156
12.042136192321777
6.903663158416748
3.5880281925201416
0.14452771842479706
1.3776514530181885
0.5719757080078125
0.33877384662628174
7.018778324127197
0.3573603928089142
0.3216831684112549
0.6608312726020813
2.920266628265381
2.681358575820923
1.8369518518447876
1.1840755939483643