training history accuracy
0.809374988079071
0.8777083158493042
0.8970833420753479
0.903333306312561
0.9133333563804626
0.9052083492279053
0.92166668176651
0.92166668176651
0.9302083253860474
0.9322916865348816
0.9350000023841858
0.9456250071525574
0.9495833516120911
0.9541666507720947
0.956458330154419
0.965833306312561
0.9581249952316284
0.9708333611488342
0.9766666889190674
0.9695833325386047
0.9839583039283752
0.9760416746139526
0.9787499904632568
0.981249988079071
0.9837499856948853
0.9822916388511658
0.98416668176651
0.9856250286102295
0.9920833110809326
0.98458331823349
0.9897916913032532
0.9825000166893005
0.984375
0.9931250214576721
0.9891666769981384
0.9916666746139526
0.9910416603088379
0.987291693687439
0.9893749952316284
0.9925000071525574
0.9902083277702332
0.9900000095367432
0.984375
0.9939583539962769
0.9922916889190674
0.9912499785423279
0.9908333420753479
0.9939583539962769
0.9935416579246521
0.9937499761581421
0.9910416603088379
0.9889583587646484
0.9931250214576721
0.9906250238418579
0.9925000071525574

training history val accuracy
0.5091666579246521
0.6033333539962769
0.8741666674613953
0.5308333039283752
0.7774999737739563
0.89083331823349
0.49166667461395264
0.5199999809265137
0.9316666722297668
0.7049999833106995
0.7716666460037231
0.5491666793823242
0.6266666650772095
0.8066666722297668
0.49166667461395264
0.8758333325386047
0.6549999713897705
0.6508333086967468
0.8733333349227905
0.5508333444595337
0.9241666793823242
0.9483333230018616
0.6641666889190674
0.49166667461395264
0.9491666555404663
0.9508333206176758
0.6883333325386047
0.9424999952316284
0.7250000238418579
0.9049999713897705
0.8691666722297668
0.9233333468437195
0.9024999737739563
0.7541666626930237
0.5883333086967468
0.6308333277702332
0.5325000286102295
0.9516666531562805
0.6424999833106995
0.9258333444595337
0.8616666793823242
0.9191666841506958
0.8966666460037231
0.9449999928474426
0.9508333206176758
0.9258333444595337
0.9241666793823242
0.9258333444595337
0.4950000047683716
0.8475000262260437
0.7699999809265137
0.6625000238418579
0.49166667461395264
0.9233333468437195
0.9566666483879089

training history loss
0.4269787669181824
0.2985982894897461
0.274409681558609
0.25247156620025635
0.22861027717590332
0.24479438364505768
0.2171173393726349
0.2087605595588684
0.19396565854549408
0.19144661724567413
0.1816740483045578
0.15831635892391205
0.15114115178585052
0.1347702145576477
0.1301177442073822
0.1072731539607048
0.13221226632595062
0.0930340364575386
0.07619558274745941
0.08841851353645325
0.057649821043014526
0.07543540745973587
0.07186231017112732
0.06206156313419342
0.06032255291938782
0.0625097006559372
0.05902659893035889
0.05307428538799286
0.029584821313619614
0.05177890136837959
0.040348611772060394
0.06166548281908035
0.04970065876841545
0.026116419583559036
0.036716148257255554
0.03142251819372177
0.037911463528871536
0.039048291742801666
0.03772696107625961
0.029327204450964928
0.03017164207994938
0.03211772441864014
0.05254201218485832
0.022658325731754303
0.023640746250748634
0.03230586647987366
0.029750315472483635
0.020433995872735977
0.027474960312247276
0.02240157686173916
0.03204327076673508
0.03502081334590912
0.023026689887046814
0.033194445073604584
0.024902747943997383

training history val loss
2.69046950340271
2.517280101776123
0.3034231960773468
5.722640037536621
0.5145573019981384
0.38586652278900146
7.131691932678223
1.2823538780212402
0.1872551441192627
1.2164146900177002
0.643581748008728
3.9148149490356445
2.1848652362823486
1.4140539169311523
8.993758201599121
0.29899024963378906
1.028537631034851
1.2964504957199097
0.3379868268966675
3.1307213306427
0.23412838578224182
0.1505170613527298
2.0595786571502686
4.881100654602051
0.14898183941841125
0.15805873274803162
1.7748838663101196
0.18444420397281647
1.0299012660980225
0.3150882124900818
0.5836111307144165
0.21671244502067566
0.4310131371021271
1.0458749532699585
5.536346912384033
1.4110981225967407
2.8911144733428955
0.1639409363269806
1.432627558708191
0.23944278061389923
0.3926830291748047
0.39507484436035156
0.27773773670196533
0.17500990629196167
0.16907575726509094
0.24893511831760406
0.34215450286865234
0.2757752537727356
3.8618669509887695
0.35611799359321594
1.3629614114761353
2.129404067993164
5.605942249298096
0.3021860122680664
0.1542043387889862