test data loss : 0.5834219455718994
test data accyracy : 0.7360000014305115

training history accuracy
0.5924999713897705
0.7135416865348816
0.762291669845581
0.7816666960716248
0.8052083253860474
0.8287500143051147
0.8533333539962769
0.8795833587646484
0.924791693687439
0.9397916793823242
0.9554166793823242
0.96854168176651
0.9754166603088379
0.9693750143051147
0.9785416722297668
0.9829166531562805
0.9835416674613953
0.9881250262260437
0.9889583587646484
0.9931250214576721
0.9950000047683716
0.9852083325386047
0.9829166531562805
0.9829166531562805
0.9868749976158142
0.9912499785423279
0.9935416579246521
0.9931250214576721
0.9929166436195374
0.9833333492279053
0.9852083325386047
0.9922916889190674
0.9918749928474426
0.9897916913032532
0.9897916913032532
0.9947916865348816
0.9979166388511658
0.9981250166893005
0.9958333373069763
0.996874988079071
0.9956250190734863
0.9920833110809326
0.9852083325386047
0.9910416603088379
0.996874988079071
0.9958333373069763
0.9956250190734863
0.9891666769981384
0.9902083277702332
0.9941666722297668
0.9952083230018616
0.9979166388511658
0.9956250190734863
0.9893749952316284
0.9920833110809326
0.9964583516120911
0.9945833086967468
0.9943749904632568

training history val accuracy
0.5083333253860474
0.5083333253860474
0.5083333253860474
0.5083333253860474
0.5083333253860474
0.5083333253860474
0.5083333253860474
0.5083333253860474
0.5083333253860474
0.5083333253860474
0.5149999856948853
0.5083333253860474
0.6524999737739563
0.5083333253860474
0.73416668176651
0.57833331823349
0.5166666507720947
0.5233333110809326
0.6258333325386047
0.4950000047683716
0.5083333253860474
0.6758333444595337
0.5600000023841858
0.49166667461395264
0.5516666769981384
0.690833330154419
0.5099999904632568
0.7366666793823242
0.5133333206176758
0.5083333253860474
0.5083333253860474
0.5799999833106995
0.7191666960716248
0.5083333253860474
0.5083333253860474
0.5108333230018616
0.7408333420753479
0.7400000095367432
0.6891666650772095
0.7383333444595337
0.6399999856948853
0.7325000166893005
0.5391666889190674
0.5083333253860474
0.6225000023841858
0.6524999737739563
0.6483333110809326
0.49166667461395264
0.5333333611488342
0.5083333253860474
0.6299999952316284
0.5425000190734863
0.5083333253860474
0.6191666722297668
0.5333333611488342
0.6324999928474426
0.565833330154419
0.5133333206176758

training history loss
0.7248777151107788
0.5641586184501648
0.4945492446422577
0.4604584872722626
0.42436113953590393
0.3949437737464905
0.3350012004375458
0.2866837978363037
0.18869811296463013
0.1568119078874588
0.12470943480730057
0.08211367577314377
0.06460463255643845
0.07855208963155746
0.057755958288908005
0.04533148556947708
0.04646952450275421
0.03622535616159439
0.03201061859726906
0.02202354371547699
0.015601810067892075
0.043122172355651855
0.04629736766219139
0.04240470007061958
0.035739313811063766
0.02494979463517666
0.018612535670399666
0.018955007195472717
0.019086364656686783
0.04632879048585892
0.0377274826169014
0.023756418377161026
0.02487173117697239
0.02668880484998226
0.02940419130027294
0.01403938326984644
0.007345917169004679
0.006213785614818335
0.015676116570830345
0.010129505768418312
0.011282647028565407
0.021613921970129013
0.04166219010949135
0.025750186294317245
0.010339897125959396
0.009949065744876862
0.013639976270496845
0.03134641796350479
0.026957664638757706
0.017275888472795486
0.013491137884557247
0.007522237952798605
0.01259433850646019
0.029782399535179138
0.021786479279398918
0.011553652584552765
0.016243211925029755
0.020324382930994034

training history val loss
1.2087615728378296
5.853475570678711
7.3401970863342285
7.264194965362549
6.143284797668457
10.231451988220215
11.475275993347168
12.114069938659668
9.977378845214844
4.37323522567749
4.717403411865234
7.431671619415283
1.1770052909851074
8.86058235168457
0.9147133231163025
1.5687847137451172
3.3543477058410645
3.8518435955047607
1.8419246673583984
2.047891616821289
7.422640800476074
0.7407404780387878
2.289497137069702
7.756629467010498
4.577532768249512
1.64621901512146
6.1469807624816895
0.6000187397003174
8.022944450378418
7.170633316040039
7.902094841003418
2.282536268234253
0.9154568314552307
6.0586724281311035
10.632498741149902
6.51706075668335
1.2608386278152466
0.7856371998786926
1.663434386253357
0.8686853051185608
1.6506248712539673
1.0788317918777466
3.1677606105804443
11.877782821655273
1.4654779434204102
2.3603901863098145
1.6215153932571411
11.566702842712402
3.87846302986145
10.95479679107666
2.6245644092559814
2.5485267639160156
14.456480979919434
2.3894851207733154
5.072106838226318
2.3593673706054688
5.4969987869262695
8.467737197875977