test data loss : 0.7486428022384644
test data accyracy : 0.7429999709129333

training history accuracy
0.5847916603088379
0.7112500071525574
0.7643749713897705
0.7825000286102295
0.8033333420753479
0.8214583396911621
0.8535416722297668
0.8758333325386047
0.9037500023841858
0.940625011920929
0.9597916603088379
0.9624999761581421
0.9674999713897705
0.9735416769981384
0.9727083444595337
0.9818750023841858
0.98458331823349
0.9852083325386047
0.987500011920929
0.9829166531562805
0.9829166531562805
0.9868749976158142
0.9927083253860474
0.9927083253860474
0.984375
0.9806249737739563
0.9910416603088379
0.9943749904632568
0.9927083253860474
0.9893749952316284
0.987291693687439
0.9914583563804626
0.9916666746139526
0.9962499737739563
0.9918749928474426
0.9893749952316284
0.9950000047683716
0.9941666722297668
0.9962499737739563
0.996874988079071
0.9862499833106995
0.9900000095367432
0.996666669845581
0.9950000047683716
0.996874988079071
0.9960416555404663
0.9939583539962769
0.9906250238418579
0.9860416650772095
0.9945833086967468
0.9954166412353516
0.9956250190734863
0.9952083230018616
0.9931250214576721
0.9914583563804626
0.9960416555404663
0.9956250190734863

training history val accuracy
0.5083333253860474
0.5083333253860474
0.5083333253860474
0.5083333253860474
0.5083333253860474
0.5083333253860474
0.5083333253860474
0.5083333253860474
0.5083333253860474
0.5083333253860474
0.5083333253860474
0.5083333253860474
0.49166667461395264
0.5083333253860474
0.5141666531562805
0.49166667461395264
0.6075000166893005
0.7316666841506958
0.5083333253860474
0.5916666388511658
0.5083333253860474
0.6466666460037231
0.6258333325386047
0.5083333253860474
0.5083333253860474
0.5083333253860474
0.7566666603088379
0.5083333253860474
0.5083333253860474
0.5083333253860474
0.5083333253860474
0.6266666650772095
0.5816666483879089
0.7633333206176758
0.5091666579246521
0.5133333206176758
0.5083333253860474
0.5141666531562805
0.5141666531562805
0.5083333253860474
0.5083333253860474
0.49166667461395264
0.7316666841506958
0.5083333253860474
0.6141666769981384
0.5400000214576721
0.6508333086967468
0.5083333253860474
0.5083333253860474
0.7041666507720947
0.5083333253860474
0.5024999976158142
0.5483333468437195
0.5350000262260437
0.5083333253860474
0.5699999928474426
0.4958333373069763

training history loss
0.7286545634269714
0.5620691180229187
0.48972412943840027
0.46137383580207825
0.4204709529876709
0.38666391372680664
0.33310917019844055
0.292724072933197
0.232936292886734
0.15769504010677338
0.11210595816373825
0.10326559096574783
0.08137456327676773
0.06902779638767242
0.07393136620521545
0.05093050003051758
0.045635975897312164
0.043023061007261276
0.03805491700768471
0.04433370754122734
0.04684969037771225
0.03711283206939697
0.021167641505599022
0.018536318093538284
0.04213995486497879
0.05268993228673935
0.031415775418281555
0.017205646261572838
0.018764812499284744
0.030879653990268707
0.03185775876045227
0.023285947740077972
0.026533907279372215
0.012191738933324814
0.022998347878456116
0.02946251630783081
0.01682348921895027
0.01599905639886856
0.011986819095909595
0.010110680013895035
0.03858112916350365
0.028942210599780083
0.009727101773023605
0.012029592879116535
0.011267735622823238
0.0128726065158844
0.016072189435362816
0.030034875497221947
0.03943346068263054
0.017458144575357437
0.01123855635523796
0.01675037294626236
0.013858023099601269
0.019648011773824692
0.023588774725794792
0.013057846575975418
0.01105264388024807

training history val loss
5.350989818572998
6.881008148193359
11.070108413696289
7.5381364822387695
6.2467827796936035
5.707185745239258
7.308281421661377
6.380406379699707
6.966548442840576
8.13524055480957
4.9639973640441895
7.9448137283325195
6.258343696594238
15.864151954650879
4.581243515014648
6.842019081115723
2.5584452152252197
0.855013906955719
9.908642768859863
3.314582109451294
10.39636516571045
1.3672736883163452
1.9416555166244507
8.977561950683594
12.023043632507324
8.728052139282227
0.7768187522888184
6.974389553070068
12.984440803527832
3.575094699859619
8.233696937561035
2.032144784927368
3.5942325592041016
1.0867871046066284
7.282621383666992
5.218883991241455
8.213571548461914
7.208375453948975
6.87624979019165
15.96939468383789
17.851959228515625
13.551033973693848
1.111865758895874
8.845307350158691
2.7731454372406006
4.383453369140625
1.227262020111084
12.448103904724121
11.4733304977417
1.2700477838516235
7.188605308532715
3.680030584335327
4.155823230743408
4.857485771179199
11.972945213317871
4.055813789367676
6.56195068359375