test data loss : 0.888009250164032
test data accyracy : 0.6980000138282776

training history accuracy
0.5733333230018616
0.7195833325386047
0.7647916674613953
0.7872916460037231
0.8087499737739563
0.8274999856948853
0.8643749952316284
0.8891666531562805
0.92166668176651
0.9481250047683716
0.9589583277702332
0.9752083420753479
0.965416669845581
0.9766666889190674
0.981458306312561
0.9864583611488342
0.9897916913032532
0.9906250238418579
0.9839583039283752
0.9762499928474426
0.9866666793823242
0.9897916913032532
0.9895833134651184
0.9900000095367432
0.987708330154419
0.9847916960716248
0.9833333492279053
0.9879166483879089
0.9918749928474426
0.9972916841506958
0.9958333373069763
0.9895833134651184
0.9864583611488342
0.9910416603088379
0.9931250214576721
0.9964583516120911
0.9956250190734863
0.9929166436195374
0.9904166460037231
0.9927083253860474
0.9950000047683716
0.9943749904632568
0.9937499761581421
0.9889583587646484
0.9895833134651184
0.9920833110809326
0.9952083230018616

training history val accuracy
0.5083333253860474
0.5083333253860474
0.5083333253860474
0.5083333253860474
0.5083333253860474
0.5083333253860474
0.5083333253860474
0.5083333253860474
0.5083333253860474
0.5083333253860474
0.5083333253860474
0.6924999952316284
0.503333330154419
0.49166667461395264
0.596666693687439
0.6308333277702332
0.7108333110809326
0.5091666579246521
0.5091666579246521
0.6816666722297668
0.5841666460037231
0.512499988079071
0.6875
0.5083333253860474
0.49166667461395264
0.6449999809265137
0.5083333253860474
0.7233333587646484
0.7258333563804626
0.6941666603088379
0.5166666507720947
0.6175000071525574
0.7174999713897705
0.7233333587646484
0.5774999856948853
0.675000011920929
0.7233333587646484
0.5933333039283752
0.5083333253860474
0.5258333086967468
0.6116666793823242
0.49166667461395264
0.49166667461395264
0.5608333349227905
0.5091666579246521
0.7408333420753479
0.5091666579246521

training history loss
0.7296543121337891
0.547623872756958
0.4901615381240845
0.4467495083808899
0.41168567538261414
0.3801408112049103
0.30861422419548035
0.26717329025268555
0.19322986900806427
0.1409655064344406
0.10712062567472458
0.06706281006336212
0.09011206775903702
0.06620333343744278
0.05145825818181038
0.043197955936193466
0.03229434788227081
0.02719695121049881
0.04437604174017906
0.06297282874584198
0.03358027711510658
0.03109600953757763
0.027896620333194733
0.027419090270996094
0.028763167560100555
0.041465576738119125
0.043353330343961716
0.03177127242088318
0.022892462089657784
0.010305752977728844
0.012028970755636692
0.028518887236714363
0.03570445999503136
0.026529716327786446
0.01759658381342888
0.01230340451002121
0.01145638432353735
0.02212955616414547
0.026571528986096382
0.02161109633743763
0.01371492724865675
0.015080793760716915
0.018908251076936722
0.028991466388106346
0.02630799636244774
0.022681808099150658
0.014661043882369995

training history val loss
2.8615779876708984
5.875781059265137
7.972682952880859
8.249749183654785
9.906402587890625
11.69996452331543
14.359892845153809
12.024491310119629
12.041706085205078
5.654458522796631
6.815309047698975
1.066278100013733
3.839730978012085
6.562701225280762
2.2129907608032227
1.8272019624710083
0.8340266346931458
5.454903602600098
6.240859508514404
1.851572036743164
2.151921272277832
5.272853374481201
0.9132553339004517
10.098264694213867
9.78396987915039
1.7933223247528076
12.406576156616211
1.3524035215377808
1.1303092241287231
1.5911362171173096
5.218408584594727
2.151764154434204
1.021357774734497
1.2694019079208374
2.883725881576538
1.7055140733718872
1.1556694507598877
2.65187406539917
10.485158920288086
4.138526439666748
2.4519002437591553
7.7986369132995605
10.370996475219727
3.7955868244171143
10.479573249816895
0.9923562407493591
4.093326091766357