test data loss : 0.9185940623283386
test data accyracy : 0.746999979019165

training history accuracy
0.5697916746139526
0.68729168176651
0.7518749833106995
0.7764583230018616
0.7916666865348816
0.815625011920929
0.8335416913032532
0.8670833110809326
0.8829166889190674
0.9112499952316284
0.9454166889190674
0.9616666436195374
0.965416669845581
0.9725000262260437
0.9695833325386047
0.9862499833106995
0.984375
0.9833333492279053
0.9852083325386047
0.9868749976158142
0.9879166483879089
0.9818750023841858
0.9827083349227905
0.9906250238418579
0.9864583611488342
0.9912499785423279
0.9891666769981384
0.9864583611488342
0.9897916913032532
0.9964583516120911
0.9952083230018616
0.9931250214576721
0.9916666746139526
0.9910416603088379
0.9902083277702332
0.9866666793823242
0.9904166460037231
0.9929166436195374
0.9935416579246521
0.9900000095367432
0.9933333396911621
0.9981250166893005
0.9983333349227905
0.9960416555404663
0.9950000047683716
0.9870833158493042
0.9906250238418579
0.997083306312561
0.9977083206176758
0.9962499737739563
0.9920833110809326
0.9906250238418579
0.9881250262260437
0.9977083206176758
0.9960416555404663
0.9962499737739563
0.9922916889190674
0.9947916865348816
0.9918749928474426
0.9972916841506958
0.9977083206176758
0.9900000095367432
0.9887499809265137
0.9954166412353516
0.9945833086967468

training history val accuracy
0.5083333253860474
0.5083333253860474
0.5083333253860474
0.5083333253860474
0.5083333253860474
0.5083333253860474
0.5083333253860474
0.5083333253860474
0.5083333253860474
0.5083333253860474
0.5266666412353516
0.5333333611488342
0.49166667461395264
0.5083333253860474
0.5874999761581421
0.49166667461395264
0.5083333253860474
0.49166667461395264
0.7516666650772095
0.6033333539962769
0.5083333253860474
0.4925000071525574
0.49166667461395264
0.5224999785423279
0.628333330154419
0.5091666579246521
0.6899999976158142
0.7549999952316284
0.5558333396911621
0.6416666507720947
0.5299999713897705
0.5133333206176758
0.60916668176651
0.5425000190734863
0.737500011920929
0.6775000095367432
0.5516666769981384
0.6625000238418579
0.5083333253860474
0.512499988079071
0.5083333253860474
0.5083333253860474
0.5208333134651184
0.5441666841506958
0.49166667461395264
0.5083333253860474
0.7549999952316284
0.5099999904632568
0.6033333539962769
0.5091666579246521
0.6424999833106995
0.5091666579246521
0.7558333277702332
0.6891666650772095
0.512499988079071
0.5083333253860474
0.512499988079071
0.5083333253860474
0.60916668176651
0.5091666579246521
0.5083333253860474
0.5099999904632568
0.49416667222976685
0.5083333253860474
0.5099999904632568

training history loss
0.7331333160400391
0.5910887718200684
0.5140978097915649
0.4688186049461365
0.43764764070510864
0.39914748072624207
0.3588882386684418
0.31136393547058105
0.2797093093395233
0.21158812940120697
0.13881045579910278
0.10338377952575684
0.08610331267118454
0.08069121837615967
0.07633046805858612
0.041912566870450974
0.04530147835612297
0.04842956364154816
0.03817267715930939
0.035788655281066895
0.035272084176540375
0.04672135040163994
0.04565027728676796
0.02712857909500599
0.03546299412846565
0.02357710525393486
0.029618266969919205
0.04007687419652939
0.025669708847999573
0.013767293654382229
0.014831612817943096
0.01783689111471176
0.02124069258570671
0.02565273642539978
0.027074219658970833
0.035286784172058105
0.02513645589351654
0.017467858269810677
0.020443782210350037
0.025107858702540398
0.01614220254123211
0.006740438286215067
0.005188015289604664
0.014917670749127865
0.013891153037548065
0.03639007732272148
0.023853283375501633
0.007997242733836174
0.007563970051705837
0.010761108249425888
0.02452736906707287
0.027692537754774094
0.030340973287820816
0.007969486527144909
0.011076651513576508
0.014086601324379444
0.022592246532440186
0.014247848652303219
0.024171289056539536
0.008647087030112743
0.006594642996788025
0.026379531249403954
0.029919277876615524
0.012126985006034374
0.014954978600144386

training history val loss
1.8243952989578247
4.631711959838867
6.999549865722656
9.244935035705566
10.264458656311035
13.576245307922363
12.81196117401123
8.919692039489746
6.7147040367126465
10.644762992858887
2.2298452854156494
1.7017446756362915
7.650454044342041
5.855008602142334
1.8535351753234863
6.062621116638184
7.531286716461182
10.117554664611816
0.9690714478492737
1.6555083990097046
8.987931251525879
6.293956756591797
11.525918960571289
3.8567423820495605
1.7980012893676758
9.381510734558105
1.393399953842163
1.1487489938735962
3.5834500789642334
2.2078351974487305
4.262900352478027
4.196108341217041
2.314134120941162
3.230081081390381
0.9502474069595337
1.5273579359054565
3.3601722717285156
2.2646126747131348
14.973552703857422
6.896580219268799
14.186189651489258
11.6937837600708
5.765196323394775
3.323693037033081
10.497733116149902
13.184263229370117
1.2704429626464844
8.304165840148926
2.983842134475708
6.435356140136719
1.248661994934082
10.452425003051758
1.0416045188903809
2.2215747833251953
9.625374794006348
7.692692279815674
7.569856643676758
11.88332748413086
2.81569766998291
7.5788679122924805
9.355050086975098
7.3430495262146
8.146122932434082
12.8742036819458
8.365811347961426