test data loss : 0.7492574453353882
test data accyracy : 0.7059999704360962

training history accuracy
0.5820833444595337
0.7252083420753479
0.7614583373069763
0.793958306312561
0.8008333444595337
0.8097916841506958
0.8383333086967468
0.8758333325386047
0.8924999833106995
0.934374988079071
0.940416693687439
0.9643750190734863
0.9714583158493042
0.971875011920929
0.9806249737739563
0.9883333444595337
0.9831249713897705
0.9835416674613953
0.9885416626930237
0.9900000095367432
0.9804166555404663
0.9802083373069763
0.9893749952316284
0.9881250262260437
0.9925000071525574
0.9910416603088379
0.9868749976158142
0.9906250238418579
0.987291693687439
0.9922916889190674
0.9912499785423279
0.9870833158493042
0.9922916889190674
0.9891666769981384
0.9925000071525574
0.9954166412353516
0.9937499761581421
0.9927083253860474
0.9933333396911621
0.9954166412353516
0.9979166388511658
0.9918749928474426
0.9918749928474426
0.9927083253860474
0.9895833134651184
0.9902083277702332
0.9929166436195374
0.9937499761581421
0.9945833086967468
0.9925000071525574
0.9937499761581421

training history val accuracy
0.5083333253860474
0.5083333253860474
0.5083333253860474
0.5083333253860474
0.5083333253860474
0.5083333253860474
0.5083333253860474
0.5083333253860474
0.5083333253860474
0.5083333253860474
0.612500011920929
0.5258333086967468
0.49166667461395264
0.49166667461395264
0.6141666769981384
0.7524999976158142
0.5149999856948853
0.534166693687439
0.5133333206176758
0.5083333253860474
0.7300000190734863
0.5083333253860474
0.5083333253860474
0.51583331823349
0.5083333253860474
0.5416666865348816
0.5133333206176758
0.5083333253860474
0.5083333253860474
0.6449999809265137
0.5475000143051147
0.5083333253860474
0.5083333253860474
0.4925000071525574
0.5149999856948853
0.76583331823349
0.5083333253860474
0.7300000190734863
0.5541666746139526
0.5550000071525574
0.699999988079071
0.7541666626930237
0.5083333253860474
0.5141666531562805
0.49166667461395264
0.5083333253860474
0.5083333253860474
0.6000000238418579
0.528333306312561
0.5083333253860474
0.5083333253860474

training history loss
0.722358763217926
0.5518876910209656
0.48925507068634033
0.4445839524269104
0.4218381345272064
0.4033479392528534
0.3693314492702484
0.2924332320690155
0.2558794319629669
0.16741694509983063
0.15046939253807068
0.09802690893411636
0.06758427619934082
0.0782952532172203
0.05552693083882332
0.03907334432005882
0.04017627239227295
0.047871094197034836
0.03446168825030327
0.03006071038544178
0.057369474321603775
0.05332455411553383
0.028279047459363937
0.03175193443894386
0.0212560947984457
0.02059263177216053
0.031210998073220253
0.02513907104730606
0.03391958400607109
0.021894168108701706
0.02005966752767563
0.03095642477273941
0.021150141954421997
0.03108784928917885
0.020197272300720215
0.015370593406260014
0.01657934859395027
0.020199351012706757
0.018993474543094635
0.014878670684993267
0.006777346134185791
0.022296439856290817
0.023774897679686546
0.016842756420373917
0.031221281737089157
0.025467509403824806
0.019979439675807953
0.016094662249088287
0.015560966916382313
0.016885967925190926
0.01939988322556019

training history val loss
1.0622118711471558
5.197740077972412
7.130801677703857
7.922587871551514
8.195082664489746
7.399311542510986
7.009171485900879
11.48097038269043
1.9504345655441284
4.6243577003479
1.2205055952072144
3.029860019683838
7.362239360809326
7.214534282684326
1.2487399578094482
0.7651323676109314
3.9814510345458984
3.6736161708831787
5.01910924911499
6.843414783477783
0.7280598878860474
10.756185531616211
6.434736251831055
4.730898857116699
11.483135223388672
3.145559072494507
5.928370952606201
12.60106086730957
13.50848388671875
2.3243281841278076
3.4214677810668945
13.114969253540039
11.7022123336792
6.419206619262695
5.2096848487854
0.9144467115402222
6.123310089111328
1.1556482315063477
4.2626566886901855
2.992178440093994
1.2366878986358643
0.9356549978256226
15.281728744506836
7.241197109222412
7.999121189117432
13.871956825256348
12.080475807189941
2.8571479320526123
4.535857200622559
6.787156581878662
12.490619659423828