test data loss : 0.805398166179657
test data accyracy : 0.7269999980926514

training history accuracy
0.5543749928474426
0.675000011920929
0.75
0.7762500047683716
0.8010416626930237
0.8254166841506958
0.8587499856948853
0.8785416483879089
0.9277083277702332
0.9297916889190674
0.9577083587646484
0.9664583206176758
0.9739583134651184
0.9793750047683716
0.987708330154419
0.9797916412353516
0.9645833373069763
0.9800000190734863
0.9897916913032532
0.9925000071525574
0.9927083253860474
0.9866666793823242
0.9885416626930237
0.987500011920929
0.987291693687439
0.9879166483879089
0.9883333444595337
0.9927083253860474
0.9933333396911621
0.9879166483879089
0.9825000166893005
0.9912499785423279
0.9939583539962769
0.9962499737739563
0.9956250190734863
0.9908333420753479
0.9906250238418579
0.9910416603088379
0.9910416603088379
0.9904166460037231
0.9939583539962769
0.9947916865348816

training history val accuracy
0.5083333253860474
0.5083333253860474
0.5083333253860474
0.5083333253860474
0.5083333253860474
0.5083333253860474
0.5083333253860474
0.5083333253860474
0.5083333253860474
0.5083333253860474
0.5241666436195374
0.7108333110809326
0.596666693687439
0.49166667461395264
0.6608333587646484
0.5083333253860474
0.5116666555404663
0.6241666674613953
0.5083333253860474
0.7058333158493042
0.49166667461395264
0.6858333349227905
0.49166667461395264
0.5083333253860474
0.5083333253860474
0.6899999976158142
0.5975000262260437
0.6883333325386047
0.5083333253860474
0.5083333253860474
0.5083333253860474
0.7141666412353516
0.5366666913032532
0.5408333539962769
0.49166667461395264
0.5083333253860474
0.60916668176651
0.6791666746139526
0.5166666507720947
0.5083333253860474
0.5833333134651184
0.5533333420753479

training history loss
0.7339403033256531
0.6027554273605347
0.5079020261764526
0.46354228258132935
0.4208950698375702
0.38893038034439087
0.32073789834976196
0.2912791669368744
0.18788780272006989
0.17491090297698975
0.10877270996570587
0.09132956713438034
0.07253538817167282
0.05941148102283478
0.03774281218647957
0.05332591012120247
0.09145195037126541
0.05135949328541756
0.03128523752093315
0.021039457991719246
0.02183493599295616
0.03710859641432762
0.03516210988163948
0.03124048188328743
0.040505822747945786
0.029775705188512802
0.03245038166642189
0.022257596254348755
0.017448777332901955
0.028613604605197906
0.0444173738360405
0.026140505447983742
0.015058674849569798
0.010875516571104527
0.013607249595224857
0.026958201080560684
0.026021957397460938
0.024043280631303787
0.022867197170853615
0.026455208659172058
0.017110707238316536
0.01387507002800703

training history val loss
1.3265619277954102
3.5616023540496826
7.18405294418335
8.998725891113281
10.91685962677002
13.0082368850708
9.79836368560791
8.965597152709961
9.316206932067871
9.079877853393555
2.9988880157470703
0.8499661087989807
1.6835410594940186
10.145750999450684
1.442590594291687
11.568413734436035
4.2149739265441895
2.2508180141448975
11.008185386657715
1.179410457611084
6.7696638107299805
1.2949022054672241
9.00415325164795
10.641490936279297
6.4574408531188965
1.409560203552246
2.638789176940918
1.5359845161437988
7.669533729553223
5.819476127624512
9.103775978088379
1.0718594789505005
3.7980480194091797
4.057873725891113
9.29515266418457
12.18078327178955
2.6688129901885986
0.9867227077484131
2.9189412593841553
9.909061431884766
2.9823362827301025
3.905345916748047