test data loss : 1.039046049118042
test data accyracy : 0.5

training history accuracy
0.5635416507720947
0.6645833253860474
0.7495833039283752
0.7862499952316284
0.8020833134651184
0.8083333373069763
0.8402083516120911
0.8666666746139526
0.9035416841506958
0.9266666769981384
0.950208306312561
0.9616666436195374
0.9660416841506958
0.971875011920929
0.9781249761581421
0.9762499928474426
0.9856250286102295
0.9933333396911621
0.9864583611488342
0.9883333444595337
0.9854166507720947
0.9777083396911621
0.9831249713897705
0.9935416579246521
0.9977083206176758
0.9979166388511658
0.9956250190734863
0.9897916913032532
0.9631249904632568
0.9870833158493042
0.9941666722297668

training history val accuracy
0.5083333253860474
0.5083333253860474
0.5083333253860474
0.5083333253860474
0.5083333253860474
0.5083333253860474
0.5083333253860474
0.5083333253860474
0.5083333253860474
0.49166667461395264
0.5083333253860474
0.49166667461395264
0.5083333253860474
0.6108333468437195
0.5633333325386047
0.528333306312561
0.5099999904632568
0.5083333253860474
0.49166667461395264
0.49416667222976685
0.5083333253860474
0.5083333253860474
0.5083333253860474
0.5083333253860474
0.5083333253860474
0.5241666436195374
0.4925000071525574
0.5008333325386047
0.5291666388511658
0.6258333325386047
0.5299999713897705

training history loss
0.7389681935310364
0.602361261844635
0.5182561874389648
0.4642644226551056
0.4308341443538666
0.40388602018356323
0.36210396885871887
0.3115077316761017
0.23566673696041107
0.18237464129924774
0.12732061743736267
0.10279439389705658
0.08954069763422012
0.06889290362596512
0.059548016637563705
0.06295081228017807
0.03915828838944435
0.02343538962304592
0.034349456429481506
0.03454074636101723
0.03619080036878586
0.05958779528737068
0.04577212035655975
0.022083118557929993
0.008344946429133415
0.006963992957025766
0.011055238544940948
0.031024569645524025
0.1020837053656578
0.03522496297955513
0.016870085150003433

training history val loss
1.024355411529541
3.2522165775299072
7.071218490600586
6.260944366455078
7.029140472412109
7.615010738372803
9.690110206604004
16.185815811157227
8.256817817687988
15.01415729522705
10.909801483154297
7.439092636108398
8.85303020477295
2.0877509117126465
2.074873685836792
2.1638572216033936
6.6373066902160645
11.497613906860352
5.7978363037109375
5.173539638519287
9.830324172973633
9.443564414978027
6.666975021362305
11.061046600341797
9.387681007385254
4.261836528778076
6.191845417022705
4.845602035522461
4.0338358879089355
1.9841806888580322
5.025633811950684