test data loss : 0.9082874655723572
test data accyracy : 0.7260000109672546

training history accuracy
0.5641666650772095
0.7250000238418579
0.7758333086967468
0.8012499809265137
0.8231250047683716
0.8414583206176758
0.8910416960716248
0.9237499833106995
0.9318749904632568
0.9514583349227905
0.9697916507720947
0.9739583134651184
0.9741666913032532
0.9722916483879089
0.9829166531562805
0.9891666769981384
0.9885416626930237
0.9818750023841858
0.9887499809265137
0.9879166483879089
0.98416668176651
0.9914583563804626
0.987291693687439
0.9897916913032532
0.9891666769981384
0.9864583611488342
0.9922916889190674
0.9952083230018616
0.9941666722297668
0.9883333444595337
0.9889583587646484
0.9910416603088379
0.9931250214576721
0.9856250286102295
0.9893749952316284
0.9960416555404663
0.9952083230018616
0.9950000047683716
0.9916666746139526
0.9893749952316284
0.9902083277702332
0.9958333373069763
0.9935416579246521
0.9937499761581421
0.9958333373069763
0.9933333396911621
0.9950000047683716
0.9945833086967468
0.9929166436195374
0.9922916889190674
0.997083306312561
0.996874988079071

training history val accuracy
0.5083333253860474
0.5083333253860474
0.5083333253860474
0.5083333253860474
0.5083333253860474
0.5083333253860474
0.5083333253860474
0.5083333253860474
0.5083333253860474
0.49166667461395264
0.5083333253860474
0.49166667461395264
0.49166667461395264
0.5141666531562805
0.5083333253860474
0.5358333587646484
0.6808333396911621
0.5083333253860474
0.5083333253860474
0.5083333253860474
0.5083333253860474
0.7283333539962769
0.5991666913032532
0.5083333253860474
0.5266666412353516
0.7074999809265137
0.4933333396911621
0.7433333396911621
0.5208333134651184
0.6741666793823242
0.5083333253860474
0.6549999713897705
0.5083333253860474
0.7183333039283752
0.6625000238418579
0.7133333086967468
0.5433333516120911
0.5083333253860474
0.5091666579246521
0.5958333611488342
0.5083333253860474
0.5216666460037231
0.5375000238418579
0.5083333253860474
0.5683333277702332
0.5083333253860474
0.7191666960716248
0.5099999904632568
0.6299999952316284
0.6600000262260437
0.6700000166893005
0.67166668176651

training history loss
0.749430239200592
0.5496966242790222
0.47739338874816895
0.43099603056907654
0.39812085032463074
0.35143396258354187
0.2605423629283905
0.1957334578037262
0.17480680346488953
0.11668998748064041
0.0842553973197937
0.0676981508731842
0.06965947151184082
0.07015404850244522
0.049209192395210266
0.029896695166826248
0.032061848789453506
0.04567433521151543
0.03522786498069763
0.036533527076244354
0.04629669338464737
0.023151880130171776
0.0357845239341259
0.030890868976712227
0.03429851680994034
0.033445585519075394
0.023122446611523628
0.01505404431372881
0.015916412696242332
0.031152743846178055
0.03016151674091816
0.023054607212543488
0.016554441303014755
0.03771493211388588
0.027568260207772255
0.014007029123604298
0.014918950386345387
0.014803231693804264
0.02282743901014328
0.028015555813908577
0.026749106124043465
0.013570810668170452
0.015865379944443703
0.018094457685947418
0.011469058692455292
0.02007112465798855
0.013338050805032253
0.01648518815636635
0.01889125257730484
0.02366156503558159
0.009772154502570629
0.01074871513992548

training history val loss
1.68910551071167
4.933284282684326
7.243838787078857
5.131349086761475
4.890153884887695
4.701777458190918
7.107319355010986
5.539846420288086
5.119994163513184
5.051703929901123
4.363224506378174
6.210719585418701
4.807317733764648
4.994087219238281
7.4693522453308105
3.2158665657043457
1.425972819328308
9.892996788024902
7.8538665771484375
9.093099594116211
4.879642009735107
0.9331179857254028
2.9074835777282715
5.203239440917969
4.34580659866333
1.0740708112716675
6.16787052154541
1.0895839929580688
6.585229396820068
1.3292313814163208
9.838075637817383
2.046083688735962
6.983856678009033
1.104439616203308
1.4859540462493896
1.120558261871338
4.033231735229492
7.697429180145264
8.917600631713867
3.0141191482543945
11.904805183410645
6.0402512550354
2.8778271675109863
12.124958038330078
3.086064100265503
11.018238067626953
1.2159364223480225
6.9515380859375
2.4694509506225586
1.3591985702514648
2.2635014057159424
2.01434588432312