test data loss : 0.9182229042053223
test data accyracy : 0.7400000095367432

training history accuracy
0.5441666841506958
0.6881250143051147
0.7464583516120911
0.7674999833106995
0.8035416603088379
0.8272916674613953
0.8391666412353516
0.8768749833106995
0.9075000286102295
0.9354166388511658
0.949791669845581
0.9766666889190674
0.9629166722297668
0.9762499928474426
0.987291693687439
0.9916666746139526
0.98416668176651
0.9731249809265137
0.9768750071525574
0.9847916960716248
0.9906250238418579
0.9943749904632568
0.9952083230018616
0.9941666722297668
0.9833333492279053
0.9781249761581421
0.984375
0.9935416579246521
0.9962499737739563
0.9975000023841858
0.9950000047683716
0.9927083253860474
0.987708330154419
0.9895833134651184
0.9887499809265137
0.9945833086967468
0.9945833086967468
0.9962499737739563
0.9889583587646484
0.9922916889190674
0.996666669845581
0.9960416555404663
0.9918749928474426
0.9881250262260437
0.9931250214576721
0.9958333373069763
0.9922916889190674
0.9906250238418579
0.9922916889190674
0.9897916913032532
0.9960416555404663
0.9981250166893005
0.9993749856948853
0.9941666722297668

training history val accuracy
0.5083333253860474
0.5083333253860474
0.5083333253860474
0.5083333253860474
0.5083333253860474
0.5083333253860474
0.5083333253860474
0.5083333253860474
0.5083333253860474
0.5083333253860474
0.49166667461395264
0.5333333611488342
0.5083333253860474
0.5083333253860474
0.5699999928474426
0.5683333277702332
0.7283333539962769
0.5083333253860474
0.6158333420753479
0.5083333253860474
0.5091666579246521
0.6483333110809326
0.5941666960716248
0.7124999761581421
0.5083333253860474
0.5774999856948853
0.49166667461395264
0.5208333134651184
0.5216666460037231
0.5083333253860474
0.5166666507720947
0.5083333253860474
0.5083333253860474
0.5083333253860474
0.5108333230018616
0.5958333611488342
0.6775000095367432
0.49166667461395264
0.5083333253860474
0.746666669845581
0.6983333230018616
0.5083333253860474
0.5099999904632568
0.5108333230018616
0.5249999761581421
0.5099999904632568
0.5083333253860474
0.5083333253860474
0.6899999976158142
0.5216666460037231
0.5083333253860474
0.7016666531562805
0.5133333206176758
0.5083333253860474

training history loss
0.7962708473205566
0.5960323810577393
0.518660306930542
0.48129841685295105
0.42544642090797424
0.3900239169597626
0.3576691746711731
0.3029543161392212
0.22724410891532898
0.16555947065353394
0.1340012550354004
0.06337705999612808
0.09417621046304703
0.06477982550859451
0.03818924352526665
0.025612149387598038
0.045719072222709656
0.07062382996082306
0.06122870743274689
0.04435797035694122
0.028293326497077942
0.01592988334596157
0.016592929139733315
0.018189014866948128
0.04367605596780777
0.05846748501062393
0.04124635457992554
0.021560514345765114
0.012353731319308281
0.008218557573854923
0.015498298220336437
0.021016297861933708
0.0343540720641613
0.02789560705423355
0.02926543541252613
0.018090976402163506
0.01610947959125042
0.011990807950496674
0.027805257588624954
0.026827676221728325
0.01173543743789196
0.011335422284901142
0.025606762617826462
0.03182575851678848
0.021078841760754585
0.012203391641378403
0.021727927029132843
0.025751681998372078
0.018996013328433037
0.027542097494006157
0.014034018851816654
0.005235098768025637
0.0028148505371063948
0.014755409210920334

training history val loss
3.046353816986084
7.651779651641846
14.049884796142578
11.704265594482422
3.731252431869507
10.924017906188965
6.0081892013549805
10.344745635986328
18.100603103637695
10.473671913146973
8.287596702575684
2.585312604904175
7.534653186798096
5.565980911254883
2.2910478115081787
2.075986623764038
1.115073800086975
8.631417274475098
1.759894847869873
10.611883163452148
7.283979415893555
1.266419529914856
2.0097670555114746
0.9374673366546631
7.016332149505615
2.6832997798919678
16.074295043945312
4.609793663024902
3.4057111740112305
7.4662933349609375
4.913376331329346
12.02356243133545
13.458602905273438
15.28865909576416
7.846084117889404
2.230053424835205
1.8837072849273682
6.2364983558654785
10.627288818359375
1.068387746810913
1.3737082481384277
14.720622062683105
6.2909088134765625
5.164656162261963
5.662064075469971
6.784311771392822
22.049901962280273
12.304049491882324
1.4769262075424194
7.323320388793945
16.556293487548828
1.5853633880615234
5.400822639465332
22.50646209716797