test data loss : 0.8406997919082642
test data accyracy : 0.7210000157356262

training history accuracy
0.5693749785423279
0.6785416603088379
0.7418749928474426
0.7645833492279053
0.7956249713897705
0.8179166913032532
0.8543750047683716
0.8710416555404663
0.9156249761581421
0.9368749856948853
0.9541666507720947
0.9635416865348816
0.971875011920929
0.9800000190734863
0.9775000214576721
0.9816666841506958
0.9756249785423279
0.9862499833106995
0.9879166483879089
0.987500011920929
0.9837499856948853
0.9904166460037231
0.9922916889190674
0.9920833110809326
0.9862499833106995
0.9781249761581421
0.9893749952316284
0.9952083230018616
0.9910416603088379
0.9945833086967468
0.9920833110809326
0.9931250214576721
0.9868749976158142
0.987291693687439
0.9900000095367432
0.9920833110809326
0.9929166436195374
0.9925000071525574
0.9931250214576721
0.997083306312561
0.9964583516120911
0.9945833086967468
0.9947916865348816
0.9897916913032532
0.9893749952316284
0.9916666746139526
0.9931250214576721
0.9943749904632568
0.9972916841506958
0.9985416531562805
0.9954166412353516
0.9835416674613953
0.9941666722297668
0.9962499737739563
0.9956250190734863
0.9910416603088379
0.9920833110809326
0.9941666722297668
0.9931250214576721
0.996874988079071
0.9975000023841858
0.9956250190734863
0.9927083253860474
0.9912499785423279
0.9918749928474426
0.9981250166893005
0.9987499713897705
0.9983333349227905
0.9979166388511658
0.9972916841506958

training history val accuracy
0.5083333253860474
0.5083333253860474
0.5083333253860474
0.5083333253860474
0.5083333253860474
0.5083333253860474
0.5083333253860474
0.5083333253860474
0.5083333253860474
0.5083333253860474
0.5133333206176758
0.49166667461395264
0.5083333253860474
0.49166667461395264
0.5733333230018616
0.5575000047683716
0.5575000047683716
0.70333331823349
0.4925000071525574
0.5824999809265137
0.5891666412353516
0.49166667461395264
0.5091666579246521
0.49166667461395264
0.7258333563804626
0.7549999952316284
0.5083333253860474
0.49166667461395264
0.559166669845581
0.5091666579246521
0.49166667461395264
0.6141666769981384
0.5299999713897705
0.5083333253860474
0.5233333110809326
0.5083333253860474
0.6466666460037231
0.574999988079071
0.6741666793823242
0.7233333587646484
0.5083333253860474
0.7283333539962769
0.5091666579246521
0.49166667461395264
0.5083333253860474
0.7441666722297668
0.7291666865348816
0.5133333206176758
0.746666669845581
0.6341666579246521
0.6183333396911621
0.7425000071525574
0.5258333086967468
0.690833330154419
0.5233333110809326
0.49166667461395264
0.5458333492279053
0.49166667461395264
0.7066666483879089
0.5116666555404663
0.6991666555404663
0.5258333086967468
0.4933333396911621
0.5091666579246521
0.6341666579246521
0.5233333110809326
0.5083333253860474
0.5608333349227905
0.6916666626930237
0.5099999904632568

training history loss
0.7282100319862366
0.5992981791496277
0.5269479155540466
0.4836646020412445
0.4375598728656769
0.3981208801269531
0.3391093313694
0.2951171100139618
0.21001239120960236
0.16209551692008972
0.12300273776054382
0.09823120385408401
0.07498884201049805
0.05473969131708145
0.06236374005675316
0.04686036705970764
0.07040899246931076
0.03674078360199928
0.03705926239490509
0.032576896250247955
0.041538260877132416
0.02628195658326149
0.02308535948395729
0.020588986575603485
0.0335313118994236
0.05875600874423981
0.03003793954849243
0.01460304856300354
0.025537995621562004
0.014514475129544735
0.020287634804844856
0.021666841581463814
0.03573353588581085
0.03436542674899101
0.028483916074037552
0.022927582263946533
0.022644035518169403
0.020849375054240227
0.01689797453582287
0.008815917186439037
0.012389319017529488
0.012500214390456676
0.014590364880859852
0.03156016394495964
0.02854262664914131
0.02545226365327835
0.021262696012854576
0.016189049929380417
0.00963868759572506
0.004958536010235548
0.01334774773567915
0.045759886503219604
0.018847694620490074
0.008268220350146294
0.012615026906132698
0.02229868434369564
0.0219911839812994
0.013343710452318192
0.019929654896259308
0.009241930209100246
0.007052204571664333
0.010061705484986305
0.02324206754565239
0.02421150729060173
0.024243658408522606
0.00708973640576005
0.0048819719813764095
0.006079031154513359
0.00588670838624239
0.008804690092802048

training history val loss
1.109795093536377
2.9185783863067627
5.094522953033447
6.694910049438477
8.395609855651855
7.631506443023682
5.145062446594238
11.646831512451172
5.639886856079102
7.4466633796691895
4.491198539733887
11.154572486877441
8.134611129760742
7.687137126922607
2.422482490539551
2.929955244064331
3.0876457691192627
1.1285886764526367
6.598820209503174
2.804431200027466
2.3933844566345215
7.302632808685303
7.052648067474365
7.831557750701904
0.9589335322380066
1.0386505126953125
10.138323783874512
8.471153259277344
3.345060110092163
5.505267143249512
10.530111312866211
1.5711745023727417
4.5603742599487305
19.038536071777344
3.867326259613037
7.481022357940674
2.044837474822998
3.1858861446380615
1.4649935960769653
0.8857607841491699
9.316015243530273
1.3859755992889404
9.543709754943848
14.403704643249512
11.84200382232666
1.1543408632278442
1.275679111480713
7.054670333862305
1.0926591157913208
2.4032695293426514
2.5911636352539062
1.2447173595428467
4.985599994659424
1.514981746673584
5.549805641174316
19.166194915771484
5.319148063659668
14.102771759033203
1.801140308380127
7.833979606628418
1.6322999000549316
3.5894274711608887
6.87691068649292
6.161556243896484
2.745718240737915
5.381981372833252
11.391070365905762
5.655165195465088
1.2819899320602417
7.868628025054932