test data loss : 0.5462775826454163
test data accyracy : 0.7310000061988831

training history accuracy
0.5493749976158142
0.6870833039283752
0.7412499785423279
0.778333306312561
0.7954166531562805
0.8147916793823242
0.8433333039283752
0.8704166412353516
0.9058333039283752
0.918958306312561
0.9595833420753479
0.9652083516120911
0.9679166674613953
0.9739583134651184
0.9762499928474426
0.9839583039283752
0.981041669845581
0.9781249761581421
0.9881250262260437
0.9891666769981384
0.9902083277702332
0.9870833158493042
0.9906250238418579
0.98416668176651
0.9818750023841858
0.9889583587646484
0.9952083230018616
0.9918749928474426
0.9772916436195374
0.9885416626930237
0.9983333349227905
0.9981250166893005
0.9929166436195374
0.9891666769981384
0.9891666769981384
0.9908333420753479
0.9927083253860474
0.9914583563804626
0.9893749952316284
0.9918749928474426
0.9947916865348816
0.9958333373069763
0.997083306312561
0.9952083230018616
0.9879166483879089
0.9941666722297668
0.9972916841506958
0.996666669845581
0.997083306312561
0.9920833110809326
0.9889583587646484
0.9950000047683716
0.9987499713897705
0.9962499737739563
0.9916666746139526
0.9897916913032532
0.9952083230018616
0.9975000023841858
0.9993749856948853
0.9991666674613953
0.9933333396911621
0.9881250262260437
0.9916666746139526
0.9960416555404663
0.9952083230018616
0.9952083230018616
0.9954166412353516
0.9956250190734863
0.9958333373069763
0.9950000047683716
0.9922916889190674
0.9977083206176758
0.9956250190734863
0.9962499737739563
0.9956250190734863
0.996666669845581
0.9979166388511658
0.9995833039283752
0.9983333349227905
0.9925000071525574
0.9916666746139526

training history val accuracy
0.5083333253860474
0.5083333253860474
0.5083333253860474
0.5083333253860474
0.5083333253860474
0.5083333253860474
0.5083333253860474
0.5083333253860474
0.5083333253860474
0.5083333253860474
0.5083333253860474
0.5083333253860474
0.5091666579246521
0.5083333253860474
0.5083333253860474
0.5383333563804626
0.5083333253860474
0.5083333253860474
0.49166667461395264
0.49166667461395264
0.5091666579246521
0.6508333086967468
0.5141666531562805
0.5083333253860474
0.5091666579246521
0.5183333158493042
0.73416668176651
0.512499988079071
0.6833333373069763
0.5083333253860474
0.6175000071525574
0.5683333277702332
0.5149999856948853
0.5408333539962769
0.6366666555404663
0.5083333253860474
0.5083333253860474
0.5308333039283752
0.5083333253860474
0.5083333253860474
0.5116666555404663
0.5516666769981384
0.5508333444595337
0.6458333134651184
0.5083333253860474
0.5083333253860474
0.5141666531562805
0.7458333373069763
0.5208333134651184
0.6758333444595337
0.6924999952316284
0.7416666746139526
0.625
0.6825000047683716
0.5391666889190674
0.5083333253860474
0.737500011920929
0.5774999856948853
0.5141666531562805
0.6299999952316284
0.5208333134651184
0.5116666555404663
0.7058333158493042
0.5208333134651184
0.5083333253860474
0.6483333110809326
0.6683333516120911
0.5849999785423279
0.5099999904632568
0.5091666579246521
0.5383333563804626
0.5174999833106995
0.5241666436195374
0.5083333253860474
0.5641666650772095
0.5608333349227905
0.7541666626930237
0.7291666865348816
0.5316666960716248
0.49166667461395264
0.5274999737739563

training history loss
0.7588546872138977
0.59142005443573
0.5189399719238281
0.471564382314682
0.44267624616622925
0.40802687406539917
0.3622451424598694
0.3003908097743988
0.22406214475631714
0.20022422075271606
0.10264065116643906
0.08868579566478729
0.08299929648637772
0.07012420892715454
0.06046978756785393
0.044885117560625076
0.05596212297677994
0.05639738589525223
0.03673335909843445
0.02514759451150894
0.030528059229254723
0.03347070515155792
0.026761697605252266
0.04221412539482117
0.04890725016593933
0.033373452723026276
0.014403502456843853
0.021456364542245865
0.05930617079138756
0.031631048768758774
0.007702178321778774
0.0050819627940654755
0.019895628094673157
0.028302062302827835
0.030187590047717094
0.026133019477128983
0.021294694393873215
0.02191527560353279
0.02857392653822899
0.019805891439318657
0.017454272136092186
0.011369353160262108
0.00885248463600874
0.013651609420776367
0.03155721351504326
0.01625472865998745
0.009988113306462765
0.013739259913563728
0.010896990075707436
0.02177666313946247
0.02973851189017296
0.01574283465743065
0.0064485822804272175
0.009003419429063797
0.02931254357099533
0.02804214507341385
0.013950279913842678
0.00755557045340538
0.003788942936807871
0.004027274902909994
0.01872265711426735
0.033691272139549255
0.021270299330353737
0.00998072512447834
0.012725566513836384
0.012668879702687263
0.015877950936555862
0.012336986139416695
0.012259543873369694
0.013486252166330814
0.019403159618377686
0.011452929116785526
0.015206640586256981
0.011051102541387081
0.011769470758736134
0.01000107079744339
0.007490831892937422
0.001990774180740118
0.005957256071269512
0.022677794098854065
0.0216382909566164

training history val loss
1.2417056560516357
3.6939265727996826
7.049561977386475
8.198877334594727
5.360763072967529
6.608760356903076
6.3643012046813965
6.499730587005615
11.418281555175781
7.804883003234863
6.650973320007324
6.43394136428833
3.220906972885132
1.6978381872177124
9.89596939086914
2.9260988235473633
5.845355033874512
12.419058799743652
7.5304036140441895
3.457749843597412
4.791016578674316
1.4336047172546387
4.1854963302612305
8.969014167785645
4.684633255004883
3.5590896606445312
1.026384949684143
3.29245924949646
1.3878682851791382
14.378289222717285
2.6503608226776123
2.573603391647339
5.411227226257324
2.7668933868408203
1.0207624435424805
9.295495986938477
12.25585651397705
3.532440662384033
8.396698951721191
8.607702255249023
5.9851460456848145
2.6327929496765137
3.000562906265259
0.8476388454437256
10.883710861206055
9.424787521362305
6.417996406555176
0.9858408570289612
4.626511573791504
1.1001756191253662
0.5741986036300659
0.9060766696929932
1.58660888671875
1.3013163805007935
4.378377914428711
16.530664443969727
1.0147167444229126
3.7575321197509766
5.299363136291504
2.6739699840545654
5.69962739944458
5.15210485458374
1.2913944721221924
3.9869682788848877
10.01129150390625
1.3214411735534668
1.3818405866622925
2.095125198364258
9.00236988067627
9.360755920410156
4.963440418243408
5.387959003448486
6.179695129394531
8.227819442749023
4.4936065673828125
3.5947070121765137
0.9889664649963379
1.6617366075515747
4.867724418640137
8.980685234069824
6.523532390594482