test data loss : 0.6861163973808289
test data accyracy : 0.7570000290870667

training history accuracy
0.5672916769981384
0.6831250190734863
0.7389583587646484
0.7797916531562805
0.8018749952316284
0.8137500286102295
0.8414583206176758
0.8754166960716248
0.9022916555404663
0.9270833134651184
0.9524999856948853
0.9629166722297668
0.9668750166893005
0.9662500023841858
0.9770833253860474
0.9868749976158142
0.9908333420753479
0.9943749904632568
0.9947916865348816
0.9935416579246521
0.9806249737739563
0.9739583134651184
0.9827083349227905
0.9806249737739563
0.9883333444595337
0.9952083230018616
0.9964583516120911
0.9916666746139526
0.9831249713897705
0.9839583039283752
0.9918749928474426
0.9935416579246521
0.9943749904632568
0.9935416579246521
0.9902083277702332
0.9945833086967468
0.9893749952316284
0.9883333444595337
0.987500011920929
0.9918749928474426
0.9985416531562805
0.9985416531562805
0.9979166388511658
0.9954166412353516

training history val accuracy
0.5083333253860474
0.5083333253860474
0.5083333253860474
0.5083333253860474
0.5083333253860474
0.5083333253860474
0.5083333253860474
0.5083333253860474
0.5083333253860474
0.5083333253860474
0.49166667461395264
0.5083333253860474
0.5091666579246521
0.7350000143051147
0.49416667222976685
0.6150000095367432
0.5083333253860474
0.7591666579246521
0.5441666841506958
0.5550000071525574
0.5083333253860474
0.49166667461395264
0.5258333086967468
0.49166667461395264
0.5099999904632568
0.5708333253860474
0.5224999785423279
0.7241666913032532
0.5083333253860474
0.5083333253860474
0.6625000238418579
0.5083333253860474
0.5108333230018616
0.6241666674613953
0.5083333253860474
0.7566666603088379
0.5475000143051147
0.6850000023841858
0.5083333253860474
0.5099999904632568
0.5450000166893005
0.5183333158493042
0.6641666889190674
0.5083333253860474

training history loss
0.7506909966468811
0.5961048603057861
0.5290825366973877
0.4716643691062927
0.4260653257369995
0.4073300063610077
0.3553924262523651
0.2995649576187134
0.23866549134254456
0.18454615771770477
0.13073456287384033
0.09699975699186325
0.0831136554479599
0.09604226797819138
0.05991121754050255
0.04039414972066879
0.029216747730970383
0.017918379977345467
0.015760129317641258
0.02146049775183201
0.05381249263882637
0.0691995769739151
0.04807400330901146
0.0472537986934185
0.03221648186445236
0.013632695190608501
0.013033631257712841
0.022838914766907692
0.04687010496854782
0.04072636738419533
0.021920794621109962
0.018463855609297752
0.01783657632768154
0.01998715102672577
0.028367770835757256
0.015144109725952148
0.03022681176662445
0.02790912613272667
0.03776189312338829
0.021302806213498116
0.008802940137684345
0.006639945320785046
0.00661647180095315
0.012755105271935463

training history val loss
1.1927611827850342
3.0634398460388184
6.212951183319092
7.03219747543335
8.628074645996094
9.366613388061523
9.948196411132812
7.879695415496826
7.894138813018799
7.499922752380371
8.148345947265625
14.725003242492676
7.091399669647217
0.7107054591178894
5.31015157699585
1.3929903507232666
10.483341217041016
0.8791453242301941
2.5902106761932373
2.250080108642578
8.673118591308594
11.232674598693848
6.137228965759277
7.619462966918945
6.37066125869751
2.707462787628174
4.891729354858398
0.9135503172874451
7.564229488372803
10.36825180053711
1.3695002794265747
11.066781044006348
5.668713092803955
2.2438271045684814
10.713150978088379
0.8847370147705078
4.210948944091797
1.693161129951477
12.606524467468262
6.586127281188965
3.4784154891967773
5.595220565795898
1.5978829860687256
9.675493240356445