test data loss : 1.1488198041915894
test data accyracy : 0.5

training history accuracy
0.5531250238418579
0.7058333158493042
0.753333330154419
0.7847916483879089
0.8054166436195374
0.8262500166893005
0.8366666436195374
0.8662499785423279
0.9077083468437195
0.9277083277702332
0.965833306312561
0.9610416889190674
0.965624988079071
0.981041669845581
0.9816666841506958
0.9820833206176758
0.9752083420753479
0.98416668176651
0.9912499785423279
0.9881250262260437
0.9900000095367432
0.9852083325386047
0.9808333516120911
0.9933333396911621
0.9935416579246521
0.9922916889190674
0.9904166460037231
0.9922916889190674
0.9885416626930237
0.9879166483879089
0.987708330154419

training history val accuracy
0.5083333253860474
0.5083333253860474
0.5083333253860474
0.5083333253860474
0.5083333253860474
0.5083333253860474
0.5083333253860474
0.5083333253860474
0.5083333253860474
0.5083333253860474
0.5083333253860474
0.6299999952316284
0.5083333253860474
0.49166667461395264
0.4925000071525574
0.5083333253860474
0.49166667461395264
0.5083333253860474
0.51583331823349
0.6050000190734863
0.4925000071525574
0.49166667461395264
0.5133333206176758
0.5166666507720947
0.5141666531562805
0.5083333253860474
0.6524999737739563
0.5083333253860474
0.5724999904632568
0.6274999976158142
0.5091666579246521

training history loss
0.7243674397468567
0.5727282166481018
0.5071176886558533
0.45247742533683777
0.4157814681529999
0.38234657049179077
0.35394713282585144
0.3058716058731079
0.22789080440998077
0.17672330141067505
0.09259458631277084
0.09702983498573303
0.09442012757062912
0.055063895881175995
0.049445897340774536
0.04635557532310486
0.06647592037916183
0.04439719766378403
0.024529386311769485
0.03630564734339714
0.028959782794117928
0.04302415996789932
0.05493423342704773
0.020866842940449715
0.016890736296772957
0.023029178380966187
0.02861407957971096
0.020579826086759567
0.03199709579348564
0.03269714489579201
0.032924383878707886

training history val loss
1.1316828727722168
3.4696106910705566
5.809744358062744
4.975376605987549
9.333810806274414
8.25710391998291
7.613033771514893
8.864371299743652
7.731682300567627
12.925397872924805
11.352873802185059
1.2568163871765137
9.581513404846191
6.36483097076416
5.692079067230225
10.50040054321289
9.486130714416504
9.663178443908691
4.855049133300781
2.12013840675354
5.8098464012146
9.81887435913086
6.237203598022461
4.694409370422363
5.181849002838135
7.535815238952637
1.4855183362960815
10.7504301071167
3.1686923503875732
2.5823323726654053
6.852530002593994