test data loss : 0.8871528506278992
test data accyracy : 0.7609999775886536

training history accuracy
0.5743749737739563
0.7014583349227905
0.7477083206176758
0.7727083563804626
0.7910416722297668
0.8195833563804626
0.8379166722297668
0.871874988079071
0.9054166674613953
0.9210416674613953
0.9608333110809326
0.9731249809265137
0.9664583206176758
0.9737499952316284
0.9791666865348816
0.981458306312561
0.9908333420753479
0.9920833110809326
0.9850000143051147
0.981041669845581
0.981041669845581
0.9829166531562805
0.9897916913032532
0.9945833086967468
0.9947916865348816
0.9906250238418579
0.9860416650772095
0.987708330154419
0.9822916388511658
0.9889583587646484
0.9941666722297668
0.9956250190734863
0.9945833086967468
0.9941666722297668
0.9881250262260437
0.9920833110809326
0.9927083253860474
0.9975000023841858
0.996666669845581
0.9972916841506958
0.9897916913032532
0.98458331823349
0.9922916889190674
0.9950000047683716
0.9989583492279053
0.997083306312561
0.9943749904632568
0.9839583039283752
0.9868749976158142
0.9922916889190674
0.9962499737739563
0.9979166388511658
0.9975000023841858
0.996666669845581
0.9881250262260437
0.9933333396911621
0.9933333396911621
0.9900000095367432
0.9958333373069763
0.997083306312561
0.9985416531562805
0.9981250166893005
0.9985416531562805
0.9937499761581421
0.9850000143051147
0.9939583539962769
0.9977083206176758
0.996666669845581
0.9925000071525574
0.9929166436195374
0.9910416603088379
0.9964583516120911
0.9981250166893005
0.9962499737739563
0.9935416579246521
0.9964583516120911
0.9964583516120911
0.9958333373069763
0.9956250190734863
0.9956250190734863
0.9977083206176758
0.9979166388511658

training history val accuracy
0.5083333253860474
0.5083333253860474
0.5083333253860474
0.5083333253860474
0.5083333253860474
0.5083333253860474
0.5083333253860474
0.5083333253860474
0.5083333253860474
0.5083333253860474
0.5258333086967468
0.5183333158493042
0.49166667461395264
0.5083333253860474
0.67166668176651
0.6524999737739563
0.49416667222976685
0.5508333444595337
0.4958333373069763
0.5183333158493042
0.5975000262260437
0.6358333230018616
0.5241666436195374
0.5291666388511658
0.5183333158493042
0.6058333516120911
0.5083333253860474
0.6616666913032532
0.5091666579246521
0.512499988079071
0.5616666674613953
0.7250000238418579
0.49166667461395264
0.5083333253860474
0.5083333253860474
0.746666669845581
0.753333330154419
0.762499988079071
0.6675000190734863
0.5274999737739563
0.5083333253860474
0.5083333253860474
0.5108333230018616
0.5874999761581421
0.5333333611488342
0.7333333492279053
0.5433333516120911
0.6516666412353516
0.5083333253860474
0.6708333492279053
0.5083333253860474
0.7383333444595337
0.5108333230018616
0.5816666483879089
0.5099999904632568
0.7008333206176758
0.6541666388511658
0.6558333039283752
0.6775000095367432
0.621666669845581
0.5108333230018616
0.5183333158493042
0.5183333158493042
0.5099999904632568
0.5083333253860474
0.7333333492279053
0.746666669845581
0.6241666674613953
0.5083333253860474
0.5083333253860474
0.5091666579246521
0.6916666626930237
0.49166667461395264
0.6108333468437195
0.5433333516120911
0.5958333611488342
0.5183333158493042
0.5391666889190674
0.6308333277702332
0.5083333253860474
0.7133333086967468
0.5208333134651184

training history loss
0.7517101764678955
0.571291446685791
0.5197415351867676
0.47708138823509216
0.44125431776046753
0.39837101101875305
0.3560013771057129
0.30405789613723755
0.23148220777511597
0.18963786959648132
0.11017043143510818
0.07622673362493515
0.09331978112459183
0.06966106593608856
0.05928194522857666
0.04851261153817177
0.02594299241900444
0.024511072784662247
0.040364254266023636
0.05070626735687256
0.04692697525024414
0.04242837056517601
0.02833131141960621
0.018356846645474434
0.01705259457230568
0.025707487016916275
0.0377669595181942
0.03544362261891365
0.047447942197322845
0.03502385690808296
0.015901530161499977
0.012208940461277962
0.01551026850938797
0.01498591061681509
0.03927486762404442
0.02559122070670128
0.017459362745285034
0.00889483094215393
0.012562679126858711
0.008142756298184395
0.02774784155189991
0.04406570643186569
0.024691922590136528
0.012766079045832157
0.0048694550059735775
0.006515843793749809
0.016616325825452805
0.04290375858545303
0.03381761908531189
0.02052641101181507
0.01184724923223257
0.007055958732962608
0.00797723326832056
0.00940984021872282
0.03408552706241608
0.023115042597055435
0.01701398566365242
0.02732032537460327
0.015499780885875225
0.00963329803198576
0.0055587561801075935
0.00603849720209837
0.0041707465425133705
0.01737767457962036
0.0395616814494133
0.017027512192726135
0.006397785618901253
0.009748781099915504
0.017961416393518448
0.022418595850467682
0.02479909360408783
0.008968012407422066
0.006877743173390627
0.009768920950591564
0.016871018335223198
0.00969497486948967
0.011434828862547874
0.013426612131297588
0.011164415627717972
0.011703120544552803
0.007200439926236868
0.0057675521820783615

training history val loss
1.0928223133087158
3.733773946762085
6.3970818519592285
7.547959804534912
6.163414001464844
5.491797924041748
5.269465446472168
5.927547454833984
5.743919849395752
7.562296390533447
2.237833023071289
4.87734842300415
8.30516242980957
7.430685043334961
1.0201828479766846
1.3614028692245483
4.089267253875732
2.5987746715545654
4.4426445960998535
3.827465772628784
1.8427925109863281
1.2064622640609741
4.2099175453186035
2.6723194122314453
3.9881856441497803
2.5259740352630615
12.515997886657715
1.3440016508102417
5.864275932312012
5.932186603546143
2.876192569732666
1.246080994606018
6.432005882263184
7.158998012542725
8.301207542419434
0.9770811200141907
1.1713205575942993
1.0337296724319458
2.518115758895874
5.212779521942139
16.071941375732422
15.514708518981934
8.455326080322266
3.2395174503326416
5.050323486328125
1.3453505039215088
4.404404163360596
1.6301075220108032
10.242443084716797
1.1188762187957764
7.901787281036377
0.9086061716079712
8.9210786819458
2.7650792598724365
5.488429069519043
1.5521254539489746
1.828962802886963
1.4263510704040527
1.3029382228851318
2.411564826965332
7.629115581512451
6.644385814666748
6.002955913543701
7.638796329498291
13.314857482910156
1.4970166683197021
1.3075913190841675
2.9347567558288574
6.797038555145264
13.334684371948242
9.778128623962402
2.0302798748016357
11.367406845092773
2.604356527328491
5.375345706939697
4.136534214019775
5.778026103973389
4.878560543060303
3.993293523788452
23.321016311645508
1.6129690408706665
4.927500247955322