test data loss : 1.0024265050888062
test data accyracy : 0.7369999885559082

training history accuracy
0.5683333277702332
0.6952083110809326
0.7606250047683716
0.7835416793823242
0.7979166507720947
0.8304166793823242
0.8547916412353516
0.8910416960716248
0.9241666793823242
0.9414583444595337
0.956041693687439
0.9700000286102295
0.9645833373069763
0.9743750095367432
0.9856250286102295
0.9900000095367432
0.9847916960716248
0.9768750071525574
0.9902083277702332
0.9920833110809326
0.9889583587646484
0.9870833158493042
0.9897916913032532
0.9839583039283752
0.9868749976158142
0.9906250238418579
0.9935416579246521
0.9935416579246521
0.996874988079071
0.9895833134651184
0.9829166531562805
0.9866666793823242
0.987500011920929
0.9914583563804626
0.9947916865348816
0.9918749928474426
0.9908333420753479
0.9912499785423279
0.9937499761581421
0.9964583516120911
0.9956250190734863
0.9933333396911621
0.9881250262260437
0.9925000071525574
0.9945833086967468
0.9979166388511658
0.9950000047683716
0.9933333396911621
0.9889583587646484
0.9893749952316284
0.9947916865348816
0.9960416555404663
0.9895833134651184

training history val accuracy
0.5083333253860474
0.5083333253860474
0.5083333253860474
0.5083333253860474
0.5083333253860474
0.5083333253860474
0.5083333253860474
0.5083333253860474
0.5208333134651184
0.5083333253860474
0.5083333253860474
0.49166667461395264
0.5674999952316284
0.6916666626930237
0.5149999856948853
0.49166667461395264
0.49166667461395264
0.6491666436195374
0.5091666579246521
0.5083333253860474
0.49166667461395264
0.6158333420753479
0.7574999928474426
0.5099999904632568
0.5208333134651184
0.5558333396911621
0.5083333253860474
0.5508333444595337
0.5716666579246521
0.6899999976158142
0.5199999809265137
0.49166667461395264
0.6308333277702332
0.6991666555404663
0.7024999856948853
0.49166667461395264
0.5116666555404663
0.6466666460037231
0.612500011920929
0.5099999904632568
0.612500011920929
0.5083333253860474
0.5083333253860474
0.7716666460037231
0.534166693687439
0.5224999785423279
0.6816666722297668
0.5149999856948853
0.5083333253860474
0.5083333253860474
0.5083333253860474
0.6308333277702332
0.534166693687439

training history loss
0.738074779510498
0.5741960406303406
0.49333456158638
0.4595606029033661
0.4256408214569092
0.37726080417633057
0.32510581612586975
0.26547688245773315
0.19477535784244537
0.152040034532547
0.11545015871524811
0.08393274992704391
0.08804816752672195
0.06691298633813858
0.04484429582953453
0.032348159700632095
0.044633444398641586
0.06427086144685745
0.029224399477243423
0.02452533133327961
0.03463627025485039
0.03841308504343033
0.0287836454808712
0.04240325838327408
0.037657201290130615
0.024168966338038445
0.02204015478491783
0.020138971507549286
0.011126536875963211
0.029530439525842667
0.04782261699438095
0.03389335051178932
0.028953872621059418
0.023799099028110504
0.01705610379576683
0.022304119542241096
0.02508055791258812
0.023736678063869476
0.015324133448302746
0.010020764544606209
0.01340543758124113
0.020535506308078766
0.038904108107089996
0.02200537919998169
0.016223758459091187
0.00634553749114275
0.013185599818825722
0.018839901313185692
0.027465760707855225
0.02858906425535679
0.015683334320783615
0.014081377536058426
0.026655690744519234

training history val loss
2.9224655628204346
7.97001314163208
9.234222412109375
10.925941467285156
14.309362411499023
14.588287353515625
13.593862533569336
7.331892967224121
3.2891011238098145
8.811506271362305
17.0808048248291
7.4296135902404785
1.366508960723877
1.1465792655944824
4.61074161529541
13.251118659973145
15.102880477905273
1.8670538663864136
9.436576843261719
10.439373016357422
10.84267807006836
2.176532506942749
0.9427548050880432
5.433183670043945
6.0119171142578125
2.932158946990967
12.026121139526367
3.8732669353485107
3.4305553436279297
2.1103556156158447
5.324848175048828
9.121463775634766
1.6928737163543701
1.5399377346038818
1.5597180128097534
12.577855110168457
7.385948657989502
2.2318389415740967
2.106757164001465
9.187219619750977
2.2031710147857666
10.867561340332031
11.317962646484375
1.286515712738037
5.737020969390869
5.128451824188232
2.3895702362060547
8.550980567932129
16.785762786865234
15.877006530761719
15.13294792175293
2.6790313720703125
3.8020215034484863