test data loss : 0.7663278579711914
test data accyracy : 0.5

training history accuracy
0.5372916460037231
0.5620833039283752
0.6850000023841858
0.7652083039283752
0.7858333587646484
0.8125
0.8262500166893005
0.8477083444595337
0.8806250095367432
0.9077083468437195
0.925208330154419
0.9489583373069763
0.9604166746139526
0.9747916460037231
0.9762499928474426
0.987708330154419
0.9870833158493042
0.9760416746139526
0.9787499904632568
0.98416668176651
0.9889583587646484
0.9870833158493042
0.9887499809265137
0.9885416626930237
0.9918749928474426
0.9910416603088379
0.9850000143051147
0.9904166460037231
0.9958333373069763
0.9945833086967468
0.9900000095367432

training history val accuracy
0.49166667461395264
0.5083333253860474
0.5083333253860474
0.5083333253860474
0.5083333253860474
0.5083333253860474
0.5083333253860474
0.5083333253860474
0.5116666555404663
0.5083333253860474
0.5083333253860474
0.49166667461395264
0.5083333253860474
0.6058333516120911
0.5083333253860474
0.5516666769981384
0.5083333253860474
0.5433333516120911
0.49166667461395264
0.5258333086967468
0.5083333253860474
0.6258333325386047
0.5116666555404663
0.5083333253860474
0.54666668176651
0.5566666722297668
0.5083333253860474
0.5083333253860474
0.49166667461395264
0.5233333110809326
0.75

training history loss
0.7758541107177734
0.6865359544754028
0.5883787870407104
0.4897409677505493
0.4523545205593109
0.41156691312789917
0.386531263589859
0.3427235186100006
0.2762937545776367
0.22176724672317505
0.17629294097423553
0.12440892308950424
0.10150188952684402
0.07270633429288864
0.06432206183671951
0.03603385388851166
0.03526240587234497
0.0625259205698967
0.05959780886769295
0.0409102663397789
0.028883196413517
0.03881271928548813
0.032172128558158875
0.031666990369558334
0.02152266912162304
0.024522222578525543
0.04295694828033447
0.02659730426967144
0.010792926885187626
0.016129285097122192
0.026368100196123123

training history val loss
0.7728087902069092
0.9666715264320374
2.9977660179138184
5.582892894744873
8.665672302246094
11.501611709594727
8.818039894104004
11.2400541305542
5.220292568206787
5.583747386932373
7.324248790740967
6.551092624664307
6.037720203399658
1.5094631910324097
8.107508659362793
3.592092990875244
7.0033416748046875
3.2843425273895264
7.401495933532715
4.226686000823975
12.5081148147583
1.9856935739517212
2.39805269241333
9.214617729187012
3.4223029613494873
2.454256534576416
18.896377563476562
7.394334316253662
6.304760456085205
5.1823859214782715
0.9725918769836426