test data loss : 0.7933647632598877
test data accyracy : 0.7170000076293945

training history accuracy
0.5552083253860474
0.6945833563804626
0.7547916769981384
0.7858333587646484
0.8152083158493042
0.8268749713897705
0.8643749952316284
0.8922916650772095
0.9212499856948853
0.9429166913032532
0.9599999785423279
0.96895831823349
0.9674999713897705
0.9850000143051147
0.9750000238418579
0.9822916388511658
0.9852083325386047
0.984375
0.9789583086967468
0.98458331823349
0.9927083253860474
0.9885416626930237
0.9931250214576721
0.9933333396911621
0.9785416722297668
0.9852083325386047
0.9916666746139526
0.9931250214576721
0.987708330154419
0.9864583611488342
0.9850000143051147
0.9935416579246521
0.9960416555404663
0.996874988079071
0.997083306312561
0.9983333349227905
0.9945833086967468
0.9883333444595337
0.9887499809265137
0.9856250286102295

training history val accuracy
0.5083333253860474
0.5083333253860474
0.5083333253860474
0.5083333253860474
0.5083333253860474
0.5083333253860474
0.5083333253860474
0.5083333253860474
0.5083333253860474
0.7041666507720947
0.7108333110809326
0.4975000023841858
0.49166667461395264
0.5566666722297668
0.5358333587646484
0.5116666555404663
0.5608333349227905
0.5508333444595337
0.5083333253860474
0.5083333253860474
0.5083333253860474
0.7441666722297668
0.5083333253860474
0.6958333253860474
0.49166667461395264
0.7491666674613953
0.5083333253860474
0.5833333134651184
0.5083333253860474
0.49166667461395264
0.5083333253860474
0.6541666388511658
0.5083333253860474
0.6474999785423279
0.5099999904632568
0.49166667461395264
0.5116666555404663
0.5083333253860474
0.6974999904632568
0.5083333253860474

training history loss
0.7259430289268494
0.583488941192627
0.49890315532684326
0.4582862854003906
0.40803414583206177
0.375169962644577
0.3088616728782654
0.2549624443054199
0.19691666960716248
0.14355343580245972
0.10407649725675583
0.07943623512983322
0.08150438964366913
0.041261572390794754
0.0621880479156971
0.05157635733485222
0.04019177332520485
0.046447768807411194
0.057577360421419144
0.042816679924726486
0.02430223673582077
0.030541861429810524
0.019946690648794174
0.019476747140288353
0.055684756487607956
0.041326455771923065
0.024337058886885643
0.01957017183303833
0.030518613755702972
0.039879195392131805
0.03914019092917442
0.018432341516017914
0.010491560213267803
0.009568958543241024
0.008962610736489296
0.005603126250207424
0.015666352584958076
0.03226189687848091
0.034939609467983246
0.036002881824970245

training history val loss
1.3081668615341187
5.823775768280029
8.552205085754395
8.101201057434082
6.771627426147461
7.413127422332764
6.29206657409668
5.925130844116211
10.92641830444336
0.7803335189819336
0.9900014400482178
4.075228214263916
9.869617462158203
2.276228904724121
4.188028335571289
4.015683174133301
2.5604119300842285
3.0814244747161865
12.64770793914795
12.584223747253418
9.470261573791504
0.8216100335121155
7.0638556480407715
1.3955779075622559
9.25838851928711
0.848357617855072
15.264240264892578
2.203211545944214
8.826107025146484
6.8528900146484375
7.856168746948242
1.4389935731887817
6.518465042114258
2.132533550262451
7.913352966308594
6.49801778793335
5.523102760314941
23.557798385620117
1.295143961906433
5.172023773193359