test data loss : 0.9331573843955994
test data accyracy : 0.5

training history accuracy
0.5414583086967468
0.6627083420753479
0.7241666913032532
0.765625
0.7910416722297668
0.8149999976158142
0.8289583325386047
0.8558333516120911
0.8804166913032532
0.9072916507720947
0.9337499737739563
0.95333331823349
0.9641666412353516
0.971875011920929
0.9747916460037231
0.9764583110809326
0.9775000214576721
0.9754166603088379
0.9889583587646484
0.9904166460037231
0.9929166436195374
0.9943749904632568
0.9800000190734863
0.9806249737739563
0.9806249737739563
0.9920833110809326
0.9975000023841858
0.99979168176651
0.9985416531562805
0.996666669845581
0.9939583539962769

training history val accuracy
0.5083333253860474
0.5083333253860474
0.5083333253860474
0.5083333253860474
0.5083333253860474
0.5083333253860474
0.5083333253860474
0.5083333253860474
0.5083333253860474
0.5383333563804626
0.49166667461395264
0.6108333468437195
0.512499988079071
0.6583333611488342
0.5083333253860474
0.5083333253860474
0.5191666483879089
0.5083333253860474
0.5408333539962769
0.5400000214576721
0.5083333253860474
0.49166667461395264
0.5083333253860474
0.5083333253860474
0.5083333253860474
0.5083333253860474
0.6033333539962769
0.6875
0.49916666746139526
0.5083333253860474
0.5133333206176758

training history loss
0.7329544425010681
0.6182247400283813
0.5381209254264832
0.48648518323898315
0.44170841574668884
0.4034164547920227
0.38091209530830383
0.3423899710178375
0.2826365530490875
0.22739967703819275
0.16655513644218445
0.1249902993440628
0.09744332730770111
0.07198304682970047
0.06475665420293808
0.06382708996534348
0.05752262845635414
0.06498321890830994
0.03430815786123276
0.028512999415397644
0.01984230987727642
0.01709461770951748
0.05052180215716362
0.05265934765338898
0.05069918558001518
0.025922361761331558
0.010613068006932735
0.003762254724279046
0.005735724698752165
0.010347314178943634
0.014688237570226192

training history val loss
0.9211477637290955
2.847886085510254
5.4705963134765625
6.6519060134887695
9.90064811706543
9.433985710144043
11.017154693603516
8.203316688537598
11.02522087097168
1.8105741739273071
5.7246527671813965
2.040743112564087
5.221431732177734
1.3870986700057983
7.931713104248047
14.699861526489258
3.848522186279297
20.238149642944336
3.983016014099121
3.5627281665802
14.831490516662598
6.287928581237793
16.026514053344727
14.666695594787598
29.007646560668945
7.509472846984863
2.092909574508667
1.6961289644241333
5.895719528198242
13.062697410583496
5.822025299072266