test data loss : 0.8879486322402954
test data accyracy : 0.746999979019165

training history accuracy
0.5714583396911621
0.7141666412353516
0.7602083086967468
0.7724999785423279
0.7989583611488342
0.8210416436195374
0.8618749976158142
0.8804166913032532
0.9239583611488342
0.949791669845581
0.9622916579246521
0.9679166674613953
0.965833306312561
0.9791666865348816
0.987291693687439
0.9860416650772095
0.9822916388511658
0.9820833206176758
0.9825000166893005
0.9866666793823242
0.9912499785423279
0.9927083253860474
0.9929166436195374
0.9854166507720947
0.9829166531562805
0.981249988079071
0.9852083325386047
0.9922916889190674
0.9941666722297668
0.9941666722297668
0.9904166460037231
0.9858333468437195
0.9922916889190674
0.9933333396911621
0.9933333396911621
0.9914583563804626
0.9922916889190674
0.9887499809265137
0.9908333420753479
0.9920833110809326
0.9956250190734863
0.9933333396911621
0.9954166412353516
0.9960416555404663
0.9939583539962769
0.9914583563804626
0.9906250238418579
0.9916666746139526
0.9950000047683716
0.9929166436195374
0.9916666746139526
0.9950000047683716
0.996874988079071
0.997083306312561
0.9979166388511658
0.9958333373069763
0.9837499856948853
0.9908333420753479
0.9975000023841858
0.9941666722297668
0.9956250190734863
0.9983333349227905
0.9952083230018616
0.9918749928474426
0.9935416579246521
0.9962499737739563
0.9958333373069763
0.996874988079071
0.9958333373069763
0.9947916865348816
0.9935416579246521
0.9931250214576721
0.9958333373069763
0.9956250190734863
0.9989583492279053
0.996874988079071
0.9914583563804626
0.9954166412353516
0.9987499713897705
0.9983333349227905
0.9964583516120911
0.996666669845581
0.9950000047683716
0.9958333373069763
0.996874988079071
0.9929166436195374
0.9939583539962769
0.9958333373069763
0.9954166412353516
0.9937499761581421
0.996666669845581
0.9954166412353516
0.9956250190734863
0.9985416531562805
0.996666669845581
0.9956250190734863

training history val accuracy
0.5083333253860474
0.5083333253860474
0.5083333253860474
0.5083333253860474
0.5083333253860474
0.5083333253860474
0.5083333253860474
0.5083333253860474
0.5083333253860474
0.49166667461395264
0.5191666483879089
0.5325000286102295
0.6058333516120911
0.5091666579246521
0.6416666507720947
0.6449999809265137
0.5224999785423279
0.49166667461395264
0.49166667461395264
0.5933333039283752
0.5083333253860474
0.621666669845581
0.5116666555404663
0.49416667222976685
0.5083333253860474
0.6233333349227905
0.5091666579246521
0.5116666555404663
0.5083333253860474
0.6733333468437195
0.5458333492279053
0.5116666555404663
0.675000011920929
0.70333331823349
0.5083333253860474
0.7258333563804626
0.5799999833106995
0.5083333253860474
0.5491666793823242
0.5550000071525574
0.5533333420753479
0.5083333253860474
0.7074999809265137
0.7058333158493042
0.7241666913032532
0.5083333253860474
0.5216666460037231
0.6358333230018616
0.7149999737739563
0.49166667461395264
0.5108333230018616
0.5108333230018616
0.5458333492279053
0.5308333039283752
0.7366666793823242
0.5350000262260437
0.5091666579246521
0.51583331823349
0.690833330154419
0.6883333325386047
0.5508333444595337
0.7308333516120911
0.5108333230018616
0.5133333206176758
0.5108333230018616
0.7074999809265137
0.6633333563804626
0.6291666626930237
0.5083333253860474
0.5258333086967468
0.5183333158493042
0.7475000023841858
0.4983333349227905
0.5166666507720947
0.5333333611488342
0.6208333373069763
0.5083333253860474
0.5099999904632568
0.5108333230018616
0.5333333611488342
0.5083333253860474
0.6700000166893005
0.5099999904632568
0.5083333253860474
0.5141666531562805
0.5116666555404663
0.5483333468437195
0.5566666722297668
0.5325000286102295
0.5091666579246521
0.5083333253860474
0.5083333253860474
0.7350000143051147
0.5608333349227905
0.5083333253860474
0.70333331823349

training history loss
0.774395227432251
0.566554844379425
0.49976420402526855
0.4717531204223633
0.4242136776447296
0.3943515121936798
0.3260268270969391
0.2843151092529297
0.19577254354953766
0.12770362198352814
0.09958422929048538
0.08450675755739212
0.0909426137804985
0.0596495121717453
0.0343957357108593
0.03519963100552559
0.043734367936849594
0.04424147680401802
0.047569047659635544
0.03553900495171547
0.024308133870363235
0.021436376497149467
0.021762343123555183
0.03290076553821564
0.04889025539159775
0.04553954675793648
0.03701196238398552
0.02363492362201214
0.018460683524608612
0.016100674867630005
0.02187984064221382
0.03774340823292732
0.0233304500579834
0.018083350732922554
0.01922133006155491
0.023992760106921196
0.020893074572086334
0.030018018558621407
0.02145565114915371
0.02263266034424305
0.013134259730577469
0.018569642677903175
0.012218981981277466
0.01259082555770874
0.016486113891005516
0.023795515298843384
0.02482343278825283
0.023229680955410004
0.015474853105843067
0.019141582772135735
0.020735902711749077
0.015073086135089397
0.009178933687508106
0.00835863221436739
0.0067912498489022255
0.013144724071025848
0.05204743519425392
0.024314485490322113
0.009255360811948776
0.01648377813398838
0.011212709359824657
0.005646162666380405
0.0112962257117033
0.023334115743637085
0.020904920995235443
0.012287722900509834
0.010326093062758446
0.010829608887434006
0.012608128599822521
0.012499035336077213
0.017986280843615532
0.017309051007032394
0.013158256188035011
0.013871802017092705
0.003616445930674672
0.011686083860695362
0.0247371643781662
0.012001466937363148
0.003775176592171192
0.004883317742496729
0.009372900240123272
0.009529617615044117
0.01507952343672514
0.01275593601167202
0.0059412033297121525
0.0200843196362257
0.01621464639902115
0.013541460037231445
0.012093443423509598
0.016755154356360435
0.009492067620158195
0.013832462951540947
0.01101713441312313
0.0049881841987371445
0.009873281233012676
0.011317763477563858

training history val loss
3.6995067596435547
6.282111644744873
8.249979972839355
7.792715549468994
5.134589672088623
7.26762056350708
5.290534496307373
2.336479902267456
8.586912155151367
5.751938819885254
3.078585624694824
1.6524463891983032
1.5207233428955078
5.100828647613525
1.2939479351043701
1.4829236268997192
3.2307181358337402
8.600616455078125
7.502259254455566
2.175436019897461
5.478959560394287
1.3519607782363892
5.552079200744629
5.5741868019104
5.933574676513672
1.5062893629074097
7.202374458312988
5.855796813964844
8.590139389038086
1.633617639541626
4.058445453643799
5.122180938720703
1.4462854862213135
1.0782413482666016
11.257158279418945
1.266769528388977
1.6371533870697021
8.513787269592285
4.431554317474365
3.1343185901641846
3.4480936527252197
7.924963474273682
1.5072886943817139
1.3067600727081299
1.0187894105911255
9.668307304382324
4.688911437988281
2.503523588180542
1.106080412864685
8.243014335632324
6.601935386657715
8.578466415405273
3.9120655059814453
5.882094383239746
1.5101991891860962
5.40442419052124
8.198932647705078
6.679694652557373
1.6922149658203125
1.4852197170257568
4.662901401519775
1.0854157209396362
4.037693500518799
6.579494476318359
9.053526878356934
1.007509469985962
1.8854845762252808
3.2396888732910156
13.459968566894531
7.379951000213623
4.237636089324951
1.3585361242294312
5.021416664123535
7.421528339385986
5.720417022705078
2.6346616744995117
12.985445976257324
9.87885570526123
9.227669715881348
4.62908411026001
14.368102073669434
1.6460230350494385
6.294402599334717
15.734142303466797
7.352282524108887
8.784408569335938
5.4957146644592285
4.212513446807861
3.734309434890747
7.322824478149414
15.321012496948242
13.864583015441895
1.1605185270309448
5.92879056930542
13.631614685058594
1.547690987586975