test data loss : 0.8150102496147156
test data accyracy : 0.7509999871253967

training history accuracy
0.5945833325386047
0.7393749952316284
0.7720833420753479
0.8029166460037231
0.8320833444595337
0.8589583039283752
0.8889583349227905
0.9233333468437195
0.9508333206176758
0.9481250047683716
0.9756249785423279
0.9866666793823242
0.981249988079071
0.9674999713897705
0.9662500023841858
0.9806249737739563
0.9854166507720947
0.9910416603088379
0.987500011920929
0.9820833206176758
0.9893749952316284
0.9906250238418579
0.987500011920929
0.9866666793823242
0.987500011920929
0.9927083253860474
0.9900000095367432
0.981041669845581
0.9883333444595337
0.9937499761581421
0.9902083277702332
0.9879166483879089
0.9870833158493042
0.9922916889190674
0.9916666746139526
0.9956250190734863
0.9958333373069763
0.997083306312561
0.9931250214576721
0.9939583539962769
0.9920833110809326
0.9914583563804626
0.9954166412353516
0.9893749952316284

training history val accuracy
0.5083333253860474
0.5083333253860474
0.5083333253860474
0.5083333253860474
0.5083333253860474
0.5083333253860474
0.5083333253860474
0.5083333253860474
0.6483333110809326
0.5083333253860474
0.5116666555404663
0.5975000262260437
0.5083333253860474
0.7416666746139526
0.5083333253860474
0.7191666960716248
0.49166667461395264
0.7108333110809326
0.4950000047683716
0.49166667461395264
0.5091666579246521
0.4975000023841858
0.49166667461395264
0.5083333253860474
0.5083333253860474
0.5083333253860474
0.5299999713897705
0.5116666555404663
0.5475000143051147
0.6758333444595337
0.5141666531562805
0.5083333253860474
0.5083333253860474
0.5133333206176758
0.5858333110809326
0.5083333253860474
0.5525000095367432
0.5199999809265137
0.5083333253860474
0.5083333253860474
0.6883333325386047
0.5891666412353516
0.5224999785423279
0.6175000071525574

training history loss
0.7655556797981262
0.5243844389915466
0.481626033782959
0.42289668321609497
0.37947818636894226
0.32072916626930237
0.2600363790988922
0.19241218268871307
0.12794381380081177
0.12897241115570068
0.07181607186794281
0.041799791157245636
0.05078957974910736
0.08717899024486542
0.08398987352848053
0.05189000070095062
0.04027293622493744
0.029278786852955818
0.03859841823577881
0.05055354908108711
0.03379249945282936
0.025198329240083694
0.03318462148308754
0.035140570253133774
0.03364771604537964
0.023036720231175423
0.025936184450984
0.04908885806798935
0.028223343193531036
0.020397508516907692
0.025040259584784508
0.03136036545038223
0.03503022342920303
0.02401750162243843
0.02307296171784401
0.014504995197057724
0.011927491053938866
0.008786513470113277
0.019959118217229843
0.019387388601899147
0.02767377905547619
0.0196845680475235
0.014439485967159271
0.0303026270121336

training history val loss
4.958950996398926
9.047879219055176
7.824466228485107
7.349807262420654
11.060898780822754
8.4508638381958
7.9943695068359375
7.843545913696289
1.169741153717041
5.544094085693359
3.8055648803710938
2.1923325061798096
10.833139419555664
0.8473817706108093
5.809823989868164
1.021497368812561
8.511540412902832
1.1766961812973022
4.308322429656982
6.113941669464111
7.142012596130371
4.089028358459473
7.221044063568115
6.985486030578613
11.381834030151367
8.744845390319824
4.975769519805908
6.10664176940918
2.8801887035369873
1.663947343826294
5.226375102996826
6.4929633140563965
10.032580375671387
6.494077205657959
1.2241649627685547
7.627840995788574
4.103500843048096
4.593939781188965
10.915075302124023
10.088427543640137
1.649603009223938
2.457562208175659
5.433890342712402
2.0288467407226562