test data loss : 0.6931477189064026
test data accyracy : 0.5

training history accuracy
0.5020833611488342
0.5020833611488342
0.5020833611488342
0.5020833611488342
0.5020833611488342
0.4945833384990692
0.5020833611488342
0.5020833611488342
0.5020833611488342
0.5020833611488342
0.5020833611488342
0.4962500035762787
0.5020833611488342
0.5020833611488342
0.5020833611488342
0.5020833611488342
0.48750001192092896
0.5020833611488342
0.5020833611488342
0.5020833611488342
0.5020833611488342
0.49416667222976685
0.5020833611488342
0.5020833611488342
0.4908333420753479
0.5020833611488342
0.4879166781902313
0.4970833361148834
0.5020833611488342
0.5020833611488342
0.492083340883255
0.5020833611488342
0.5020833611488342
0.5020833611488342
0.5020833611488342
0.49541667103767395

training history val accuracy
0.49166667461395264
0.49166667461395264
0.49166667461395264
0.49166667461395264
0.49166667461395264
0.49166667461395264
0.49166667461395264
0.49166667461395264
0.49166667461395264
0.49166667461395264
0.49166667461395264
0.49166667461395264
0.49166667461395264
0.49166667461395264
0.49166667461395264
0.49166667461395264
0.49166667461395264
0.49166667461395264
0.49166667461395264
0.49166667461395264
0.49166667461395264
0.49166667461395264
0.49166667461395264
0.49166667461395264
0.49166667461395264
0.49166667461395264
0.49166667461395264
0.49166667461395264
0.49166667461395264
0.49166667461395264
0.49166667461395264
0.49166667461395264
0.49166667461395264
0.49166667461395264
0.49166667461395264
0.49166667461395264

training history loss
0.6945682764053345
0.6931856870651245
0.6931663155555725
0.6931720972061157
0.6931911706924438
0.6931747794151306
0.6931727528572083
0.693151593208313
0.6931655406951904
0.6931726336479187
0.6932277083396912
0.6931852102279663
0.6931727528572083
0.6932034492492676
0.6931961178779602
0.6932010650634766
0.6932020783424377
0.6931858658790588
0.69317626953125
0.6932055950164795
0.6931642889976501
0.6931978464126587
0.6931634545326233
0.6931819915771484
0.6932017803192139
0.6931651830673218
0.6932346820831299
0.6932027339935303
0.6931690573692322
0.6932027339935303
0.6931875348091125
0.6931740045547485
0.693190336227417
0.6931663751602173
0.6931899189949036
0.6931862235069275

training history val loss
0.6932825446128845
0.6932353973388672
0.6932541131973267
0.6932180523872375
0.6932604312896729
0.6931643486022949
0.6932451725006104
0.6932469606399536
0.6931948065757751
0.6932450532913208
0.6932410597801208
0.6931831240653992
0.6932270526885986
0.693207323551178
0.6931979656219482
0.6932373642921448
0.6932119727134705
0.6932422518730164
0.6932064294815063
0.6932211518287659
0.6931934356689453
0.693265974521637
0.6932058930397034
0.6931911706924438
0.6932041049003601
0.6932302117347717
0.6932253837585449
0.693315863609314
0.6932241916656494
0.693294882774353
0.6932100653648376
0.6932597160339355
0.6931954026222229
0.6932069659233093
0.693254828453064
0.6931910514831543