test data loss : 0.693280041217804
test data accyracy : 0.5

training history accuracy
0.5049999952316284
0.49916666746139526
0.5093749761581421
0.49791666865348816
0.49291667342185974
0.5012500286102295
0.5020833611488342
0.5020833611488342
0.5020833611488342
0.5020833611488342
0.4945833384990692
0.5020833611488342
0.4937500059604645
0.5020833611488342
0.5020833611488342
0.5020833611488342
0.5020833611488342
0.5020833611488342
0.4908333420753479
0.5020833611488342
0.5020833611488342
0.4908333420753479
0.5020833611488342
0.48374998569488525
0.5020833611488342
0.5020833611488342
0.5020833611488342
0.5020833611488342
0.5020833611488342
0.49291667342185974
0.5020833611488342
0.49416667222976685
0.5020833611488342

training history val accuracy
0.49166667461395264
0.49166667461395264
0.5083333253860474
0.5083333253860474
0.5083333253860474
0.49166667461395264
0.49166667461395264
0.49166667461395264
0.49166667461395264
0.49166667461395264
0.49166667461395264
0.49166667461395264
0.49166667461395264
0.49166667461395264
0.49166667461395264
0.49166667461395264
0.49166667461395264
0.49166667461395264
0.49166667461395264
0.49166667461395264
0.49166667461395264
0.49166667461395264
0.49166667461395264
0.49166667461395264
0.49166667461395264
0.49166667461395264
0.49166667461395264
0.49166667461395264
0.49166667461395264
0.49166667461395264
0.49166667461395264
0.49166667461395264
0.49166667461395264

training history loss
0.7012122273445129
0.6934174299240112
0.6930533051490784
0.6933556199073792
0.6931753754615784
0.6931858658790588
0.693166196346283
0.6931715607643127
0.69320148229599
0.6931709051132202
0.6932182312011719
0.6932052969932556
0.6931732892990112
0.6931698322296143
0.6931756138801575
0.6931766867637634
0.6931952834129333
0.6931616067886353
0.6932061910629272
0.6931840777397156
0.6931636333465576
0.6932489275932312
0.693200409412384
0.6932165026664734
0.6932039260864258
0.693172812461853
0.6931824684143066
0.6931604743003845
0.6932210922241211
0.6931990385055542
0.6931850910186768
0.6931883692741394
0.6931625604629517

training history val loss
0.6935682892799377
0.6960384249687195
0.6930087804794312
0.693117082118988
0.6931418180465698
0.6931554675102234
0.6932731866836548
0.693192183971405
0.6932008266448975
0.6932581663131714
0.6931717991828918
0.693246066570282
0.6931828260421753
0.6932177543640137
0.6932132840156555
0.6932136416435242
0.6932744979858398
0.6932132244110107
0.6932029724121094
0.6932958364486694
0.6932482123374939
0.6932432651519775
0.6932298541069031
0.6932106614112854
0.6932787299156189
0.6932259798049927
0.6932079195976257
0.6932048797607422
0.6931928396224976
0.6932411789894104
0.6932358145713806
0.6931947469711304
0.6932499408721924