test data loss : 0.6931410431861877
test data accyracy : 0.5

training history accuracy
0.5043749809265137
0.5004166960716248
0.5022916793823242
0.5020833611488342
0.5020833611488342
0.4975000023841858
0.5020833611488342
0.5020833611488342
0.4895833432674408
0.5020833611488342
0.5020833611488342
0.48750001192092896
0.5020833611488342
0.4891666769981384
0.5020833611488342
0.5020833611488342
0.48875001072883606
0.5020833611488342
0.48249998688697815
0.5020833611488342
0.49000000953674316
0.49291667342185974
0.49000000953674316
0.5020833611488342
0.5020833611488342
0.5020833611488342
0.4908333420753479
0.5020833611488342
0.4975000023841858
0.5020833611488342
0.5020833611488342

training history val accuracy
0.5083333253860474
0.5083333253860474
0.49166667461395264
0.49166667461395264
0.49166667461395264
0.49166667461395264
0.49166667461395264
0.49166667461395264
0.49166667461395264
0.49166667461395264
0.49166667461395264
0.49166667461395264
0.49166667461395264
0.49166667461395264
0.49166667461395264
0.49166667461395264
0.49166667461395264
0.49166667461395264
0.49166667461395264
0.49166667461395264
0.49166667461395264
0.49166667461395264
0.49166667461395264
0.49166667461395264
0.49166667461395264
0.49166667461395264
0.49166667461395264
0.49166667461395264
0.49166667461395264
0.49166667461395264
0.49166667461395264

training history loss
0.7005136013031006
0.6932401061058044
0.693187415599823
0.6931704878807068
0.6932306885719299
0.6931877732276917
0.6931821703910828
0.6931986212730408
0.6932209730148315
0.693203866481781
0.6931716203689575
0.6932110786437988
0.6932864785194397
0.6931955814361572
0.6931971311569214
0.6931835412979126
0.693195641040802
0.6931938529014587
0.6932016611099243
0.6931833624839783
0.6931894421577454
0.693206250667572
0.6932020783424377
0.6931678652763367
0.6931778192520142
0.6932226419448853
0.6932004690170288
0.6932003498077393
0.693189263343811
0.6931938529014587
0.6931656002998352

training history val loss
0.6931241154670715
0.6931309103965759
0.6932169795036316
0.6932190656661987
0.693297266960144
0.6931955218315125
0.6933057308197021
0.6932017803192139
0.6932278871536255
0.6932933330535889
0.6932045221328735
0.6931965947151184
0.6932456493377686
0.6932117342948914
0.6933382153511047
0.6932280659675598
0.6932709813117981
0.6932473182678223
0.6932327151298523
0.6932582855224609
0.6932544112205505
0.6932134628295898
0.6932207345962524
0.6932821869850159
0.6932286620140076
0.693204939365387
0.6932008862495422
0.693232536315918
0.6931946873664856
0.6932500600814819
0.6932472586631775