test data loss : 0.69312584400177
test data accyracy : 0.5

training history accuracy
0.5058333277702332
0.49791666865348816
0.49541667103767395
0.48875001072883606
0.5020833611488342
0.5020833611488342
0.5020833611488342
0.5020833611488342
0.5020833611488342
0.5020833611488342
0.5020833611488342
0.5020833611488342
0.49291667342185974
0.5020833611488342
0.5020833611488342
0.49541667103767395
0.5020833611488342
0.5020833611488342
0.5020833611488342
0.5020833611488342
0.5020833611488342
0.49000000953674316
0.5020833611488342
0.5020833611488342
0.4937500059604645
0.5020833611488342
0.5020833611488342
0.5020833611488342
0.48249998688697815
0.5020833611488342
0.5020833611488342

training history val accuracy
0.5083333253860474
0.5083333253860474
0.49166667461395264
0.49166667461395264
0.49166667461395264
0.49166667461395264
0.49166667461395264
0.49166667461395264
0.49166667461395264
0.49166667461395264
0.49166667461395264
0.49166667461395264
0.49166667461395264
0.49166667461395264
0.49166667461395264
0.49166667461395264
0.49166667461395264
0.49166667461395264
0.49166667461395264
0.49166667461395264
0.49166667461395264
0.49166667461395264
0.49166667461395264
0.49166667461395264
0.49166667461395264
0.49166667461395264
0.49166667461395264
0.49166667461395264
0.49166667461395264
0.49166667461395264
0.49166667461395264

training history loss
0.7066251039505005
0.6932094097137451
0.6931930780410767
0.6932322978973389
0.6931788325309753
0.6931688189506531
0.6931807398796082
0.6931657195091248
0.6931667327880859
0.6931626796722412
0.6931552886962891
0.6931605339050293
0.6931962966918945
0.693176805973053
0.693268358707428
0.693189263343811
0.6931692957878113
0.693166196346283
0.6931578516960144
0.6931802034378052
0.6931815147399902
0.6932105422019958
0.6931924223899841
0.6931840181350708
0.6932179927825928
0.6931900382041931
0.6932036280632019
0.6931878328323364
0.6932358145713806
0.693231999874115
0.6931912302970886

training history val loss
0.6930979490280151
0.6931124329566956
0.6931827068328857
0.6932405829429626
0.6932785511016846
0.6932878494262695
0.6932553648948669
0.6932647824287415
0.6932109594345093
0.6932071447372437
0.6932402849197388
0.6932267546653748
0.6932923197746277
0.6932404041290283
0.6931895613670349
0.6932040452957153
0.6931971311569214
0.6932069659233093
0.693246603012085
0.6932550668716431
0.6931986212730408
0.693246066570282
0.6932223439216614
0.6932405829429626
0.6932515501976013
0.6932013034820557
0.6932263374328613
0.6931824088096619
0.6932454109191895
0.6932957172393799
0.6932086944580078