test data loss : 0.6931474804878235
test data accyracy : 0.5

training history accuracy
0.4987500011920929
0.492083340883255
0.5020833611488342
0.5020833611488342
0.5020833611488342
0.4933333396911621
0.5020833611488342
0.5020833611488342
0.5020833611488342
0.4975000023841858
0.5020833611488342
0.5020833611488342
0.5020833611488342
0.5020833611488342
0.4933333396911621
0.4891666769981384
0.5020833611488342
0.5020833611488342
0.5020833611488342
0.4945833384990692
0.5020833611488342
0.5020833611488342
0.4933333396911621
0.5020833611488342
0.5020833611488342
0.5020833611488342
0.5020833611488342
0.4970833361148834
0.5020833611488342
0.5020833611488342
0.5020833611488342

training history val accuracy
0.49166667461395264
0.49166667461395264
0.49166667461395264
0.49166667461395264
0.49166667461395264
0.49166667461395264
0.49166667461395264
0.49166667461395264
0.49166667461395264
0.49166667461395264
0.49166667461395264
0.49166667461395264
0.49166667461395264
0.49166667461395264
0.49166667461395264
0.49166667461395264
0.49166667461395264
0.49166667461395264
0.49166667461395264
0.49166667461395264
0.49166667461395264
0.49166667461395264
0.49166667461395264
0.49166667461395264
0.49166667461395264
0.49166667461395264
0.49166667461395264
0.49166667461395264
0.49166667461395264
0.49166667461395264
0.49166667461395264

training history loss
0.6967764496803284
0.6932523846626282
0.6931925415992737
0.69317227602005
0.6931982636451721
0.6932185292243958
0.6931784152984619
0.6931635141372681
0.6931719183921814
0.693179190158844
0.693217933177948
0.6931777000427246
0.69316166639328
0.6932070255279541
0.6931968331336975
0.6932006478309631
0.693191647529602
0.693208634853363
0.693170428276062
0.6931901574134827
0.6931809782981873
0.6931691765785217
0.6931913495063782
0.6931807994842529
0.6931895017623901
0.6931899189949036
0.6932515501976013
0.6931810975074768
0.6931561827659607
0.6931712627410889
0.6932070255279541

training history val loss
0.6931549906730652
0.6932106614112854
0.6932174563407898
0.6932230591773987
0.6932528018951416
0.6931964755058289
0.6932443380355835
0.6932416558265686
0.6932225823402405
0.693210780620575
0.693291425704956
0.6932392716407776
0.693191647529602
0.6932447552680969
0.6931654214859009
0.6932239532470703
0.6932462453842163
0.6932870745658875
0.6932445764541626
0.6932187080383301
0.6932045221328735
0.6932409405708313
0.6932359933853149
0.6932157278060913
0.6932475566864014
0.6932279467582703
0.6932039260864258
0.6931801438331604
0.6932314038276672
0.693259596824646
0.693234384059906