test data loss : 0.6931473612785339
test data accyracy : 0.5

training history accuracy
0.5095833539962769
0.4947916567325592
0.4952083230018616
0.5020833611488342
0.4945833384990692
0.5020833611488342
0.5020833611488342
0.49000000953674316
0.5020833611488342
0.5020833611488342
0.5020833611488342
0.5020833611488342
0.5020833611488342
0.5020833611488342
0.49541667103767395
0.5020833611488342
0.5020833611488342
0.5020833611488342
0.49041667580604553
0.5020833611488342
0.49916666746139526
0.5020833611488342
0.5020833611488342
0.5020833611488342
0.5020833611488342
0.49041667580604553
0.5020833611488342
0.5020833611488342
0.49125000834465027
0.5020833611488342
0.5020833611488342
0.5020833611488342
0.5020833611488342
0.5020833611488342
0.4937500059604645
0.49541667103767395
0.5020833611488342
0.5020833611488342
0.5020833611488342
0.5020833611488342
0.49416667222976685
0.49791666865348816
0.5020833611488342
0.5020833611488342
0.4937500059604645
0.4829166531562805
0.5020833611488342
0.5020833611488342
0.5020833611488342
0.5020833611488342
0.49166667461395264
0.48625001311302185
0.5020833611488342
0.5020833611488342
0.5020833611488342
0.5020833611488342
0.5020833611488342
0.4937500059604645
0.5020833611488342
0.4858333468437195
0.5020833611488342
0.5020833611488342
0.5020833611488342
0.5020833611488342
0.49291667342185974
0.4908333420753479
0.5020833611488342
0.4891666769981384
0.5020833611488342
0.49791666865348816
0.5020833611488342
0.5020833611488342
0.5020833611488342
0.5020833611488342
0.5020833611488342
0.49000000953674316
0.5020833611488342
0.5020833611488342
0.5020833611488342
0.5020833611488342

training history val accuracy
0.5083333253860474
0.49166667461395264
0.49166667461395264
0.49166667461395264
0.49166667461395264
0.49166667461395264
0.49166667461395264
0.49166667461395264
0.49166667461395264
0.49166667461395264
0.49166667461395264
0.49166667461395264
0.49166667461395264
0.49166667461395264
0.49166667461395264
0.49166667461395264
0.49166667461395264
0.49166667461395264
0.49166667461395264
0.49166667461395264
0.49166667461395264
0.49166667461395264
0.49166667461395264
0.49166667461395264
0.49166667461395264
0.49166667461395264
0.49166667461395264
0.49166667461395264
0.49166667461395264
0.49166667461395264
0.49166667461395264
0.49166667461395264
0.49166667461395264
0.49166667461395264
0.49166667461395264
0.49166667461395264
0.49166667461395264
0.49166667461395264
0.49166667461395264
0.49166667461395264
0.49166667461395264
0.49166667461395264
0.49166667461395264
0.49166667461395264
0.49166667461395264
0.49166667461395264
0.49166667461395264
0.49166667461395264
0.49166667461395264
0.49166667461395264
0.49166667461395264
0.49166667461395264
0.49166667461395264
0.49166667461395264
0.49166667461395264
0.49166667461395264
0.49166667461395264
0.49166667461395264
0.49166667461395264
0.49166667461395264
0.49166667461395264
0.49166667461395264
0.49166667461395264
0.49166667461395264
0.49166667461395264
0.49166667461395264
0.49166667461395264
0.49166667461395264
0.49166667461395264
0.49166667461395264
0.49166667461395264
0.49166667461395264
0.49166667461395264
0.49166667461395264
0.49166667461395264
0.49166667461395264
0.49166667461395264
0.49166667461395264
0.49166667461395264
0.49166667461395264

training history loss
0.6987115740776062
0.6934045553207397
0.6931995749473572
0.6931955218315125
0.6931948065757751
0.6931695342063904
0.6931899785995483
0.6932059526443481
0.693179190158844
0.6931643486022949
0.6931899785995483
0.6931799054145813
0.6931727528572083
0.6931772828102112
0.6931895613670349
0.6931805610656738
0.6932010054588318
0.6931816339492798
0.6931896209716797
0.6931729316711426
0.6932151317596436
0.6931622624397278
0.6931709051132202
0.6931678652763367
0.693228006362915
0.6931830048561096
0.6932388544082642
0.6931634545326233
0.6931972503662109
0.6931872963905334
0.6931574940681458
0.6931728720664978
0.6931754350662231
0.6931654214859009
0.6932510137557983
0.693175733089447
0.6931701898574829
0.6931774020195007
0.6931620240211487
0.6932014226913452
0.6931743025779724
0.6931706070899963
0.6931837797164917
0.6931905150413513
0.693204939365387
0.6932798027992249
0.6931798458099365
0.6931591033935547
0.6931812763214111
0.6932000517845154
0.6931719183921814
0.6931896805763245
0.6931692957878113
0.6931772828102112
0.6931760907173157
0.6931633353233337
0.693193793296814
0.6931747794151306
0.6931954622268677
0.6932228207588196
0.6932023763656616
0.6931785345077515
0.6931817531585693
0.6932058930397034
0.6931698322296143
0.6931964755058289
0.6931818723678589
0.6932241320610046
0.693203866481781
0.6931997537612915
0.6931810975074768
0.6932026743888855
0.6931780576705933
0.6931724548339844
0.6931945085525513
0.6932497024536133
0.6931557059288025
0.6932073831558228
0.6931688189506531
0.6931666731834412

training history val loss
0.6932347416877747
0.6931833028793335
0.6931697726249695
0.6931658387184143
0.6932173371315002
0.693230390548706
0.6932644844055176
0.6932496428489685
0.6932489275932312
0.6932604312896729
0.69319087266922
0.6932272911071777
0.6932103633880615
0.6932600140571594
0.6932048201560974
0.6932624578475952
0.6932920217514038
0.6932067275047302
0.6932555437088013
0.6932398676872253
0.6932559609413147
0.6932435631752014
0.6932247281074524
0.6932240128517151
0.6932235956192017
0.6931606531143188
0.6931664943695068
0.6932161450386047
0.6932361125946045
0.6932123899459839
0.6932274103164673
0.6932366490364075
0.693228006362915
0.6932449340820312
0.6932164430618286
0.6932198405265808
0.6932886838912964
0.6932374238967896
0.6932288408279419
0.6931653618812561
0.6932177543640137
0.6932440996170044
0.6932472586631775
0.6932457685470581
0.6932440400123596
0.693252682685852
0.6932778358459473
0.6932091116905212
0.6932202577590942
0.6931533217430115
0.6931764483451843
0.693260669708252
0.6932516098022461
0.6932462453842163
0.6932308077812195
0.6932668685913086
0.6932454705238342
0.6932443380355835
0.6932100653648376
0.6932489275932312
0.6931812763214111
0.6931776404380798
0.6932278871536255
0.693196177482605
0.6932223439216614
0.6931554675102234
0.6932523846626282
0.6931625008583069
0.6932387948036194
0.6932201981544495
0.693260669708252
0.693172812461853
0.6932003498077393
0.6932471394538879
0.6931759119033813
0.6932069659233093
0.6932632327079773
0.6932450532913208
0.6932252049446106
0.6932448744773865