test data loss : 0.6931472420692444
test data accyracy : 0.5

training history accuracy
0.49916666746139526
0.5020833611488342
0.5020833611488342
0.5020833611488342
0.5020833611488342
0.5020833611488342
0.5020833611488342
0.5020833611488342
0.5020833611488342
0.4987500011920929
0.5020833611488342
0.5020833611488342
0.5020833611488342
0.5020833611488342
0.4908333420753479
0.5020833611488342
0.5020833611488342
0.4858333468437195
0.5020833611488342
0.5020833611488342
0.5020833611488342
0.5020833611488342
0.49666666984558105
0.5020833611488342
0.5020833611488342
0.4937500059604645
0.5020833611488342
0.5020833611488342
0.5020833611488342
0.4925000071525574
0.4958333373069763
0.5020833611488342
0.5020833611488342
0.5020833611488342
0.5020833611488342
0.5020833611488342
0.49541667103767395
0.49666666984558105
0.5020833611488342
0.5020833611488342
0.5020833611488342
0.5020833611488342
0.5020833611488342
0.5020833611488342
0.5020833611488342
0.5020833611488342
0.5020833611488342
0.5020833611488342
0.4975000023841858
0.5020833611488342
0.5020833611488342
0.5020833611488342
0.4933333396911621
0.4895833432674408
0.5020833611488342
0.49541667103767395
0.5020833611488342
0.5020833611488342
0.5020833611488342
0.4883333444595337

training history val accuracy
0.49166667461395264
0.49166667461395264
0.49166667461395264
0.49166667461395264
0.49166667461395264
0.49166667461395264
0.49166667461395264
0.49166667461395264
0.49166667461395264
0.49166667461395264
0.49166667461395264
0.49166667461395264
0.49166667461395264
0.49166667461395264
0.49166667461395264
0.49166667461395264
0.49166667461395264
0.49166667461395264
0.49166667461395264
0.49166667461395264
0.49166667461395264
0.49166667461395264
0.49166667461395264
0.49166667461395264
0.49166667461395264
0.49166667461395264
0.49166667461395264
0.49166667461395264
0.49166667461395264
0.5083333253860474
0.49166667461395264
0.49166667461395264
0.49166667461395264
0.49166667461395264
0.49166667461395264
0.49166667461395264
0.49166667461395264
0.49166667461395264
0.49166667461395264
0.49166667461395264
0.49166667461395264
0.49166667461395264
0.49166667461395264
0.49166667461395264
0.49166667461395264
0.49166667461395264
0.49166667461395264
0.49166667461395264
0.49166667461395264
0.49166667461395264
0.49166667461395264
0.49166667461395264
0.49166667461395264
0.49166667461395264
0.49166667461395264
0.49166667461395264
0.49166667461395264
0.49166667461395264
0.49166667461395264
0.49166667461395264

training history loss
0.7054386138916016
0.693175733089447
0.6931871175765991
0.6931571364402771
0.6931712627410889
0.6931737661361694
0.6931698322296143
0.6931619644165039
0.693183422088623
0.6931735277175903
0.6932405829429626
0.6931625008583069
0.6931909322738647
0.6931710839271545
0.6932100653648376
0.693235456943512
0.6931934952735901
0.6932143568992615
0.6931867599487305
0.6931858062744141
0.6931620836257935
0.6932456493377686
0.6931608319282532
0.6931672692298889
0.693198025226593
0.6931762099266052
0.6931605935096741
0.6931933760643005
0.6932168006896973
0.6931991577148438
0.693179726600647
0.6931632161140442
0.6931887865066528
0.6931490898132324
0.6931824088096619
0.6931778192520142
0.6931877136230469
0.6931902766227722
0.6931707859039307
0.6931667327880859
0.6932063102722168
0.6931866407394409
0.6931781768798828
0.6931875348091125
0.6931619644165039
0.6931628584861755
0.6931819319725037
0.6931740045547485
0.6931807398796082
0.6931749582290649
0.6932129859924316
0.6931637525558472
0.693170428276062
0.693226158618927
0.6931866407394409
0.6931965351104736
0.6931817531585693
0.6931664347648621
0.693168580532074
0.693217933177948

training history val loss
0.6932486891746521
0.6932640075683594
0.6932298541069031
0.6932298541069031
0.6932008266448975
0.6932237148284912
0.6931753158569336
0.693206250667572
0.693178653717041
0.6932220458984375
0.6933277249336243
0.6931778788566589
0.6932361125946045
0.693203330039978
0.6931754946708679
0.6932491064071655
0.6932191252708435
0.6931536197662354
0.6932185888290405
0.6932426691055298
0.6931986808776855
0.6931981444358826
0.6931889653205872
0.6932218670845032
0.6932479739189148
0.6931745409965515
0.6932294964790344
0.693228542804718
0.6932106614112854
0.6931413412094116
0.693203330039978
0.6932573318481445
0.6931896805763245
0.6932349801063538
0.6932821869850159
0.6932681798934937
0.6932411193847656
0.6933022141456604
0.6932357549667358
0.6932135224342346
0.6932617425918579
0.6931909918785095
0.6932063698768616
0.6932012438774109
0.6932398676872253
0.693221926689148
0.6932258009910583
0.6932230591773987
0.6931647658348083
0.6932476758956909
0.6932885646820068
0.6932211518287659
0.6931946873664856
0.6932326555252075
0.6932718753814697
0.6932214498519897
0.6932112574577332
0.6932148337364197
0.6932598948478699
0.6932839751243591