test data loss : 0.6931411027908325
test data accyracy : 0.5

training history accuracy
0.4897916615009308
0.49125000834465027
0.5020833611488342
0.49666666984558105
0.5020833611488342
0.49000000953674316
0.5020833611488342
0.5004166960716248
0.4858333468437195
0.4975000023841858
0.4933333396911621
0.5020833611488342
0.49125000834465027
0.503333330154419
0.5020833611488342
0.5020833611488342
0.5020833611488342
0.4908333420753479
0.5020833611488342
0.5020833611488342
0.5020833611488342
0.5020833611488342
0.49666666984558105
0.48625001311302185
0.5020833611488342
0.5020833611488342
0.4970833361148834
0.49041667580604553
0.5020833611488342
0.5020833611488342
0.5020833611488342

training history val accuracy
0.5083333253860474
0.49166667461395264
0.49166667461395264
0.49166667461395264
0.49166667461395264
0.49166667461395264
0.49166667461395264
0.5083333253860474
0.49166667461395264
0.49166667461395264
0.49166667461395264
0.49166667461395264
0.5083333253860474
0.49166667461395264
0.49166667461395264
0.49166667461395264
0.49166667461395264
0.49166667461395264
0.49166667461395264
0.49166667461395264
0.49166667461395264
0.49166667461395264
0.49166667461395264
0.49166667461395264
0.49166667461395264
0.49166667461395264
0.49166667461395264
0.49166667461395264
0.49166667461395264
0.49166667461395264
0.49166667461395264

training history loss
0.6955079436302185
0.693432629108429
0.6931965947151184
0.6932246685028076
0.6932772397994995
0.6932291984558105
0.6931788921356201
0.693358838558197
0.6932317018508911
0.6931906938552856
0.6931858658790588
0.6931825280189514
0.6932399868965149
0.6932144165039062
0.6931753158569336
0.6931818723678589
0.6932383179664612
0.6932803988456726
0.6932024359703064
0.6932099461555481
0.69317227602005
0.6931849718093872
0.693218469619751
0.6932881474494934
0.693213164806366
0.6932423114776611
0.6931882500648499
0.6931737065315247
0.6931776404380798
0.6931979656219482
0.6931918263435364

training history val loss
0.6931312084197998
0.693310558795929
0.6931838989257812
0.6933095455169678
0.693233072757721
0.6932173371315002
0.6932482123374939
0.6931344866752625
0.6931942701339722
0.6932299137115479
0.6931988596916199
0.6932750344276428
0.6931469440460205
0.693171501159668
0.6932510733604431
0.6932486891746521
0.6932896971702576
0.6932502388954163
0.693264901638031
0.6932389140129089
0.6931836009025574
0.6931931376457214
0.6932529807090759
0.6932079792022705
0.6931979656219482
0.6932174563407898
0.6931648254394531
0.6932218670845032
0.6933172345161438
0.6932694315910339
0.6932451128959656