test data loss : 0.6931473016738892
test data accyracy : 0.5

training history accuracy
0.49791666865348816
0.5004166960716248
0.5020833611488342
0.5020833611488342
0.4945833384990692
0.5020833611488342
0.5020833611488342
0.5020833611488342
0.5020833611488342
0.5020833611488342
0.5020833611488342
0.5020833611488342
0.5020833611488342
0.5020833611488342
0.5020833611488342
0.5020833611488342
0.4895833432674408
0.5020833611488342
0.5020833611488342
0.5020833611488342
0.5020833611488342
0.5020833611488342
0.5020833611488342
0.5020833611488342
0.5020833611488342
0.49166667461395264
0.5020833611488342
0.5020833611488342
0.5020833611488342
0.5020833611488342
0.4908333420753479

training history val accuracy
0.5083333253860474
0.49166667461395264
0.49166667461395264
0.49166667461395264
0.49166667461395264
0.49166667461395264
0.49166667461395264
0.49166667461395264
0.49166667461395264
0.49166667461395264
0.49166667461395264
0.49166667461395264
0.49166667461395264
0.49166667461395264
0.49166667461395264
0.49166667461395264
0.49166667461395264
0.49166667461395264
0.49166667461395264
0.49166667461395264
0.49166667461395264
0.49166667461395264
0.49166667461395264
0.49166667461395264
0.49166667461395264
0.49166667461395264
0.49166667461395264
0.49166667461395264
0.49166667461395264
0.49166667461395264
0.49166667461395264

training history loss
0.6937843561172485
0.6931843161582947
0.6931576728820801
0.6932002305984497
0.6931818723678589
0.6931979060173035
0.6931545734405518
0.6931663155555725
0.6931697130203247
0.6931836605072021
0.6931784749031067
0.6931611895561218
0.693169355392456
0.6931830644607544
0.6931615471839905
0.6931724548339844
0.6932084560394287
0.6931913495063782
0.6931980848312378
0.6931776404380798
0.6931522488594055
0.6931623816490173
0.6932430267333984
0.6931554675102234
0.6931807398796082
0.6931695342063904
0.693215012550354
0.6931501030921936
0.6931662559509277
0.6931787729263306
0.6931953430175781

training history val loss
0.6931405067443848
0.693293035030365
0.6932210326194763
0.6932055950164795
0.6931792497634888
0.693250298500061
0.6932416558265686
0.6931911706924438
0.6932036876678467
0.693265974521637
0.6932133436203003
0.6932436227798462
0.693248987197876
0.6932273507118225
0.6932425498962402
0.6932457685470581
0.6932215094566345
0.693246066570282
0.6932421326637268
0.6932566165924072
0.6932432651519775
0.6932387351989746
0.693232536315918
0.693202555179596
0.693176805973053
0.6931804418563843
0.6933079361915588
0.693185031414032
0.6932145953178406
0.6932119131088257
0.6931639313697815