test data loss : 0.6931484341621399
test data accyracy : 0.5

training history accuracy
0.4945833384990692
0.503333330154419
0.49166667461395264
0.4945833384990692
0.5020833611488342
0.4925000071525574
0.49666666984558105
0.5020833611488342
0.5020833611488342
0.4937500059604645
0.5020833611488342
0.5020833611488342
0.5020833611488342
0.5020833611488342
0.5020833611488342
0.4945833384990692
0.5020833611488342
0.5020833611488342
0.5020833611488342
0.5020833611488342
0.4945833384990692
0.5020833611488342
0.49125000834465027
0.5020833611488342
0.5020833611488342
0.5020833611488342
0.4945833384990692
0.5020833611488342
0.5020833611488342
0.5020833611488342
0.4891666769981384
0.49416667222976685

training history val accuracy
0.49166667461395264
0.5083333253860474
0.49166667461395264
0.49166667461395264
0.49166667461395264
0.49166667461395264
0.49166667461395264
0.49166667461395264
0.49166667461395264
0.49166667461395264
0.49166667461395264
0.49166667461395264
0.49166667461395264
0.49166667461395264
0.49166667461395264
0.49166667461395264
0.49166667461395264
0.49166667461395264
0.49166667461395264
0.49166667461395264
0.49166667461395264
0.49166667461395264
0.49166667461395264
0.49166667461395264
0.49166667461395264
0.49166667461395264
0.49166667461395264
0.49166667461395264
0.49166667461395264
0.49166667461395264
0.49166667461395264
0.49166667461395264

training history loss
0.6943818926811218
0.6933573484420776
0.6931988000869751
0.6931852698326111
0.693202793598175
0.6931704878807068
0.6931952834129333
0.6931920647621155
0.6931943297386169
0.6931887865066528
0.6931647658348083
0.6932005286216736
0.6931951642036438
0.6931663751602173
0.6931747198104858
0.6931952834129333
0.6931619644165039
0.6931699514389038
0.6931682825088501
0.693178117275238
0.6931977272033691
0.6931691765785217
0.6932463049888611
0.6931883096694946
0.6931851506233215
0.6931615471839905
0.6931740641593933
0.6931876540184021
0.6932028532028198
0.6931685209274292
0.6932069063186646
0.6931886076927185

training history val loss
0.693143904209137
0.6931220889091492
0.6931544542312622
0.6931650638580322
0.6932689547538757
0.6931527853012085
0.6932241320610046
0.6932318806648254
0.6932013630867004
0.6931700706481934
0.6932587027549744
0.6932272911071777
0.6931868195533752
0.6932370662689209
0.6932066082954407
0.6932305693626404
0.693193793296814
0.693236768245697
0.6932194232940674
0.6932665705680847
0.6932021379470825
0.6932364702224731
0.6933055520057678
0.6932825446128845
0.6932893395423889
0.6931986808776855
0.6932204365730286
0.6931908130645752
0.6932256817817688
0.6932163238525391
0.693175733089447
0.6932037472724915