test data loss : 0.6931483149528503
test data accyracy : 0.5

training history accuracy
0.5008333325386047
0.4962500035762787
0.4962500035762787
0.4908333420753479
0.5020833611488342
0.4883333444595337
0.5020833611488342
0.5020833611488342
0.49291667342185974
0.5020833611488342
0.49000000953674316
0.5020833611488342
0.5020833611488342
0.5020833611488342
0.5020833611488342
0.4945833384990692
0.4891666769981384
0.5020833611488342
0.5020833611488342
0.5020833611488342
0.4958333373069763
0.5020833611488342
0.5020833611488342
0.5020833611488342
0.48750001192092896
0.49291667342185974
0.5020833611488342
0.5020833611488342
0.5020833611488342
0.5020833611488342
0.5020833611488342

training history val accuracy
0.5083333253860474
0.49166667461395264
0.49166667461395264
0.49166667461395264
0.49166667461395264
0.49166667461395264
0.49166667461395264
0.49166667461395264
0.49166667461395264
0.49166667461395264
0.49166667461395264
0.49166667461395264
0.49166667461395264
0.49166667461395264
0.49166667461395264
0.49166667461395264
0.49166667461395264
0.49166667461395264
0.49166667461395264
0.49166667461395264
0.49166667461395264
0.49166667461395264
0.49166667461395264
0.49166667461395264
0.49166667461395264
0.49166667461395264
0.49166667461395264
0.49166667461395264
0.49166667461395264
0.49166667461395264
0.49166667461395264

training history loss
0.6970598697662354
0.6932042241096497
0.6931611895561218
0.6931923627853394
0.6931699514389038
0.6932134032249451
0.6932017803192139
0.6931650042533875
0.693183183670044
0.6931856274604797
0.6932325959205627
0.6931750774383545
0.6932253837585449
0.6931657791137695
0.6932300925254822
0.6931619048118591
0.6931849718093872
0.6931764483451843
0.6931999921798706
0.6931764483451843
0.693209707736969
0.6931779980659485
0.6931904554367065
0.693207859992981
0.6932010650634766
0.6931783556938171
0.6931912899017334
0.6931764483451843
0.6931582093238831
0.6932163834571838
0.693189263343811

training history val loss
0.6931230425834656
0.6931536793708801
0.6931905746459961
0.6932263970375061
0.6932228207588196
0.6932680010795593
0.6932817697525024
0.6932323575019836
0.6931723356246948
0.6932348608970642
0.6932153105735779
0.6932795643806458
0.6932564377784729
0.693216860294342
0.693209707736969
0.6931748986244202
0.6932685971260071
0.6932440400123596
0.6932200789451599
0.6932496428489685
0.6932007074356079
0.6932212710380554
0.6933003664016724
0.6932812929153442
0.6931959986686707
0.6931610107421875
0.6932256817817688
0.6931934952735901
0.6932311058044434
0.6931813359260559
0.6932047605514526