test data loss : 0.693162739276886
test data accyracy : 0.5

training history accuracy
0.4950000047683716
0.49791666865348816
0.4962500035762787
0.5020833611488342
0.5020833611488342
0.5020833611488342
0.49000000953674316
0.5020833611488342
0.5020833611488342
0.5020833611488342
0.5020833611488342
0.5020833611488342
0.5020833611488342
0.5020833611488342
0.5020833611488342
0.4908333420753479
0.5020833611488342
0.5020833611488342
0.5020833611488342
0.5020833611488342
0.49666666984558105
0.4983333349227905
0.5020833611488342
0.5020833611488342
0.49541667103767395
0.5020833611488342
0.48875001072883606
0.5020833611488342
0.492083340883255
0.5020833611488342
0.4975000023841858

training history val accuracy
0.5083333253860474
0.5083333253860474
0.49166667461395264
0.49166667461395264
0.49166667461395264
0.49166667461395264
0.49166667461395264
0.49166667461395264
0.49166667461395264
0.49166667461395264
0.49166667461395264
0.49166667461395264
0.49166667461395264
0.49166667461395264
0.49166667461395264
0.49166667461395264
0.49166667461395264
0.49166667461395264
0.49166667461395264
0.49166667461395264
0.49166667461395264
0.49166667461395264
0.49166667461395264
0.49166667461395264
0.49166667461395264
0.49166667461395264
0.49166667461395264
0.49166667461395264
0.49166667461395264
0.49166667461395264
0.49166667461395264

training history loss
0.6976017951965332
0.6932600140571594
0.6931837201118469
0.6931615471839905
0.6931658983230591
0.6931551098823547
0.6932066082954407
0.6931875348091125
0.6931807398796082
0.693188488483429
0.6931812763214111
0.6931936144828796
0.6931957602500916
0.6931715607643127
0.6931787133216858
0.6932007670402527
0.6931746006011963
0.693219780921936
0.6931692957878113
0.693196713924408
0.6931684017181396
0.6931675672531128
0.6931913495063782
0.693152904510498
0.6931756734848022
0.6932550072669983
0.6932064890861511
0.6931989789009094
0.6931924223899841
0.6931642889976501
0.6931870579719543

training history val loss
0.693069577217102
0.6931065917015076
0.6931861639022827
0.6932047605514526
0.6932017803192139
0.693236768245697
0.6932434439659119
0.6932241916656494
0.6932095885276794
0.693218469619751
0.6932263374328613
0.6931861639022827
0.6932352185249329
0.6931650638580322
0.6931754946708679
0.6932077407836914
0.6932035088539124
0.6932619214057922
0.6932128071784973
0.6932410597801208
0.6931906938552856
0.6932055950164795
0.6932235956192017
0.69321608543396
0.6932211518287659
0.693189263343811
0.693234384059906
0.6932744979858398
0.6932086944580078
0.6932450532913208
0.6932042837142944