test data loss : 0.6932194232940674
test data accyracy : 0.5

training history accuracy
0.49812498688697815
0.4962500035762787
0.49791666865348816
0.5037500262260437
0.5020833611488342
0.5020833611488342
0.4845833480358124
0.5020833611488342
0.5020833611488342
0.5020833611488342
0.5020833611488342
0.492083340883255
0.5020833611488342
0.5020833611488342
0.5020833611488342
0.5020833611488342
0.5020833611488342
0.4950000047683716
0.5020833611488342
0.5020833611488342
0.5020833611488342
0.5020833611488342
0.5020833611488342
0.5020833611488342
0.5020833611488342
0.5020833611488342
0.5020833611488342
0.4908333420753479
0.48750001192092896
0.5020833611488342
0.4895833432674408

training history val accuracy
0.5083333253860474
0.5083333253860474
0.5083333253860474
0.49166667461395264
0.49166667461395264
0.49166667461395264
0.49166667461395264
0.49166667461395264
0.49166667461395264
0.49166667461395264
0.49166667461395264
0.49166667461395264
0.49166667461395264
0.49166667461395264
0.49166667461395264
0.49166667461395264
0.49166667461395264
0.49166667461395264
0.49166667461395264
0.49166667461395264
0.49166667461395264
0.49166667461395264
0.49166667461395264
0.49166667461395264
0.49166667461395264
0.49166667461395264
0.49166667461395264
0.49166667461395264
0.49166667461395264
0.49166667461395264
0.49166667461395264

training history loss
0.6956827640533447
0.6932950019836426
0.6932960152626038
0.6931791305541992
0.6932169795036316
0.6931928396224976
0.693195104598999
0.6932490468025208
0.6931610703468323
0.6932041645050049
0.6931830048561096
0.6932384967803955
0.6931874752044678
0.6932206153869629
0.6931903958320618
0.6931721568107605
0.6931607723236084
0.6931760907173157
0.6931867003440857
0.6931700110435486
0.6931684017181396
0.6931668519973755
0.6931667327880859
0.693190336227417
0.6931759119033813
0.6932058930397034
0.6932209730148315
0.6931993365287781
0.6931981444358826
0.6931608319282532
0.6931920051574707

training history val loss
0.6930409669876099
0.6930592060089111
0.6931339502334595
0.6932432055473328
0.6932820677757263
0.6932190656661987
0.6931712627410889
0.6931722164154053
0.6931868195533752
0.6932562589645386
0.6931486129760742
0.6931638717651367
0.6932073831558228
0.693178653717041
0.6931959986686707
0.6932172775268555
0.6932101845741272
0.6932440400123596
0.6931939125061035
0.6932265162467957
0.693199872970581
0.6932241916656494
0.693238377571106
0.6932232975959778
0.6932287812232971
0.693172812461853
0.693176805973053
0.6932079792022705
0.6932024359703064
0.6932319402694702
0.6931921243667603