test data loss : 0.6931487321853638
test data accyracy : 0.5

training history accuracy
0.49270832538604736
0.5020833611488342
0.49041667580604553
0.5020833611488342
0.5020833611488342
0.5020833611488342
0.5020833611488342
0.48374998569488525
0.5020833611488342
0.5020833611488342
0.5020833611488342
0.4925000071525574
0.5020833611488342
0.5020833611488342
0.5020833611488342
0.5020833611488342
0.5020833611488342
0.5020833611488342
0.4854166805744171
0.5008333325386047
0.4937500059604645
0.5020833611488342
0.5020833611488342
0.4891666769981384
0.4937500059604645
0.5020833611488342
0.492083340883255
0.5020833611488342
0.5020833611488342
0.4950000047683716
0.4933333396911621
0.5020833611488342
0.5020833611488342
0.5020833611488342
0.5020833611488342
0.49041667580604553
0.5020833611488342
0.5020833611488342
0.5020833611488342
0.4925000071525574
0.49125000834465027
0.5020833611488342
0.5020833611488342
0.4962500035762787
0.5020833611488342
0.5020833611488342
0.49416667222976685
0.5020833611488342
0.5020833611488342

training history val accuracy
0.49166667461395264
0.49166667461395264
0.49166667461395264
0.49166667461395264
0.49166667461395264
0.49166667461395264
0.49166667461395264
0.49166667461395264
0.49166667461395264
0.49166667461395264
0.49166667461395264
0.49166667461395264
0.49166667461395264
0.49166667461395264
0.49166667461395264
0.49166667461395264
0.49166667461395264
0.49166667461395264
0.5083333253860474
0.49166667461395264
0.49166667461395264
0.49166667461395264
0.49166667461395264
0.49166667461395264
0.49166667461395264
0.49166667461395264
0.49166667461395264
0.49166667461395264
0.49166667461395264
0.49166667461395264
0.49166667461395264
0.49166667461395264
0.49166667461395264
0.49166667461395264
0.49166667461395264
0.49166667461395264
0.49166667461395264
0.49166667461395264
0.49166667461395264
0.49166667461395264
0.49166667461395264
0.49166667461395264
0.49166667461395264
0.49166667461395264
0.49166667461395264
0.49166667461395264
0.49166667461395264
0.49166667461395264
0.49166667461395264

training history loss
0.6999281048774719
0.6932534575462341
0.6932180523872375
0.6931654810905457
0.6931701898574829
0.6931681632995605
0.6931647062301636
0.6931881904602051
0.6931706070899963
0.6931856870651245
0.6932132244110107
0.6932146549224854
0.6931844353675842
0.6931997537612915
0.6932265758514404
0.693187952041626
0.6931762099266052
0.6931614875793457
0.6932359337806702
0.693205714225769
0.6931757926940918
0.6931880712509155
0.6931948065757751
0.6932209134101868
0.693202793598175
0.6932181715965271
0.6931996941566467
0.6931812167167664
0.6932018995285034
0.6932180523872375
0.6932142376899719
0.6931749582290649
0.6931840181350708
0.693189263343811
0.6931685209274292
0.6932377815246582
0.693189263343811
0.6931964755058289
0.6931612491607666
0.6931850910186768
0.693202555179596
0.6931815147399902
0.6931604146957397
0.6931837201118469
0.693179190158844
0.6932000517845154
0.6932020783424377
0.6931821703910828
0.6931748390197754

training history val loss
0.6934302449226379
0.6931620240211487
0.6931697726249695
0.6932327151298523
0.6932558417320251
0.6931788921356201
0.6932023167610168
0.6931474804878235
0.6932346820831299
0.6931993961334229
0.69321209192276
0.6932353973388672
0.6932685375213623
0.6932709813117981
0.6932466626167297
0.6932634711265564
0.6931962966918945
0.6932206153869629
0.6931199431419373
0.6932505965232849
0.6932111382484436
0.6931880712509155
0.6931999325752258
0.6932704448699951
0.6932715773582458
0.6932272911071777
0.6932035088539124
0.6931822896003723
0.6931871771812439
0.6931775808334351
0.6932056546211243
0.6932421326637268
0.6932273507118225
0.6931804418563843
0.6932572722434998
0.6932730674743652
0.6932595372200012
0.6931903958320618
0.693198025226593
0.693185031414032
0.6932229399681091
0.6932541131973267
0.6932258009910583
0.6932210922241211
0.6932073831558228
0.6932662725448608
0.6931840181350708
0.6932652592658997
0.6932346820831299