test data loss : 0.6931478977203369
test data accyracy : 0.5

training history accuracy
0.49270832538604736
0.5020833611488342
0.5020833611488342
0.5020833611488342
0.5020833611488342
0.5020833611488342
0.5020833611488342
0.5020833611488342
0.5020833611488342
0.5020833611488342
0.5020833611488342
0.5020833611488342
0.5020833611488342
0.5020833611488342
0.49666666984558105
0.48249998688697815
0.5020833611488342
0.5008333325386047
0.5020833611488342
0.5020833611488342
0.5020833611488342
0.4762499928474426
0.5020833611488342
0.5020833611488342
0.5020833611488342
0.5020833611488342
0.5020833611488342
0.49291667342185974
0.5020833611488342
0.5020833611488342
0.4950000047683716
0.5020833611488342
0.5020833611488342
0.5020833611488342
0.5020833611488342
0.5020833611488342
0.49291667342185974
0.5020833611488342
0.5020833611488342
0.5020833611488342
0.4983333349227905
0.48249998688697815
0.5020833611488342
0.5020833611488342
0.4937500059604645
0.5020833611488342
0.5020833611488342
0.49041667580604553
0.4983333349227905
0.5020833611488342
0.4937500059604645
0.49791666865348816
0.5020833611488342
0.5020833611488342
0.5020833611488342
0.5020833611488342
0.5020833611488342
0.48875001072883606
0.5020833611488342
0.5020833611488342
0.5020833611488342
0.4883333444595337
0.5020833611488342
0.5020833611488342
0.5020833611488342
0.49916666746139526
0.5020833611488342
0.5020833611488342
0.4933333396911621
0.5020833611488342
0.5020833611488342
0.5020833611488342
0.5020833611488342
0.5020833611488342
0.4895833432674408
0.5020833611488342
0.4895833432674408
0.5020833611488342

training history val accuracy
0.49166667461395264
0.49166667461395264
0.49166667461395264
0.49166667461395264
0.49166667461395264
0.49166667461395264
0.49166667461395264
0.49166667461395264
0.49166667461395264
0.49166667461395264
0.49166667461395264
0.49166667461395264
0.49166667461395264
0.49166667461395264
0.49166667461395264
0.49166667461395264
0.49166667461395264
0.49166667461395264
0.49166667461395264
0.49166667461395264
0.49166667461395264
0.49166667461395264
0.49166667461395264
0.49166667461395264
0.49166667461395264
0.49166667461395264
0.49166667461395264
0.49166667461395264
0.49166667461395264
0.49166667461395264
0.49166667461395264
0.49166667461395264
0.49166667461395264
0.49166667461395264
0.49166667461395264
0.49166667461395264
0.49166667461395264
0.49166667461395264
0.49166667461395264
0.49166667461395264
0.49166667461395264
0.49166667461395264
0.49166667461395264
0.49166667461395264
0.49166667461395264
0.49166667461395264
0.49166667461395264
0.49166667461395264
0.49166667461395264
0.49166667461395264
0.49166667461395264
0.49166667461395264
0.49166667461395264
0.49166667461395264
0.49166667461395264
0.49166667461395264
0.49166667461395264
0.49166667461395264
0.49166667461395264
0.49166667461395264
0.49166667461395264
0.49166667461395264
0.49166667461395264
0.49166667461395264
0.49166667461395264
0.49166667461395264
0.49166667461395264
0.49166667461395264
0.49166667461395264
0.49166667461395264
0.49166667461395264
0.49166667461395264
0.49166667461395264
0.49166667461395264
0.49166667461395264
0.49166667461395264
0.49166667461395264
0.49166667461395264

training history loss
0.6940715312957764
0.6931936144828796
0.6931707262992859
0.6932059526443481
0.6931694746017456
0.6931717991828918
0.6932218670845032
0.6931712031364441
0.6931706666946411
0.6931829452514648
0.6931624412536621
0.6931806802749634
0.6932154297828674
0.6932325959205627
0.69318026304245
0.6932260990142822
0.6931877732276917
0.6931663751602173
0.6932228803634644
0.6931848526000977
0.6931896209716797
0.6932024359703064
0.6931986808776855
0.6931917071342468
0.6931719183921814
0.6931843757629395
0.6931734681129456
0.6932314038276672
0.6931878328323364
0.6931914687156677
0.6931892037391663
0.6931700706481934
0.6931739449501038
0.69316565990448
0.6931698322296143
0.6931964755058289
0.6931993365287781
0.693181037902832
0.6931560635566711
0.6931709051132202
0.6931775808334351
0.6933026313781738
0.6931999921798706
0.6931700110435486
0.693192720413208
0.6931837201118469
0.6931774616241455
0.6931986212730408
0.6931720972061157
0.6931889653205872
0.6931973695755005
0.6931790709495544
0.6931636333465576
0.6931703686714172
0.6931638121604919
0.6931705474853516
0.6931572556495667
0.6932076215744019
0.6931637525558472
0.6931709051132202
0.6931731104850769
0.6932132244110107
0.6931915283203125
0.6931717395782471
0.6931674480438232
0.6931701898574829
0.6931818723678589
0.6931935548782349
0.693210780620575
0.6932592391967773
0.6931764483451843
0.6932223439216614
0.6931801438331604
0.6931974291801453
0.6931820511817932
0.6931922435760498
0.69319748878479
0.6931535005569458

training history val loss
0.6932586431503296
0.6932545900344849
0.6932229995727539
0.693242073059082
0.6932047605514526
0.6932178139686584
0.6932151913642883
0.6932429075241089
0.6932546496391296
0.6932469606399536
0.693223237991333
0.6932418346405029
0.6932229399681091
0.6932896971702576
0.6932189464569092
0.693254292011261
0.6931893229484558
0.6931816935539246
0.6932395696640015
0.6931995153427124
0.6932099461555481
0.6931860446929932
0.6931965351104736
0.6932516098022461
0.6931889057159424
0.6931982040405273
0.6931917071342468
0.6932018995285034
0.6933242678642273
0.69321209192276
0.6932088136672974
0.6932322978973389
0.6932024955749512
0.693236768245697
0.6932448744773865
0.6932141184806824
0.6932177543640137
0.6932229399681091
0.6932121515274048
0.6932496428489685
0.6931798458099365
0.6931809782981873
0.6932653784751892
0.6932111382484436
0.6932439804077148
0.6932433843612671
0.6932868957519531
0.6931666731834412
0.6932739615440369
0.6932422518730164
0.6931690573692322
0.6932741403579712
0.693234920501709
0.6932315826416016
0.6932196617126465
0.6932252049446106
0.6931992173194885
0.6932114958763123
0.6932520270347595
0.6932704448699951
0.6932657361030579
0.6932153105735779
0.6932273507118225
0.6932269930839539
0.6932109594345093
0.6932471990585327
0.6933103799819946
0.6932327151298523
0.6932263970375061
0.6932531595230103
0.6931842565536499
0.6931896209716797
0.6932135224342346
0.6932079195976257
0.6931667327880859
0.693234384059906
0.693249523639679
0.6932387351989746