test data loss : 0.6931520104408264
test data accyracy : 0.5

training history accuracy
0.49166667461395264
0.4975000023841858
0.5020833611488342
0.49125000834465027
0.5020833611488342
0.5020833611488342
0.5020833611488342
0.5020833611488342
0.5020833611488342
0.49000000953674316
0.5020833611488342
0.5020833611488342
0.5020833611488342
0.5020833611488342
0.4937500059604645
0.492083340883255
0.5020833611488342
0.5020833611488342
0.5020833611488342
0.5020833611488342
0.5020833611488342
0.5020833611488342
0.5020833611488342
0.49041667580604553
0.49416667222976685
0.5020833611488342
0.5020833611488342
0.4983333349227905
0.5020833611488342
0.5020833611488342
0.5020833611488342

training history val accuracy
0.5083333253860474
0.49166667461395264
0.49166667461395264
0.49166667461395264
0.49166667461395264
0.49166667461395264
0.49166667461395264
0.49166667461395264
0.49166667461395264
0.49166667461395264
0.49166667461395264
0.49166667461395264
0.49166667461395264
0.49166667461395264
0.49166667461395264
0.49166667461395264
0.49166667461395264
0.49166667461395264
0.49166667461395264
0.49166667461395264
0.49166667461395264
0.49166667461395264
0.49166667461395264
0.49166667461395264
0.49166667461395264
0.49166667461395264
0.49166667461395264
0.49166667461395264
0.49166667461395264
0.49166667461395264
0.49166667461395264

training history loss
0.6945483684539795
0.693171501159668
0.6931736469268799
0.6931982636451721
0.6931927800178528
0.6931788921356201
0.6931896805763245
0.6932023763656616
0.6931649446487427
0.6932194232940674
0.6931731104850769
0.6932559013366699
0.6931819915771484
0.693182110786438
0.6931955814361572
0.693188488483429
0.6931660175323486
0.693160355091095
0.6931676864624023
0.6931741237640381
0.6932077407836914
0.6931713223457336
0.6931878924369812
0.6931862831115723
0.6931860446929932
0.6931982636451721
0.6931573152542114
0.6931823492050171
0.6931911110877991
0.6931711435317993
0.6931686997413635

training history val loss
0.6930997967720032
0.6931751370429993
0.6931934356689453
0.6932485103607178
0.6933019757270813
0.6931883096694946
0.6932677030563354
0.6932023763656616
0.6932315826416016
0.6932506561279297
0.6932041645050049
0.6932839155197144
0.6931882500648499
0.6932477951049805
0.6931912899017334
0.6932251453399658
0.6932867169380188
0.6932363510131836
0.6932249665260315
0.6932801604270935
0.6932129263877869
0.69324791431427
0.6932269930839539
0.6931677460670471
0.6932142376899719
0.6932984590530396
0.6932534575462341
0.6931920647621155
0.6932330131530762
0.6932302117347717
0.6932352185249329