test data loss : 0.6931476593017578
test data accyracy : 0.5

training history accuracy
0.49916666746139526
0.4987500011920929
0.49125000834465027
0.5020833611488342
0.5020833611488342
0.5020833611488342
0.5020833611488342
0.49416667222976685
0.5020833611488342
0.5020833611488342
0.5020833611488342
0.5020833611488342
0.5020833611488342
0.5020833611488342
0.49541667103767395
0.5020833611488342
0.49666666984558105
0.5020833611488342
0.5020833611488342
0.4908333420753479
0.5037500262260437
0.5020833611488342
0.5020833611488342
0.5020833611488342
0.5020833611488342
0.5020833611488342
0.5020833611488342
0.5020833611488342
0.4870833456516266
0.5020833611488342
0.5020833611488342

training history val accuracy
0.5083333253860474
0.49166667461395264
0.49166667461395264
0.49166667461395264
0.49166667461395264
0.49166667461395264
0.49166667461395264
0.49166667461395264
0.49166667461395264
0.49166667461395264
0.49166667461395264
0.49166667461395264
0.49166667461395264
0.49166667461395264
0.49166667461395264
0.49166667461395264
0.49166667461395264
0.49166667461395264
0.49166667461395264
0.5083333253860474
0.49166667461395264
0.49166667461395264
0.49166667461395264
0.49166667461395264
0.49166667461395264
0.49166667461395264
0.49166667461395264
0.49166667461395264
0.49166667461395264
0.49166667461395264
0.49166667461395264

training history loss
0.6935587525367737
0.6931770443916321
0.6932657361030579
0.6931929588317871
0.6931744813919067
0.6931984424591064
0.6931859850883484
0.6932024359703064
0.6931682825088501
0.6931536197662354
0.6932206153869629
0.6931715607643127
0.6932266354560852
0.6931795477867126
0.6932075619697571
0.693169355392456
0.6931600570678711
0.6931741833686829
0.6931816935539246
0.693239152431488
0.6931878924369812
0.6931670904159546
0.6931615471839905
0.6931614875793457
0.6931831240653992
0.69317626953125
0.693158745765686
0.6931585669517517
0.6932483911514282
0.693179190158844
0.6931934356689453

training history val loss
0.693132221698761
0.6932004690170288
0.6931697726249695
0.6932448744773865
0.6932234764099121
0.6932827234268188
0.693193793296814
0.6931731700897217
0.6931852102279663
0.6932689547538757
0.6932464838027954
0.6932192444801331
0.6932430267333984
0.693193793296814
0.6932352781295776
0.6932048797607422
0.6931650042533875
0.6931989192962646
0.6932191848754883
0.6931353807449341
0.693263828754425
0.6932114362716675
0.6932393312454224
0.6932417154312134
0.693215548992157
0.6932256817817688
0.6932199597358704
0.6932017803192139
0.6932731866836548
0.6932430267333984
0.6932743787765503