test data loss : 0.6932281851768494
test data accyracy : 0.5

training history accuracy
0.503125011920929
0.5020833611488342
0.5012500286102295
0.49791666865348816
0.4964583218097687
0.5020833611488342
0.5020833611488342
0.49291667342185974
0.5020833611488342
0.4908333420753479
0.49541667103767395
0.5020833611488342
0.5020833611488342
0.5020833611488342
0.5020833611488342
0.5020833611488342
0.5020833611488342
0.5020833611488342
0.5020833611488342
0.49416667222976685
0.5020833611488342
0.4908333420753479
0.5020833611488342
0.5020833611488342
0.5020833611488342
0.5020833611488342
0.5020833611488342
0.5020833611488342
0.49416667222976685
0.5
0.5020833611488342
0.5020833611488342
0.5020833611488342

training history val accuracy
0.49166667461395264
0.49166667461395264
0.5083333253860474
0.49166667461395264
0.49166667461395264
0.49166667461395264
0.49166667461395264
0.49166667461395264
0.49166667461395264
0.49166667461395264
0.49166667461395264
0.49166667461395264
0.49166667461395264
0.49166667461395264
0.49166667461395264
0.49166667461395264
0.49166667461395264
0.49166667461395264
0.49166667461395264
0.49166667461395264
0.49166667461395264
0.49166667461395264
0.49166667461395264
0.49166667461395264
0.49166667461395264
0.49166667461395264
0.49166667461395264
0.49166667461395264
0.49166667461395264
0.49166667461395264
0.49166667461395264
0.49166667461395264
0.49166667461395264

training history loss
0.7132028341293335
0.6932222247123718
0.6933482885360718
0.6932887434959412
0.6932087540626526
0.6931955814361572
0.6931931376457214
0.6931800842285156
0.693209707736969
0.6932000517845154
0.6932139992713928
0.6931722164154053
0.6931790113449097
0.6931750774383545
0.6931663155555725
0.6931796073913574
0.693170964717865
0.6931589245796204
0.6932079195976257
0.6931871771812439
0.6931748986244202
0.6931785345077515
0.6931682229042053
0.6931604146957397
0.6931726336479187
0.6931912899017334
0.6931806206703186
0.693179726600647
0.693188488483429
0.693173348903656
0.6931973099708557
0.693189263343811
0.6931763887405396

training history val loss
0.6933293342590332
0.6932822465896606
0.6931426525115967
0.6932796239852905
0.6933921575546265
0.6933007836341858
0.6932299137115479
0.6931833624839783
0.6932677030563354
0.6931565999984741
0.69321608543396
0.6932973861694336
0.6932245492935181
0.6932705044746399
0.6932487487792969
0.693196177482605
0.6932090520858765
0.693232536315918
0.6932704448699951
0.6931675672531128
0.693212628364563
0.6932549476623535
0.6932535767555237
0.6932173371315002
0.6932372450828552
0.6932167410850525
0.6932604908943176
0.6931988596916199
0.6932550668716431
0.6932461261749268
0.6933311820030212
0.6932868957519531
0.6932202577590942