test data loss : 0.6931517124176025
test data accyracy : 0.5

training history accuracy
0.4983333349227905
0.5045833587646484
0.49791666865348816
0.48374998569488525
0.4895833432674408
0.5020833611488342
0.5020833611488342
0.5020833611488342
0.492083340883255
0.5020833611488342
0.5020833611488342
0.5020833611488342
0.49166667461395264
0.5020833611488342
0.5020833611488342
0.5020833611488342
0.48750001192092896
0.5020833611488342
0.5020833611488342
0.4987500011920929
0.5020833611488342
0.5020833611488342
0.5020833611488342
0.5020833611488342
0.5020833611488342
0.5020833611488342
0.5020833611488342
0.5020833611488342
0.5020833611488342
0.4908333420753479
0.5020833611488342
0.5020833611488342
0.5020833611488342

training history val accuracy
0.49166667461395264
0.5083333253860474
0.5083333253860474
0.49166667461395264
0.49166667461395264
0.49166667461395264
0.49166667461395264
0.49166667461395264
0.49166667461395264
0.49166667461395264
0.49166667461395264
0.49166667461395264
0.49166667461395264
0.49166667461395264
0.49166667461395264
0.49166667461395264
0.49166667461395264
0.49166667461395264
0.49166667461395264
0.49166667461395264
0.49166667461395264
0.49166667461395264
0.49166667461395264
0.49166667461395264
0.49166667461395264
0.49166667461395264
0.49166667461395264
0.49166667461395264
0.49166667461395264
0.49166667461395264
0.49166667461395264
0.49166667461395264
0.49166667461395264

training history loss
0.7059745788574219
0.6931741833686829
0.693202018737793
0.6932035088539124
0.6932365894317627
0.6932150721549988
0.6932011246681213
0.6931609511375427
0.6931872963905334
0.6931645274162292
0.6931851506233215
0.6931963562965393
0.6931946277618408
0.6931670904159546
0.6931723952293396
0.6931632161140442
0.693206250667572
0.6931941509246826
0.6931666731834412
0.6931743621826172
0.6931803822517395
0.6931793689727783
0.6931805610656738
0.6931799054145813
0.6931615471839905
0.6931663751602173
0.6931555867195129
0.6931758522987366
0.6931788921356201
0.6931868195533752
0.6932143568992615
0.6931873559951782
0.6932142376899719

training history val loss
0.6936119794845581
0.6931138038635254
0.6931016445159912
0.6932055950164795
0.6931530833244324
0.693192720413208
0.6932174563407898
0.6932210326194763
0.693233072757721
0.69325190782547
0.6932131052017212
0.6932281255722046
0.6931650638580322
0.6932676434516907
0.6932319402694702
0.6932602524757385
0.6932416558265686
0.6932731866836548
0.6932018995285034
0.6932496428489685
0.6932235956192017
0.6932531595230103
0.6932369470596313
0.6932702660560608
0.693246066570282
0.693220317363739
0.6932402849197388
0.6932303309440613
0.6931957602500916
0.6931701898574829
0.6931599378585815
0.6931928396224976
0.6932364106178284