test data loss : 0.6931511759757996
test data accyracy : 0.5

training history accuracy
0.4975000023841858
0.49541667103767395
0.49166667461395264
0.5020833611488342
0.5020833611488342
0.4908333420753479
0.5020833611488342
0.5020833611488342
0.5020833611488342
0.4983333349227905
0.5020833611488342
0.5020833611488342
0.5020833611488342
0.5020833611488342
0.5020833611488342
0.5020833611488342
0.5020833611488342
0.5020833611488342
0.4958333373069763
0.5020833611488342
0.5020833611488342
0.5020833611488342
0.5020833611488342
0.5020833611488342
0.49041667580604553
0.5020833611488342
0.4895833432674408
0.492083340883255
0.5020833611488342
0.5020833611488342
0.5020833611488342

training history val accuracy
0.5083333253860474
0.49166667461395264
0.49166667461395264
0.49166667461395264
0.49166667461395264
0.49166667461395264
0.49166667461395264
0.49166667461395264
0.49166667461395264
0.49166667461395264
0.49166667461395264
0.49166667461395264
0.49166667461395264
0.49166667461395264
0.49166667461395264
0.49166667461395264
0.49166667461395264
0.49166667461395264
0.49166667461395264
0.49166667461395264
0.49166667461395264
0.49166667461395264
0.49166667461395264
0.49166667461395264
0.49166667461395264
0.49166667461395264
0.49166667461395264
0.49166667461395264
0.49166667461395264
0.49166667461395264
0.49166667461395264

training history loss
0.6945152282714844
0.6932005286216736
0.6931707262992859
0.6931707859039307
0.6931784749031067
0.6931840777397156
0.6931594014167786
0.6931682825088501
0.6931569576263428
0.6931719779968262
0.6931876540184021
0.6931989789009094
0.6931584477424622
0.6931630969047546
0.6931724548339844
0.6931660771369934
0.693160355091095
0.6931808590888977
0.6931749582290649
0.6932505369186401
0.6931686401367188
0.6931739449501038
0.6931699514389038
0.693188488483429
0.6932219862937927
0.6931777000427246
0.6932046413421631
0.6931878924369812
0.6932072639465332
0.6931949257850647
0.6931667327880859

training history val loss
0.6931037902832031
0.6931780576705933
0.6932001113891602
0.6932190656661987
0.6932559013366699
0.693151593208313
0.6932220458984375
0.693246603012085
0.6932113170623779
0.6932079195976257
0.6932374238967896
0.6932036280632019
0.6932153105735779
0.6932249665260315
0.6932355165481567
0.6932370662689209
0.693228006362915
0.6932419538497925
0.6932170987129211
0.6932032108306885
0.6932199597358704
0.6932041049003601
0.6932258605957031
0.6932191252708435
0.6932727098464966
0.6932298541069031
0.6931597590446472
0.6932113766670227
0.6932141184806824
0.6932443976402283
0.6932268142700195