test data loss : 0.35824164748191833
test data accyracy : 0.8539999723434448

training history accuracy
0.7822916507720947
0.8735416531562805
0.8972916603088379
0.9127083420753479
0.9227083325386047
0.9318749904632568
0.9437500238418579
0.9495833516120911
0.9645833373069763
0.9731249809265137
0.9831249713897705
0.9741666913032532
0.9789583086967468
0.9879166483879089
0.9929166436195374
0.9864583611488342
0.984375
0.987708330154419
0.9922916889190674
0.9922916889190674
0.987291693687439
0.9910416603088379
0.9931250214576721
0.9941666722297668
0.9960416555404663
0.9906250238418579
0.987500011920929
0.9954166412353516
0.9945833086967468
0.9972916841506958
0.9975000023841858
0.9981250166893005
0.997083306312561
0.9912499785423279
0.9929166436195374
0.9939583539962769
0.9906250238418579
0.9975000023841858
0.9943749904632568
0.9933333396911621
0.9922916889190674
0.9958333373069763
0.997083306312561
0.9985416531562805
0.9918749928474426
0.9943749904632568
0.9979166388511658
0.9937499761581421
0.9916666746139526
0.9937499761581421
0.9981250166893005
0.997083306312561
1.0
0.9985416531562805
0.9987499713897705
0.9902083277702332
0.9916666746139526
0.9964583516120911
0.9993749856948853
0.9993749856948853
0.996874988079071
0.9956250190734863
0.9950000047683716
0.996874988079071
0.9981250166893005
0.9985416531562805
0.9972916841506958
0.9962499737739563
0.9952083230018616
0.9981250166893005

training history val accuracy
0.5083333253860474
0.5083333253860474
0.5083333253860474
0.5083333253860474
0.5083333253860474
0.5083333253860474
0.5083333253860474
0.5083333253860474
0.5083333253860474
0.5425000190734863
0.6349999904632568
0.7433333396911621
0.5091666579246521
0.6524999737739563
0.8058333396911621
0.49166667461395264
0.49166667461395264
0.5391666889190674
0.5083333253860474
0.5716666579246521
0.6958333253860474
0.5583333373069763
0.6583333611488342
0.4925000071525574
0.6016666889190674
0.8333333134651184
0.5083333253860474
0.7191666960716248
0.4933333396911621
0.8108333349227905
0.550000011920929
0.8116666674613953
0.67166668176651
0.7308333516120911
0.5083333253860474
0.596666693687439
0.8316666483879089
0.596666693687439
0.5308333039283752
0.8341666460037231
0.8191666603088379
0.5083333253860474
0.8924999833106995
0.8683333396911621
0.7016666531562805
0.5899999737739563
0.5108333230018616
0.7416666746139526
0.7699999809265137
0.5741666555404663
0.8583333492279053
0.49166667461395264
0.5400000214576721
0.6558333039283752
0.6000000238418579
0.5241666436195374
0.574999988079071
0.8491666913032532
0.5391666889190674
0.5416666865348816
0.6258333325386047
0.8058333396911621
0.49166667461395264
0.7233333587646484
0.5041666626930237
0.5816666483879089
0.5099999904632568
0.824999988079071
0.6041666865348816
0.840833306312561

training history loss
0.49705129861831665
0.30676230788230896
0.2575993239879608
0.21864232420921326
0.19516876339912415
0.1726628839969635
0.14563210308551788
0.12638631463050842
0.08800384402275085
0.07565281540155411
0.049246035516262054
0.06963077187538147
0.053271953016519547
0.03373679891228676
0.022043565288186073
0.0399228036403656
0.04149756208062172
0.036808423697948456
0.022163858637213707
0.025186799466609955
0.03621510788798332
0.025878814980387688
0.02103910595178604
0.014937211759388447
0.010964535176753998
0.03018377535045147
0.030862703919410706
0.014883216470479965
0.013806751929223537
0.009340954944491386
0.009818151593208313
0.006045214366167784
0.009130364283919334
0.023572493344545364
0.021581633016467094
0.017116479575634003
0.026485567912459373
0.008399873971939087
0.016898132860660553
0.014349181205034256
0.01907339133322239
0.011422953568398952
0.008411637507379055
0.006312637124210596
0.023140408098697662
0.01571577973663807
0.006403232924640179
0.013825695030391216
0.019868265837430954
0.018802063539624214
0.005275182891637087
0.007769676856696606
0.001650043879635632
0.004176912363618612
0.0030471805948764086
0.026602862402796745
0.024493739008903503
0.010641545057296753
0.002303784480318427
0.0034520237240940332
0.008133003488183022
0.014162704348564148
0.01217747014015913
0.008493664674460888
0.005543817300349474
0.004045631270855665
0.005731507670134306
0.011714251711964607
0.010467824526131153
0.006311838515102863

training history val loss
9.890692710876465
10.494752883911133
10.032191276550293
11.913019180297852
9.713067054748535
9.20835018157959
8.962854385375977
6.297645568847656
3.895150899887085
3.8419055938720703
1.6763217449188232
0.7302615642547607
6.461587905883789
1.6021506786346436
0.5831841230392456
10.503573417663574
7.517083168029785
3.174333095550537
6.829634666442871
2.5497944355010986
1.0995137691497803
3.484977960586548
1.5388383865356445
6.9297003746032715
2.3327717781066895
0.5751158595085144
5.1011881828308105
0.9936851859092712
4.032216548919678
0.7054810523986816
3.2108917236328125
0.563676118850708
1.5826305150985718
0.7410526275634766
11.471938133239746
2.7603418827056885
0.7429656386375427
2.5429959297180176
3.807354211807251
0.36427199840545654
0.4282608926296234
9.854768753051758
0.47839441895484924
0.6076899170875549
1.4094374179840088
2.3239288330078125
8.666146278381348
1.1529971361160278
1.368039846420288
3.6325809955596924
0.5256772637367249
8.820898056030273
4.312138557434082
2.683912992477417
3.937041759490967
6.881793022155762
4.001673221588135
0.5094696879386902
4.481355667114258
4.999927043914795
1.7429392337799072
0.5787037014961243
8.076005935668945
1.146020531654358
4.5680251121521
3.954292058944702
4.6497626304626465
0.7627955079078674
3.2811686992645264
1.098299264907837