test data loss : 0.3215654492378235
test data accyracy : 0.8730000257492065

training history accuracy
0.7927083373069763
0.8829166889190674
0.8945833444595337
0.9097916483879089
0.9204166531562805
0.9291666746139526
0.9427083134651184
0.9516666531562805
0.9666666388511658
0.9643750190734863
0.9789583086967468
0.9797916412353516
0.9797916412353516
0.9831249713897705
0.9914583563804626
0.987708330154419
0.9902083277702332
0.9891666769981384
0.9887499809265137
0.9900000095367432
0.9943749904632568
0.9922916889190674
0.9933333396911621
0.9962499737739563
0.9910416603088379
0.9860416650772095
0.9941666722297668
0.9914583563804626
0.9947916865348816
0.9931250214576721
0.997083306312561
0.9950000047683716
0.9977083206176758
0.9908333420753479
0.9954166412353516
0.9958333373069763
0.9954166412353516
0.996874988079071
0.9975000023841858
0.9933333396911621
0.996874988079071

training history val accuracy
0.5083333253860474
0.5083333253860474
0.5083333253860474
0.5083333253860474
0.5083333253860474
0.5083333253860474
0.5083333253860474
0.5083333253860474
0.5083333253860474
0.5216666460037231
0.8766666650772095
0.5358333587646484
0.6700000166893005
0.8708333373069763
0.6791666746139526
0.8766666650772095
0.8774999976158142
0.5091666579246521
0.6041666865348816
0.846666693687439
0.5358333587646484
0.5208333134651184
0.5416666865348816
0.6058333516120911
0.5083333253860474
0.6808333396911621
0.6399999856948853
0.784166693687439
0.534166693687439
0.5733333230018616
0.5083333253860474
0.6850000023841858
0.4950000047683716
0.628333330154419
0.5408333539962769
0.5666666626930237
0.6775000095367432
0.7716666460037231
0.5099999904632568
0.8274999856948853
0.5108333230018616

training history loss
0.47132572531700134
0.2919558584690094
0.2588675022125244
0.22166641056537628
0.19329716265201569
0.1804732084274292
0.14639508724212646
0.12457500398159027
0.09145873039960861
0.08297494798898697
0.06106600537896156
0.055237866938114166
0.0510958731174469
0.04404294490814209
0.023562535643577576
0.03818323090672493
0.02987869270145893
0.02991415373980999
0.029660720378160477
0.02881886251270771
0.01668620854616165
0.022884249687194824
0.019787214696407318
0.013943726196885109
0.023853065446019173
0.03442848473787308
0.017740286886692047
0.02280452288687229
0.014983631670475006
0.020511101931333542
0.010819373652338982
0.012902944348752499
0.008210706524550915
0.02185743674635887
0.013832463882863522
0.011159016750752926
0.013497519306838512
0.008478443138301373
0.008281473070383072
0.018044348806142807
0.00881471112370491

training history val loss
14.173381805419922
15.868253707885742
13.61767864227295
14.326215744018555
12.963210105895996
15.487693786621094
14.091368675231934
13.582063674926758
10.779500007629395
4.086019039154053
0.31399962306022644
3.2300455570220947
1.0871782302856445
0.4164561927318573
1.9020005464553833
0.4372588098049164
0.4580147862434387
9.229028701782227
2.198686361312866
0.7434360384941101
4.81496000289917
6.734272480010986
2.718487024307251
3.069035053253174
7.939440727233887
1.6770563125610352
2.3327114582061768
0.8440631628036499
5.580628871917725
2.9932682514190674
9.359299659729004
2.2783265113830566
5.3778228759765625
2.491734027862549
4.4671630859375
3.8446028232574463
2.3478899002075195
1.2530159950256348
8.503362655639648
0.7462135553359985
8.973633766174316