test data loss : 0.3501591980457306
test data accyracy : 0.8840000033378601

training history accuracy
0.7712500095367432
0.8831250071525574
0.9022916555404663
0.9160416722297668
0.9191666841506958
0.9366666674613953
0.9329166412353516
0.9543750286102295
0.9627083539962769
0.9702083468437195
0.9762499928474426
0.9829166531562805
0.9754166603088379
0.9864583611488342
0.9860416650772095
0.9925000071525574
0.9854166507720947
0.9916666746139526
0.9885416626930237
0.9922916889190674
0.9889583587646484
0.9900000095367432
0.9904166460037231
0.9910416603088379
0.9931250214576721
0.9941666722297668
0.9891666769981384
0.9943749904632568
0.9918749928474426
0.9947916865348816
0.9972916841506958
0.9964583516120911
0.9958333373069763
0.9891666769981384
0.9929166436195374
0.997083306312561
0.9920833110809326
0.9979166388511658
0.9975000023841858
0.9937499761581421
0.9895833134651184
0.9914583563804626
0.9985416531562805
0.996666669845581
0.9950000047683716
0.9952083230018616

training history val accuracy
0.5083333253860474
0.5083333253860474
0.5083333253860474
0.5083333253860474
0.5083333253860474
0.5083333253860474
0.5083333253860474
0.5083333253860474
0.8016666769981384
0.8808333277702332
0.5083333253860474
0.5083333253860474
0.5600000023841858
0.512499988079071
0.6791666746139526
0.8899999856948853
0.8791666626930237
0.6958333253860474
0.8758333325386047
0.6016666889190674
0.5083333253860474
0.5091666579246521
0.8149999976158142
0.6208333373069763
0.5099999904632568
0.4933333396911621
0.6883333325386047
0.4933333396911621
0.8233333230018616
0.8541666865348816
0.49416667222976685
0.5358333587646484
0.784166693687439
0.8125
0.5350000262260437
0.5308333039283752
0.8899999856948853
0.8958333134651184
0.6183333396911621
0.49416667222976685
0.5083333253860474
0.6383333206176758
0.625
0.846666693687439
0.5083333253860474
0.8966666460037231

training history loss
0.49983394145965576
0.28308266401290894
0.251287043094635
0.21236208081245422
0.19987361133098602
0.1668534129858017
0.16017460823059082
0.12360787391662598
0.0978090837597847
0.08136259764432907
0.06484684348106384
0.05001344904303551
0.06281489133834839
0.03903257101774216
0.042204782366752625
0.021518118679523468
0.0450211726129055
0.02583044394850731
0.030311062932014465
0.019156331196427345
0.03135458379983902
0.02728389762341976
0.026467235758900642
0.028781279921531677
0.016854742541909218
0.01669609732925892
0.02860036864876747
0.012740405276417732
0.02009335719048977
0.01632295735180378
0.01065640989691019
0.0096119474619627
0.014975671656429768
0.02804652787744999
0.017373861744999886
0.009902555495500565
0.021448075771331787
0.0073805879801511765
0.006852622609585524
0.020339040085673332
0.033391181379556656
0.024728210642933846
0.005210039671510458
0.008659103885293007
0.01764759235084057
0.014495673589408398

training history val loss
12.461381912231445
11.444184303283691
9.606060028076172
10.261090278625488
10.144107818603516
9.558485984802246
10.057342529296875
8.73040771484375
0.6116321086883545
0.3910176157951355
5.1750640869140625
10.110739707946777
3.4355595111846924
2.6040546894073486
1.4048923254013062
0.33904433250427246
0.3869877755641937
1.2766858339309692
0.3683197498321533
2.654520034790039
10.60324478149414
6.295187473297119
0.7217342853546143
3.0572509765625
8.62090015411377
7.725889682769775
1.2860881090164185
4.611600875854492
1.0220389366149902
0.6532717943191528
9.484842300415039
4.124523162841797
0.933833122253418
1.0613272190093994
4.0475616455078125
6.864211559295654
0.4635887145996094
0.38075801730155945
1.7905118465423584
10.593681335449219
9.347221374511719
2.3080050945281982
2.7567272186279297
0.904681384563446
11.060225486755371
0.44166189432144165