test data loss : 0.3971922993659973
test data accyracy : 0.8510000109672546

training history accuracy
0.7585416436195374
0.8839583396911621
0.9027083516120911
0.9097916483879089
0.9212499856948853
0.9335416555404663
0.9435416460037231
0.953125
0.9568750262260437
0.9645833373069763
0.9739583134651184
0.9772916436195374
0.9795833230018616
0.9835416674613953
0.9833333492279053
0.9885416626930237
0.9908333420753479
0.9831249713897705
0.987708330154419
0.9933333396911621
0.9937499761581421
0.9916666746139526
0.9929166436195374
0.9945833086967468
0.9947916865348816
0.9927083253860474
0.9941666722297668
0.9950000047683716
0.996874988079071
0.9929166436195374
0.9897916913032532
0.9906250238418579
0.9962499737739563
0.9962499737739563
0.9958333373069763
0.9954166412353516
0.9939583539962769
0.9906250238418579
0.9960416555404663
0.9964583516120911
0.9979166388511658

training history val accuracy
0.5083333253860474
0.5083333253860474
0.5083333253860474
0.5083333253860474
0.5083333253860474
0.5083333253860474
0.5083333253860474
0.5083333253860474
0.5091666579246521
0.5425000190734863
0.8666666746139526
0.6383333206176758
0.690833330154419
0.5008333325386047
0.49166667461395264
0.6833333373069763
0.8791666626930237
0.49166667461395264
0.8799999952316284
0.7816666960716248
0.5083333253860474
0.5141666531562805
0.8666666746139526
0.5099999904632568
0.6066666841506958
0.49166667461395264
0.5083333253860474
0.6625000238418579
0.5141666531562805
0.5083333253860474
0.5741666555404663
0.4925000071525574
0.5558333396911621
0.49916666746139526
0.5208333134651184
0.5083333253860474
0.6183333396911621
0.49166667461395264
0.8733333349227905
0.6650000214576721
0.5091666579246521

training history loss
0.502869188785553
0.29137763381004333
0.24692530930042267
0.22585441172122955
0.2064651995897293
0.16545604169368744
0.1525374799966812
0.12416251003742218
0.11302897334098816
0.08604903519153595
0.06837781518697739
0.06250207126140594
0.060077469795942307
0.04309635981917381
0.043948087841272354
0.030823787674307823
0.02695583924651146
0.0403779074549675
0.03220811486244202
0.02102532796561718
0.0179448239505291
0.023961778730154037
0.0191667303442955
0.015973178669810295
0.016176683828234673
0.025073127821087837
0.017561201006174088
0.017029883340001106
0.010175377130508423
0.01902920939028263
0.02515602670609951
0.025644604116678238
0.01253509521484375
0.009941313415765762
0.011584938503801823
0.012313513085246086
0.016723722219467163
0.026127852499485016
0.012083189561963081
0.009294804185628891
0.00872458703815937

training history val loss
10.919185638427734
12.600956916809082
8.654549598693848
11.35326099395752
10.131011962890625
12.515885353088379
12.550002098083496
12.643836975097656
5.453987121582031
3.3243062496185303
0.34006717801094055
1.6885594129562378
1.2733724117279053
4.108206748962402
7.759869575500488
1.5892356634140015
0.4051649868488312
9.876439094543457
0.3825255334377289
0.9376031756401062
6.595875263214111
5.947873115539551
0.5381504893302917
6.633583068847656
2.74010968208313
10.176925659179688
3.9462344646453857
2.0838489532470703
6.004279136657715
5.794149398803711
2.802165985107422
7.011897563934326
3.9921679496765137
4.016086578369141
4.871776580810547
10.39191722869873
2.303267002105713
9.295746803283691
0.631442666053772
2.124375104904175
7.661055564880371