test data loss : 0.4038477838039398
test data accyracy : 0.8730000257492065

training history accuracy
0.8008333444595337
0.8806250095367432
0.8933333158493042
0.9156249761581421
0.9222916960716248
0.9379166960716248
0.9456250071525574
0.9616666436195374
0.9664583206176758
0.9729166626930237
0.9797916412353516
0.9847916960716248
0.9831249713897705
0.9868749976158142
0.9881250262260437
0.9764583110809326
0.9870833158493042
0.9945833086967468
0.9937499761581421
0.9933333396911621
0.9925000071525574
0.9927083253860474
0.9937499761581421
0.9950000047683716
0.9931250214576721
0.9952083230018616
0.9922916889190674
0.9889583587646484
0.9964583516120911
0.996874988079071
0.9922916889190674
0.9931250214576721
0.9918749928474426
0.9931250214576721
0.9954166412353516
0.9964583516120911
0.9975000023841858
0.996874988079071
0.9952083230018616
0.9933333396911621
0.9927083253860474
0.9950000047683716
0.9927083253860474
0.997083306312561
0.9958333373069763
0.9954166412353516
0.997083306312561
0.996874988079071
0.9964583516120911

training history val accuracy
0.5083333253860474
0.5083333253860474
0.5083333253860474
0.5083333253860474
0.5083333253860474
0.5083333253860474
0.5083333253860474
0.5083333253860474
0.5083333253860474
0.5083333253860474
0.5083333253860474
0.5249999761581421
0.7099999785423279
0.5649999976158142
0.5166666507720947
0.6633333563804626
0.8083333373069763
0.7791666388511658
0.8774999976158142
0.8858333230018616
0.550000011920929
0.5366666913032532
0.4925000071525574
0.5333333611488342
0.5791666507720947
0.8349999785423279
0.6883333325386047
0.5191666483879089
0.8791666626930237
0.8700000047683716
0.7308333516120911
0.5133333206176758
0.5816666483879089
0.5116666555404663
0.7733333110809326
0.49166667461395264
0.7241666913032532
0.5649999976158142
0.637499988079071
0.49666666984558105
0.7758333086967468
0.512499988079071
0.6808333396911621
0.6474999785423279
0.7283333539962769
0.8025000095367432
0.824999988079071
0.5391666889190674
0.75

training history loss
0.4495861232280731
0.2872870862483978
0.25629541277885437
0.21299545466899872
0.194960817694664
0.16482074558734894
0.13572870194911957
0.10113700479269028
0.08641307055950165
0.07514774799346924
0.05911945179104805
0.04468163102865219
0.049023956060409546
0.03518252447247505
0.030928166583180428
0.06000120937824249
0.03523558750748634
0.016784945502877235
0.02029041014611721
0.01880086585879326
0.02341783605515957
0.02436230331659317
0.019599549472332
0.020206812769174576
0.021033931523561478
0.014926609583199024
0.025735758244991302
0.02672048844397068
0.01146924402564764
0.011361422948539257
0.01758846826851368
0.017988229170441628
0.021292686462402344
0.019366906955838203
0.010489542037248611
0.009794674813747406
0.0071417116560041904
0.008779119700193405
0.012395842000842094
0.017139557749032974
0.017070183530449867
0.013157818466424942
0.020812977105379105
0.008336790837347507
0.012599419802427292
0.014540729112923145
0.007501574233174324
0.00826186127960682
0.010543773882091045

training history val loss
16.681819915771484
13.061984062194824
13.868803977966309
10.669122695922852
11.833438873291016
6.890769004821777
11.8032808303833
7.798925876617432
9.1730375289917
8.30238151550293
10.874480247497559
4.6263108253479
0.9901527166366577
1.857503056526184
3.0801401138305664
2.414004325866699
0.6685449481010437
0.8288888931274414
0.4156940281391144
0.42305850982666016
3.740300178527832
3.634251356124878
4.551338195800781
5.535889625549316
2.5157859325408936
0.5580496191978455
1.3952915668487549
5.233696460723877
0.4432038366794586
0.5600926280021667
1.257849097251892
4.166255474090576
2.9884145259857178
8.385700225830078
1.1112562417984009
9.05393123626709
1.5111867189407349
5.207230091094971
2.1753745079040527
5.685457229614258
0.8142757415771484
5.4861931800842285
1.753733515739441
2.1658987998962402
1.6230930089950562
1.1203811168670654
0.767600417137146
4.063597202301025
1.5182304382324219