test data loss : 0.500240683555603
test data accyracy : 0.843999981880188

training history accuracy
0.7772916555404663
0.8743749856948853
0.8941666483879089
0.903333306312561
0.925208330154419
0.9362499713897705
0.9452083110809326
0.956458330154419
0.9641666412353516
0.9714583158493042
0.9741666913032532
0.981041669845581
0.9885416626930237
0.9879166483879089
0.984375
0.9847916960716248
0.9927083253860474
0.9908333420753479
0.987500011920929
0.9920833110809326
0.9922916889190674
0.987291693687439
0.9879166483879089
0.9975000023841858
0.9933333396911621
0.9908333420753479
0.9870833158493042
0.9950000047683716
0.9952083230018616
0.9933333396911621
0.9939583539962769
0.9933333396911621
0.9958333373069763
0.9964583516120911
0.9937499761581421
0.9929166436195374
0.9925000071525574
0.9931250214576721
0.9985416531562805
0.9956250190734863
0.9979166388511658
0.9954166412353516
0.9964583516120911
0.9960416555404663
0.9962499737739563
0.9964583516120911
0.9952083230018616

training history val accuracy
0.5083333253860474
0.5083333253860474
0.5083333253860474
0.5083333253860474
0.5083333253860474
0.5083333253860474
0.5083333253860474
0.5083333253860474
0.5083333253860474
0.8308333158493042
0.4950000047683716
0.5083333253860474
0.5083333253860474
0.49166667461395264
0.559166669845581
0.5083333253860474
0.887499988079071
0.8550000190734863
0.5074999928474426
0.6991666555404663
0.7391666769981384
0.5183333158493042
0.7566666603088379
0.7916666865348816
0.8566666841506958
0.5116666555404663
0.5083333253860474
0.7433333396911621
0.5108333230018616
0.60916668176651
0.6608333587646484
0.5083333253860474
0.5249999761581421
0.5233333110809326
0.6016666889190674
0.8450000286102295
0.5083333253860474
0.5475000143051147
0.5083333253860474
0.5066666603088379
0.8416666388511658
0.7508333325386047
0.8741666674613953
0.8541666865348816
0.5083333253860474
0.7266666889190674
0.503333330154419

training history loss
0.4996800124645233
0.2983401417732239
0.25297582149505615
0.2283235639333725
0.19651028513908386
0.16117919981479645
0.1341928392648697
0.11572132259607315
0.0885857418179512
0.07489664107561111
0.07149644196033478
0.051696937531232834
0.03852040320634842
0.033244844526052475
0.04585528001189232
0.03766582906246185
0.020071767270565033
0.023251820355653763
0.03329186514019966
0.023302018642425537
0.02156222239136696
0.03308090195059776
0.03186206892132759
0.010937796905636787
0.016807524487376213
0.02653953805565834
0.029477933421730995
0.01534483302384615
0.013665968552231789
0.018872855231165886
0.017374569550156593
0.0179427582770586
0.011694460175931454
0.00937146507203579
0.015351522713899612
0.02026708610355854
0.023406438529491425
0.019471170380711555
0.0058120968751609325
0.013085229322314262
0.008747447282075882
0.012091211043298244
0.010665304027497768
0.010854748077690601
0.00906786322593689
0.011110242456197739
0.012780136428773403

training history val loss
11.8469820022583
13.09322738647461
10.446364402770996
14.41577434539795
8.516446113586426
8.686209678649902
9.328143119812012
7.707918167114258
7.190361976623535
0.6726150512695312
5.53730583190918
8.431183815002441
7.005999565124512
10.170706748962402
2.139314889907837
7.902273178100586
0.37374237179756165
0.5155606865882874
3.6184329986572266
1.7785052061080933
1.3527075052261353
5.473104953765869
1.0836774110794067
1.092713713645935
0.3947274088859558
7.552041053771973
5.8692216873168945
0.756072998046875
4.775548458099365
2.1932756900787354
1.6106512546539307
9.720827102661133
4.860826015472412
4.627608776092529
2.2117760181427
0.7604520916938782
7.995429515838623
3.746518611907959
7.396681308746338
5.066894054412842
0.5872299075126648
1.3404178619384766
0.6353336572647095
0.634554922580719
12.859304428100586
1.535970687866211
4.844184875488281