test data loss : 0.33178651332855225
test data accyracy : 0.8980000019073486

training history accuracy
0.7872916460037231
0.8766666650772095
0.8947916626930237
0.909583330154419
0.9204166531562805
0.9254166483879089
0.9422916769981384
0.9420833587646484
0.9606249928474426
0.9608333110809326
0.9737499952316284
0.9768750071525574
0.9747916460037231
0.9847916960716248
0.9895833134651184
0.9902083277702332
0.9829166531562805
0.9837499856948853
0.9918749928474426
0.9835416674613953
0.9893749952316284
0.997083306312561
0.9952083230018616
0.9945833086967468
0.9922916889190674
0.9904166460037231
0.9950000047683716
0.9960416555404663
0.9904166460037231
0.9920833110809326
0.9943749904632568
0.9889583587646484
0.9931250214576721
0.9947916865348816
0.9975000023841858
0.9981250166893005
0.9962499737739563
0.9933333396911621
0.9935416579246521
0.9956250190734863
0.9958333373069763
0.9958333373069763
0.9925000071525574
0.9937499761581421
0.9933333396911621
0.9993749856948853

training history val accuracy
0.5083333253860474
0.5083333253860474
0.5083333253860474
0.5083333253860474
0.5083333253860474
0.5083333253860474
0.5083333253860474
0.5083333253860474
0.5083333253860474
0.7266666889190674
0.7883333563804626
0.5274999737739563
0.6983333230018616
0.8541666865348816
0.8758333325386047
0.887499988079071
0.5208333134651184
0.5975000262260437
0.5083333253860474
0.5083333253860474
0.6899999976158142
0.8600000143051147
0.6974999904632568
0.5174999833106995
0.5174999833106995
0.6741666793823242
0.73416668176651
0.5299999713897705
0.49166667461395264
0.85916668176651
0.7741666436195374
0.8500000238418579
0.5116666555404663
0.746666669845581
0.6666666865348816
0.6916666626930237
0.5274999737739563
0.5258333086967468
0.8516666889190674
0.8341666460037231
0.5708333253860474
0.5141666531562805
0.6524999737739563
0.5933333039283752
0.628333330154419
0.6266666650772095

training history loss
0.4882190525531769
0.2981133759021759
0.2617764472961426
0.22305262088775635
0.2048928141593933
0.1836964637041092
0.1561315357685089
0.1443677842617035
0.10933008790016174
0.09752102196216583
0.07685390114784241
0.058639876544475555
0.06805888563394547
0.044308219105005264
0.02757752500474453
0.02732892706990242
0.04696075618267059
0.04512017220258713
0.026653017848730087
0.042197152972221375
0.029874136671423912
0.011917904019355774
0.012843071483075619
0.016234468668699265
0.02076190710067749
0.026396488770842552
0.01301881205290556
0.012446073815226555
0.022304924204945564
0.02578181028366089
0.016523195430636406
0.026895567774772644
0.01863204501569271
0.013630839996039867
0.008475269190967083
0.005855337250977755
0.01084582507610321
0.01905076578259468
0.019080007448792458
0.011594677343964577
0.009445147588849068
0.01342659629881382
0.01951019838452339
0.01787721738219261
0.01911364309489727
0.0032066574785858393

training history val loss
15.119891166687012
14.357735633850098
17.24413299560547
15.468266487121582
14.272106170654297
14.421585083007812
12.180307388305664
15.525242805480957
13.6162691116333
0.8927839398384094
0.7544549107551575
2.4106574058532715
1.7626686096191406
0.486245721578598
0.4022127091884613
0.35315850377082825
3.8960795402526855
2.7514102458953857
6.369685649871826
8.313725471496582
1.2449651956558228
0.5234686136245728
1.0374644994735718
5.429924964904785
5.538382053375244
1.1730209589004517
1.1687260866165161
6.378236293792725
10.856904983520508
0.5880709886550903
0.9882557988166809
0.4883376657962799
7.446953773498535
1.2608529329299927
1.880182147026062
1.9092600345611572
3.2998297214508057
4.3480095863342285
0.8709244728088379
0.6186612248420715
3.212822437286377
6.398602485656738
2.034515857696533
2.6032803058624268
2.1390304565429688
2.523975372314453