test data loss : 0.2984698712825775
test data accyracy : 0.8859999775886536

training history accuracy
0.7947916388511658
0.878333330154419
0.903333306312561
0.9075000286102295
0.9202083349227905
0.9322916865348816
0.940833330154419
0.9539583325386047
0.9591666460037231
0.9706249833106995
0.9791666865348816
0.9787499904632568
0.9793750047683716
0.9820833206176758
0.9860416650772095
0.9829166531562805
0.9858333468437195
0.9939583539962769
0.9922916889190674
0.9937499761581421
0.9897916913032532
0.987708330154419
0.9937499761581421
0.9918749928474426
0.9912499785423279
0.9947916865348816
0.9900000095367432
0.9916666746139526
0.9952083230018616
0.9964583516120911
0.9904166460037231
0.9912499785423279
0.9914583563804626
0.9952083230018616
0.9972916841506958
0.9972916841506958
0.9964583516120911
0.997083306312561
0.9958333373069763
0.9941666722297668
0.9975000023841858
0.9931250214576721
0.9954166412353516
0.9929166436195374
0.9954166412353516
0.9981250166893005
0.9962499737739563
0.9962499737739563
0.9939583539962769
0.9950000047683716
0.996874988079071
0.9972916841506958
0.9958333373069763
0.9956250190734863

training history val accuracy
0.5083333253860474
0.5083333253860474
0.5083333253860474
0.5083333253860474
0.5083333253860474
0.5083333253860474
0.5083333253860474
0.5083333253860474
0.5083333253860474
0.5641666650772095
0.5799999833106995
0.6499999761581421
0.6791666746139526
0.5141666531562805
0.528333306312561
0.49166667461395264
0.5083333253860474
0.7141666412353516
0.574999988079071
0.6625000238418579
0.49916666746139526
0.6391666531562805
0.49166667461395264
0.8691666722297668
0.8650000095367432
0.8633333444595337
0.8041666746139526
0.6416666507720947
0.8383333086967468
0.8433333039283752
0.6899999976158142
0.5083333253860474
0.4933333396911621
0.5099999904632568
0.5208333134651184
0.8866666555404663
0.8224999904632568
0.8583333492279053
0.5083333253860474
0.8700000047683716
0.5099999904632568
0.5133333206176758
0.6508333086967468
0.7074999809265137
0.6666666865348816
0.4950000047683716
0.7266666889190674
0.7191666960716248
0.8016666769981384
0.8308333158493042
0.5941666960716248
0.7225000262260437
0.64083331823349
0.6150000095367432

training history loss
0.44271671772003174
0.29979783296585083
0.24455945193767548
0.2332489788532257
0.20174336433410645
0.1721177101135254
0.1535763293504715
0.1152818575501442
0.10538157820701599
0.07727355509996414
0.06308866292238235
0.05890602245926857
0.050222836434841156
0.044327255338430405
0.04148093983530998
0.04434525966644287
0.03991234675049782
0.019726471975445747
0.020075712352991104
0.01891190931200981
0.027856184169650078
0.03065677359700203
0.018055878579616547
0.021816693246364594
0.022350065410137177
0.015444590710103512
0.03228442370891571
0.02311699092388153
0.012822754681110382
0.008782156743109226
0.02151586301624775
0.02522687055170536
0.024908527731895447
0.014989059418439865
0.008608036674559116
0.0072381566278636456
0.0119496313855052
0.010243751108646393
0.014864557422697544
0.018164165318012238
0.009036014787852764
0.018550589680671692
0.014694150537252426
0.0186485406011343
0.014901424758136272
0.006676472723484039
0.011614581570029259
0.010533805005252361
0.018053770065307617
0.014007790945470333
0.01093442365527153
0.010170177556574345
0.01009536162018776
0.01398245058953762

training history val loss
7.586721420288086
9.543519020080566
11.064091682434082
11.139549255371094
12.140192031860352
12.265981674194336
11.577035903930664
9.277990341186523
12.060484886169434
2.4964871406555176
2.9573302268981934
2.2324059009552
1.5375579595565796
4.253194808959961
2.435533285140991
6.48746919631958
9.341586112976074
1.3139054775238037
2.7608368396759033
2.3030595779418945
6.008091449737549
1.7807537317276
7.366476058959961
0.3335353136062622
0.5859445929527283
0.501375138759613
0.6980279684066772
1.5716766119003296
0.8004774451255798
0.6332892775535583
1.4845000505447388
11.078232765197754
9.985929489135742
7.686871528625488
4.404438495635986
0.4624418020248413
0.7353035807609558
0.6694703698158264
11.698952674865723
0.6953979730606079
7.864410877227783
8.313231468200684
2.382962465286255
1.7296807765960693
1.7493131160736084
6.892984390258789
1.1713182926177979
1.6499043703079224
1.0035980939865112
0.7621957659721375
3.4850597381591797
1.789696216583252
2.1421620845794678
3.284785032272339