test data loss : 0.29937541484832764
test data accyracy : 0.8939999938011169

training history accuracy
0.8133333325386047
0.8829166889190674
0.8958333134651184
0.9085416793823242
0.9172916412353516
0.9335416555404663
0.9420833587646484
0.950208306312561
0.9672916531562805
0.971875011920929
0.9752083420753479
0.9791666865348816
0.9868749976158142
0.9818750023841858
0.9887499809265137
0.9929166436195374
0.9850000143051147
0.9868749976158142
0.9937499761581421
0.9904166460037231
0.9895833134651184
0.9920833110809326
0.9887499809265137
0.9931250214576721
0.9929166436195374
0.9914583563804626
0.9958333373069763
0.9956250190734863
0.9854166507720947
0.9958333373069763
0.996666669845581
0.9937499761581421
0.9941666722297668
0.9916666746139526
0.9975000023841858
0.996874988079071
0.9931250214576721
0.9931250214576721
0.9941666722297668
0.9975000023841858
0.9931250214576721
0.9912499785423279
0.9941666722297668
0.9987499713897705
0.9958333373069763
0.9933333396911621
0.9962499737739563
0.997083306312561
0.9977083206176758

training history val accuracy
0.5083333253860474
0.5083333253860474
0.5083333253860474
0.5083333253860474
0.5083333253860474
0.5083333253860474
0.5083333253860474
0.5083333253860474
0.5083333253860474
0.512499988079071
0.5208333134651184
0.5791666507720947
0.49166667461395264
0.5083333253860474
0.746666669845581
0.5991666913032532
0.5541666746139526
0.5358333587646484
0.9008333086967468
0.7358333468437195
0.6466666460037231
0.8858333230018616
0.7741666436195374
0.49916666746139526
0.5249999761581421
0.5083333253860474
0.5425000190734863
0.6449999809265137
0.5083333253860474
0.7383333444595337
0.7133333086967468
0.5958333611488342
0.5799999833106995
0.875
0.8941666483879089
0.5550000071525574
0.7425000071525574
0.8358333110809326
0.5633333325386047
0.5333333611488342
0.6274999976158142
0.49166667461395264
0.887499988079071
0.5950000286102295
0.6691666841506958
0.5083333253860474
0.612500011920929
0.4925000071525574
0.8958333134651184

training history loss
0.42191311717033386
0.2869967818260193
0.25990673899650574
0.22524088621139526
0.20195220410823822
0.16572435200214386
0.14863340556621552
0.1304611712694168
0.09098493307828903
0.07809043675661087
0.06803195178508759
0.0577920600771904
0.03888118639588356
0.046851277351379395
0.02887267991900444
0.021016545593738556
0.03741281479597092
0.04072042554616928
0.02154541015625
0.028647644445300102
0.030284980311989784
0.020214615389704704
0.032768405973911285
0.017907483503222466
0.022161077708005905
0.02286268025636673
0.011859800666570663
0.010787880048155785
0.03732295334339142
0.012361313216388226
0.008163074031472206
0.014869502745568752
0.015467938967049122
0.023217981681227684
0.00783091876655817
0.006866644136607647
0.019495351240038872
0.019085749983787537
0.01701546460390091
0.0067857918329536915
0.017890051007270813
0.02508673258125782
0.015641452744603157
0.006227543577551842
0.010125424712896347
0.017945948988199234
0.010474739596247673
0.00907200574874878
0.008894365280866623

training history val loss
10.24690055847168
14.354310035705566
10.455643653869629
11.356776237487793
11.559024810791016
11.9155855178833
11.068010330200195
9.096705436706543
7.767237186431885
1.9562054872512817
2.710314989089966
2.2871289253234863
6.724789142608643
6.951456546783447
1.1812728643417358
1.3342833518981934
3.8113813400268555
3.0019540786743164
0.283767968416214
1.0078856945037842
2.0714402198791504
0.4300333261489868
0.9156805276870728
5.024116039276123
3.410038471221924
6.346930980682373
3.2899301052093506
2.00549578666687
13.9898042678833
1.0223777294158936
1.7383040189743042
2.897136926651001
3.499293327331543
0.42604491114616394
0.4291866421699524
3.0214109420776367
1.4562206268310547
0.8692258596420288
3.6919186115264893
4.299394607543945
2.500692367553711
11.251190185546875
0.4795442819595337
3.649761199951172
2.2934794425964355
13.839153289794922
2.9230501651763916
9.902287483215332
0.43699589371681213