test data loss : 0.36014536023139954
test data accyracy : 0.902999997138977

training history accuracy
0.8010416626930237
0.8943750262260437
0.8964583277702332
0.9210416674613953
0.9254166483879089
0.9333333373069763
0.9522916674613953
0.9574999809265137
0.965416669845581
0.9737499952316284
0.9708333611488342
0.9879166483879089
0.9897916913032532
0.9862499833106995
0.9860416650772095
0.9862499833106995
0.9852083325386047
0.9914583563804626
0.9918749928474426
0.9925000071525574
0.9906250238418579
0.9927083253860474
0.987291693687439
0.9895833134651184
0.9977083206176758
0.9947916865348816
0.9954166412353516
0.9933333396911621
0.9945833086967468
0.9983333349227905
0.9908333420753479
0.9908333420753479
0.9941666722297668
0.9972916841506958
0.997083306312561
0.9920833110809326
0.9927083253860474
0.9941666722297668
0.9950000047683716
0.997083306312561
0.9958333373069763
0.9983333349227905
0.9979166388511658
0.9947916865348816
0.9943749904632568
0.9922916889190674
0.9972916841506958
0.9972916841506958
0.9933333396911621
0.9947916865348816
0.996666669845581
0.9956250190734863
0.9958333373069763
0.9947916865348816
0.9941666722297668

training history val accuracy
0.5083333253860474
0.5083333253860474
0.5083333253860474
0.5083333253860474
0.5083333253860474
0.5083333253860474
0.5083333253860474
0.5083333253860474
0.5083333253860474
0.8174999952316284
0.5091666579246521
0.8441666960716248
0.8483333587646484
0.7275000214576721
0.7275000214576721
0.6816666722297668
0.6933333277702332
0.5083333253860474
0.8324999809265137
0.6791666746139526
0.8491666913032532
0.5691666603088379
0.5508333444595337
0.7166666388511658
0.8824999928474426
0.49166667461395264
0.8508333563804626
0.8916666507720947
0.8500000238418579
0.6675000190734863
0.7133333086967468
0.6183333396911621
0.5258333086967468
0.5325000286102295
0.7733333110809326
0.512499988079071
0.5674999952316284
0.6458333134651184
0.8725000023841858
0.7408333420753479
0.5116666555404663
0.5874999761581421
0.5083333253860474
0.6608333587646484
0.8758333325386047
0.5333333611488342
0.840833306312561
0.5083333253860474
0.5366666913032532
0.5799999833106995
0.5191666483879089
0.49166667461395264
0.8658333420753479
0.5083333253860474
0.60916668176651

training history loss
0.4512083828449249
0.27022290229797363
0.2525024712085724
0.20329579710960388
0.19013646245002747
0.16407737135887146
0.12433003634214401
0.10789469629526138
0.0899878740310669
0.06674212217330933
0.07704848796129227
0.03458661586046219
0.031383175402879715
0.037627145648002625
0.03673132136464119
0.03515157848596573
0.04081235080957413
0.025456327944993973
0.022299306467175484
0.020797673612833023
0.02941281348466873
0.021113503724336624
0.029356127604842186
0.02822894975543022
0.008859274908900261
0.015134125016629696
0.011474637314677238
0.018851839005947113
0.012026410549879074
0.007903093472123146
0.025743143633008003
0.02821001596748829
0.018383823335170746
0.008700086735188961
0.009633955545723438
0.02343273162841797
0.01920541375875473
0.012373099103569984
0.015234863385558128
0.012194163165986538
0.009537968784570694
0.005775455851107836
0.005020241718739271
0.013354310765862465
0.01838104985654354
0.020034631714224815
0.00868504773825407
0.007472896482795477
0.017883697524666786
0.014205600135028362
0.008268767036497593
0.011982733383774757
0.012778133153915405
0.013605169020593166
0.014218089170753956

training history val loss
8.823931694030762
11.260281562805176
12.043107032775879
11.102666854858398
12.867201805114746
12.061593055725098
12.617528915405273
9.0209321975708
11.965344429016113
0.5721054673194885
5.2718095779418945
0.46364399790763855
0.4103798568248749
0.8567964434623718
1.2462633848190308
1.1360610723495483
1.1367963552474976
12.263524055480957
0.7383968234062195
1.6745951175689697
0.5969398617744446
2.7079710960388184
3.5642261505126953
1.4693269729614258
0.3840654194355011
7.486355781555176
0.5159778594970703
0.4887678027153015
0.5841026306152344
2.095827341079712
2.441695213317871
2.3474950790405273
4.766134738922119
5.805450916290283
0.7194409966468811
8.702876091003418
3.2309257984161377
1.9857255220413208
0.7585760354995728
1.3402525186538696
8.336322784423828
3.364136219024658
11.55859661102295
2.3648083209991455
0.6084538698196411
5.13134765625
0.7174237370491028
13.515948295593262
4.778321743011475
4.218090534210205
5.7079596519470215
8.810839653015137
0.5558553338050842
11.359411239624023
3.9024498462677