test data loss : 0.4792305529117584
test data accyracy : 0.8659999966621399

training history accuracy
0.7943750023841858
0.8789583444595337
0.8981249928474426
0.9089583158493042
0.918749988079071
0.9352083206176758
0.9470833539962769
0.9568750262260437
0.9599999785423279
0.9681249856948853
0.9697916507720947
0.9827083349227905
0.981458306312561
0.9835416674613953
0.9897916913032532
0.9866666793823242
0.9779166579246521
0.9862499833106995
0.987291693687439
0.9960416555404663
0.997083306312561
0.9908333420753479
0.987500011920929
0.9941666722297668
0.9929166436195374
0.9956250190734863
0.9910416603088379
0.9939583539962769
0.9941666722297668
0.9972916841506958
0.9979166388511658
0.9950000047683716
0.9929166436195374
0.9925000071525574
0.9912499785423279
0.9947916865348816
0.9910416603088379
0.9943749904632568
0.9960416555404663
0.9956250190734863
0.996666669845581
0.9916666746139526
0.9947916865348816
0.9977083206176758
0.9960416555404663
0.997083306312561
0.9972916841506958
0.9927083253860474
0.9958333373069763
0.9962499737739563
0.996874988079071
0.9987499713897705

training history val accuracy
0.5083333253860474
0.5083333253860474
0.5083333253860474
0.5083333253860474
0.5083333253860474
0.5083333253860474
0.5083333253860474
0.5083333253860474
0.5083333253860474
0.5083333253860474
0.6524999737739563
0.5533333420753479
0.8149999976158142
0.5266666412353516
0.528333306312561
0.8016666769981384
0.5508333444595337
0.503333330154419
0.5049999952316284
0.8733333349227905
0.737500011920929
0.8841666579246521
0.5816666483879089
0.875
0.5083333253860474
0.51583331823349
0.5108333230018616
0.5950000286102295
0.7958333492279053
0.9008333086967468
0.5891666412353516
0.512499988079071
0.5083333253860474
0.49166667461395264
0.5933333039283752
0.5525000095367432
0.5108333230018616
0.7850000262260437
0.659166693687439
0.824999988079071
0.7316666841506958
0.5083333253860474
0.6349999904632568
0.5616666674613953
0.8708333373069763
0.5258333086967468
0.6541666388511658
0.6949999928474426
0.7549999952316284
0.7666666507720947
0.5166666507720947
0.6141666769981384

training history loss
0.4692344069480896
0.2907516062259674
0.2609250247478485
0.22891944646835327
0.20352573692798615
0.16758756339550018
0.14081524312496185
0.11597137153148651
0.09977249056100845
0.08135542273521423
0.08042512834072113
0.04512568190693855
0.05023178085684776
0.0423860028386116
0.03147993981838226
0.03665883466601372
0.05551140010356903
0.03432242199778557
0.035152532160282135
0.011269667185842991
0.010021446272730827
0.025862960144877434
0.036613330245018005
0.017663322389125824
0.018623866140842438
0.013980104587972164
0.024284295737743378
0.015501621179282665
0.01673993654549122
0.008127260021865368
0.0075721945613622665
0.013647466897964478
0.01731906458735466
0.019180184230208397
0.024777403101325035
0.012557554990053177
0.02392861247062683
0.018903184682130814
0.012848206795752048
0.01465296745300293
0.010421669110655785
0.02067374624311924
0.014893957413733006
0.007547762244939804
0.010771343484520912
0.008332211524248123
0.008748158812522888
0.021240361034870148
0.01244212593883276
0.007746253628283739
0.008856503292918205
0.004462822340428829

training history val loss
10.273614883422852
9.977578163146973
9.458094596862793
10.22284984588623
10.125448226928711
10.054303169250488
11.36254596710205
11.931022644042969
6.950523376464844
7.583451271057129
1.8054133653640747
2.331272602081299
0.604046106338501
3.0719735622406006
4.136237621307373
0.4521320164203644
2.668278217315674
4.097199440002441
4.984890460968018
0.4657537341117859
1.2873148918151855
0.39407289028167725
2.8490078449249268
0.4630481004714966
11.422900199890137
4.0198187828063965
5.239194869995117
3.380236864089966
1.0221112966537476
0.41520366072654724
3.4452905654907227
5.787963390350342
15.166031837463379
9.077510833740234
3.377955913543701
3.821676731109619
7.663536071777344
1.2257041931152344
1.913807988166809
0.6633080840110779
1.8099555969238281
5.282342910766602
2.3666954040527344
3.0551393032073975
0.5800103545188904
5.463351249694824
2.398010492324829
2.3987836837768555
1.4741848707199097
1.1882251501083374
6.375034809112549
2.581735134124756