test data loss : 0.36130550503730774
test data accyracy : 0.890999972820282

training history accuracy
0.7908333539962769
0.8818749785423279
0.9037500023841858
0.9056249856948853
0.9181249737739563
0.9364583492279053
0.9410416483879089
0.9495833516120911
0.9591666460037231
0.9637500047683716
0.9781249761581421
0.9750000238418579
0.98416668176651
0.9866666793823242
0.9820833206176758
0.9866666793823242
0.9912499785423279
0.9943749904632568
0.981458306312561
0.9908333420753479
0.9964583516120911
0.9945833086967468
0.9977083206176758
0.9960416555404663
0.9902083277702332
0.9900000095367432
0.9947916865348816
0.9972916841506958
0.9937499761581421
0.9939583539962769
0.9912499785423279
0.9895833134651184
0.9950000047683716
0.9987499713897705
0.9960416555404663
0.9912499785423279
0.9945833086967468
0.9956250190734863
0.9956250190734863
0.9943749904632568
0.9933333396911621
0.9925000071525574
0.9939583539962769
0.9952083230018616
0.9937499761581421
0.9972916841506958
0.9972916841506958
0.9954166412353516
0.9956250190734863
0.9950000047683716

training history val accuracy
0.5083333253860474
0.5083333253860474
0.5083333253860474
0.5083333253860474
0.5083333253860474
0.5083333253860474
0.5083333253860474
0.5083333253860474
0.5083333253860474
0.5083333253860474
0.5166666507720947
0.5425000190734863
0.8149999976158142
0.5358333587646484
0.8708333373069763
0.7850000262260437
0.8149999976158142
0.5083333253860474
0.8733333349227905
0.8966666460037231
0.5741666555404663
0.6433333158493042
0.5866666436195374
0.8316666483879089
0.5199999809265137
0.8174999952316284
0.7850000262260437
0.5083333253860474
0.5366666913032532
0.5
0.5708333253860474
0.6791666746139526
0.5083333253860474
0.6433333158493042
0.7200000286102295
0.7883333563804626
0.5475000143051147
0.8308333158493042
0.8691666722297668
0.8141666650772095
0.8041666746139526
0.5083333253860474
0.8791666626930237
0.5174999833106995
0.6116666793823242
0.5149999856948853
0.8916666507720947
0.8349999785423279
0.5149999856948853
0.8816666603088379

training history loss
0.46637076139450073
0.2971760332584381
0.24911056458950043
0.23098233342170715
0.20407302677631378
0.16395160555839539
0.1520506739616394
0.1338975876569748
0.10709603875875473
0.0850859209895134
0.061513613909482956
0.06296618282794952
0.045690856873989105
0.034603290259838104
0.05058228597044945
0.036776576191186905
0.024637451395392418
0.021809171885252
0.05080476775765419
0.025669753551483154
0.010999094694852829
0.01609574444591999
0.010178993456065655
0.01178047340363264
0.02477836050093174
0.02980468049645424
0.017334727570414543
0.010154145769774914
0.014335796236991882
0.018520765006542206
0.025520391762256622
0.031038766726851463
0.015207036398351192
0.006330253090709448
0.011843285523355007
0.025152506306767464
0.016432568430900574
0.011363065801560879
0.012401575222611427
0.018538393080234528
0.01515477616339922
0.017684727907180786
0.015861058607697487
0.013912862166762352
0.014437828212976456
0.007998890243470669
0.009584270417690277
0.009347045794129372
0.01165941171348095
0.01173135731369257

training history val loss
8.880319595336914
10.209444999694824
13.644137382507324
13.789154052734375
12.5591402053833
11.338830947875977
10.22999382019043
9.855274200439453
7.360388278961182
8.193819999694824
3.569661855697632
2.9888975620269775
0.8102985620498657
4.640533447265625
0.5395527482032776
0.7111354470252991
0.7939985394477844
7.396366596221924
0.40036797523498535
0.3425644338130951
3.171861171722412
2.1462137699127197
2.971273899078369
0.4334745705127716
5.848127365112305
1.098376989364624
0.7524464130401611
9.317058563232422
3.489971160888672
8.563138008117676
2.454035520553589
1.4969041347503662
11.674455642700195
2.3480379581451416
1.7622579336166382
1.3478084802627563
3.8479843139648438
0.834296703338623
0.48782965540885925
0.6780309677124023
1.0225096940994263
13.763660430908203
0.40040358901023865
6.9359130859375
3.303861141204834
5.574320316314697
0.45200735330581665
0.8842357397079468
5.840409755706787
0.4982620179653168