test data loss : 0.3019375205039978
test data accyracy : 0.8820000290870667

training history accuracy
0.753125011920929
0.8793749809265137
0.9002083539962769
0.9097916483879089
0.9197916388511658
0.9360416531562805
0.9441666603088379
0.9539583325386047
0.9649999737739563
0.9697916507720947
0.9825000166893005
0.981458306312561
0.9837499856948853
0.9831249713897705
0.9860416650772095
0.9929166436195374
0.9929166436195374
0.9887499809265137
0.987291693687439
0.9897916913032532
0.987708330154419
0.9914583563804626
0.9945833086967468
0.9977083206176758
0.9897916913032532
0.9864583611488342
0.9972916841506958
0.9945833086967468
0.9952083230018616
0.9935416579246521
0.9958333373069763
0.9962499737739563
0.9920833110809326
0.9931250214576721
0.9960416555404663
0.9979166388511658
0.9964583516120911
0.9927083253860474
0.9950000047683716
0.9939583539962769

training history val accuracy
0.5083333253860474
0.5083333253860474
0.5083333253860474
0.5083333253860474
0.5083333253860474
0.5083333253860474
0.5083333253860474
0.5083333253860474
0.5083333253860474
0.9016666412353516
0.5083333253860474
0.753333330154419
0.8025000095367432
0.5674999952316284
0.8141666650772095
0.6758333444595337
0.7133333086967468
0.4958333373069763
0.8808333277702332
0.6383333206176758
0.8824999928474426
0.6508333086967468
0.6891666650772095
0.5249999761581421
0.5099999904632568
0.5099999904632568
0.6233333349227905
0.6941666603088379
0.5608333349227905
0.5083333253860474
0.6541666388511658
0.6299999952316284
0.5299999713897705
0.5083333253860474
0.5325000286102295
0.49916666746139526
0.7383333444595337
0.5133333206176758
0.8566666841506958
0.6899999976158142

training history loss
0.5117877125740051
0.2886140048503876
0.2507159113883972
0.22226394712924957
0.20123790204524994
0.16875194013118744
0.13881288468837738
0.11403316259384155
0.08720041811466217
0.08039902150630951
0.051745276898145676
0.04439996927976608
0.043664660304784775
0.04971595108509064
0.040366508066654205
0.020065128803253174
0.019546879455447197
0.03157033026218414
0.03703371062874794
0.027288876473903656
0.03271385282278061
0.02461719699203968
0.014069413766264915
0.007568607106804848
0.028271252289414406
0.03387279808521271
0.01183374784886837
0.014058186672627926
0.014992057345807552
0.018886417150497437
0.01426461711525917
0.01205257885158062
0.02450876124203205
0.019733279943466187
0.014243168756365776
0.007009156513959169
0.009576190263032913
0.0267986711114645
0.014102229848504066
0.017895495519042015

training history val loss
7.8740973472595215
10.841282844543457
9.365579605102539
10.884302139282227
11.268244743347168
10.749605178833008
10.83092212677002
10.079429626464844
10.074250221252441
0.2615166902542114
7.765390396118164
0.8874222040176392
0.4997783303260803
1.8919203281402588
0.496268093585968
1.1616978645324707
1.2026344537734985
5.386171817779541
0.43244674801826477
1.271545648574829
0.4222848117351532
1.0133674144744873
1.6535253524780273
2.676243543624878
6.2897467613220215
6.385712146759033
1.7115803956985474
2.094684362411499
2.580899715423584
8.921651840209961
2.116877555847168
2.1819546222686768
3.477116584777832
4.252692222595215
2.758591890335083
5.125281810760498
1.0246634483337402
4.598822116851807
0.5258357524871826
1.575556755065918