test data loss : 0.4493718445301056
test data accyracy : 0.8889999985694885

training history accuracy
0.7958333492279053
0.8883333206176758
0.8866666555404663
0.9110416769981384
0.9225000143051147
0.9300000071525574
0.9472916722297668
0.9614583253860474
0.956041693687439
0.9722916483879089
0.9777083396911621
0.98416668176651
0.9864583611488342
0.9795833230018616
0.9858333468437195
0.9893749952316284
0.9881250262260437
0.9895833134651184
0.9943749904632568
0.9910416603088379
0.9856250286102295
0.9912499785423279
0.9947916865348816
0.9893749952316284
0.9906250238418579
0.9952083230018616
0.9960416555404663
0.9914583563804626
0.9931250214576721
0.9918749928474426
0.9939583539962769
0.9912499785423279
0.9962499737739563
0.9972916841506958
0.9929166436195374
0.9927083253860474
0.9925000071525574
0.996874988079071
0.9977083206176758
0.9897916913032532
0.9941666722297668
0.997083306312561
0.9945833086967468
0.9933333396911621
0.9962499737739563
0.9964583516120911
0.9975000023841858
0.9985416531562805
0.9954166412353516
0.9925000071525574
0.996666669845581
0.997083306312561
0.9991666674613953
0.9987499713897705
0.996666669845581
0.9931250214576721
0.9925000071525574
0.9979166388511658
0.9979166388511658
0.9979166388511658
0.9972916841506958
0.9908333420753479
0.9933333396911621
0.9952083230018616
0.9983333349227905
0.9987499713897705
1.0
0.9925000071525574
0.9945833086967468
0.9954166412353516
0.9975000023841858
0.9995833039283752
0.9979166388511658
0.9956250190734863
0.9989583492279053
0.9975000023841858
0.9964583516120911
0.9977083206176758
0.9941666722297668
0.9952083230018616
0.9989583492279053
1.0
0.99979168176651
0.997083306312561
0.996666669845581
0.9962499737739563
0.9989583492279053
1.0
0.99979168176651
1.0
1.0
0.9956250190734863
0.9935416579246521
0.9995833039283752
0.9995833039283752

training history val accuracy
0.5083333253860474
0.5083333253860474
0.5083333253860474
0.5083333253860474
0.5083333253860474
0.5083333253860474
0.5083333253860474
0.5083333253860474
0.5083333253860474
0.4925000071525574
0.5091666579246521
0.5233333110809326
0.5099999904632568
0.49166667461395264
0.503333330154419
0.49166667461395264
0.7516666650772095
0.49166667461395264
0.5
0.8583333492279053
0.49166667461395264
0.7300000190734863
0.8475000262260437
0.8799999952316284
0.512499988079071
0.7541666626930237
0.5091666579246521
0.5616666674613953
0.5858333110809326
0.7616666555404663
0.721666693687439
0.5383333563804626
0.5333333611488342
0.6949999928474426
0.5083333253860474
0.5550000071525574
0.49166667461395264
0.5091666579246521
0.7508333325386047
0.5091666579246521
0.6108333468437195
0.5083333253860474
0.5083333253860474
0.5083333253860474
0.5333333611488342
0.5083333253860474
0.5808333158493042
0.5091666579246521
0.5199999809265137
0.8691666722297668
0.7308333516120911
0.5083333253860474
0.9108333587646484
0.7916666865348816
0.5083333253860474
0.6883333325386047
0.5083333253860474
0.8633333444595337
0.5383333563804626
0.8224999904632568
0.8725000023841858
0.49166667461395264
0.6858333349227905
0.5008333325386047
0.903333306312561
0.8008333444595337
0.8633333444595337
0.6449999809265137
0.9008333086967468
0.7141666412353516
0.5766666531562805
0.8833333253860474
0.8741666674613953
0.8525000214576721
0.5083333253860474
0.49166667461395264
0.8916666507720947
0.840833306312561
0.9008333086967468
0.7291666865348816
0.5183333158493042
0.8733333349227905
0.9058333039283752
0.8133333325386047
0.8808333277702332
0.5475000143051147
0.875
0.8475000262260437
0.8224999904632568
0.8974999785423279
0.8991666436195374
0.5008333325386047
0.8766666650772095
0.8324999809265137
0.7325000166893005

training history loss
0.48062020540237427
0.28565892577171326
0.2616446912288666
0.2223072052001953
0.19566243886947632
0.17572201788425446
0.13632284104824066
0.1052805557847023
0.10767168551683426
0.06757790595293045
0.05620380863547325
0.045743223279714584
0.03860350325703621
0.05457361042499542
0.03959560766816139
0.029294751584529877
0.03177414834499359
0.030007928609848022
0.017782900482416153
0.02398678846657276
0.03958374634385109
0.02470395341515541
0.014282919466495514
0.0281083807349205
0.028789469972252846
0.013735354878008366
0.012020474299788475
0.02288823388516903
0.01859685219824314
0.02262340486049652
0.015314931981265545
0.021088646724820137
0.011914407834410667
0.008851803839206696
0.02316451631486416
0.017674537375569344
0.01924067549407482
0.00999920628964901
0.005919516086578369
0.022437071427702904
0.014899701811373234
0.011029364541172981
0.01229812577366829
0.019118260592222214
0.013780287466943264
0.009201052598655224
0.008004182018339634
0.004213678650557995
0.011529341340065002
0.01787983812391758
0.009426223114132881
0.00846102274954319
0.0036253854632377625
0.0037856753915548325
0.0097907530143857
0.020794181153178215
0.018666783347725868
0.007212934549897909
0.00600889278575778
0.006620354484766722
0.006925626657903194
0.02123158983886242
0.021748311817646027
0.013626744039356709
0.00419148663058877
0.0034689123276621103
0.0010580839589238167
0.020227964967489243
0.017710603773593903
0.011513669043779373
0.009511929005384445
0.002646344481036067
0.006312510930001736
0.011387266218662262
0.002629198133945465
0.007751947268843651
0.008474727161228657
0.006395021453499794
0.016294853761792183
0.013809267431497574
0.004222998395562172
0.0006199179333634675
0.0007845014333724976
0.009519769810140133
0.00969293899834156
0.011056508868932724
0.0033393704798072577
0.000729234074242413
0.000683033314999193
0.0008776900358498096
0.0001885211531771347
0.01563100516796112
0.019493142142891884
0.0030907359905540943
0.0019982231315225363

training history val loss
8.548256874084473
12.268380165100098
12.537731170654297
12.119698524475098
11.221075057983398
12.783365249633789
8.9212007522583
8.342040061950684
8.360986709594727
5.506931781768799
4.887186050415039
2.6326897144317627
6.184808254241943
12.048016548156738
3.8871965408325195
8.204383850097656
0.6187922358512878
7.8359503746032715
4.1998114585876465
0.47029659152030945
18.459638595581055
1.3173930644989014
0.6156983971595764
0.43988218903541565
6.6521148681640625
1.2164688110351562
7.594839572906494
4.521026611328125
3.7725932598114014
1.1697689294815063
1.559192180633545
4.040277004241943
4.837057113647461
1.3060106039047241
9.337665557861328
3.673983097076416
8.210363388061523
8.539336204528809
1.3849889039993286
9.51428508758545
2.7932851314544678
7.440206527709961
9.897848129272461
11.81791877746582
3.758164167404175
11.194252967834473
3.8647425174713135
6.970798492431641
4.613595962524414
0.5656631588935852
2.021989107131958
11.550606727600098
0.42274463176727295
1.1248831748962402
14.344040870666504
1.7769685983657837
12.655187606811523
0.653576672077179
5.586363315582275
1.0605168342590332
0.5304264426231384
11.512517929077148
1.6109025478363037
8.165472030639648
0.40886592864990234
1.133739948272705
0.7517752647399902
2.9159348011016846
0.4546823501586914
1.5522024631500244
4.111483573913574
0.5997847318649292
0.6955613493919373
0.8152214288711548
12.732210159301758
12.609810829162598
0.5234513878822327
0.8054271340370178
0.5019087791442871
1.238621473312378
4.756431579589844
0.719254732131958
0.5112350583076477
1.01418137550354
0.7249158620834351
4.058248996734619
0.4699617624282837
0.8804152607917786
0.9420642852783203
0.5492104291915894
0.5921873450279236
7.042909145355225
0.7491943836212158
1.1271088123321533
1.5743889808654785