test data loss : 0.40921926498413086
test data accyracy : 0.9089999794960022

training history accuracy
0.7633333206176758
0.8729166388511658
0.8972916603088379
0.9072916507720947
0.9233333468437195
0.92208331823349
0.9437500238418579
0.9624999761581421
0.9539583325386047
0.9695833325386047
0.9679166674613953
0.9827083349227905
0.9750000238418579
0.9800000190734863
0.9847916960716248
0.9908333420753479
0.9879166483879089
0.9937499761581421
0.9897916913032532
0.9939583539962769
0.9925000071525574
0.98416668176651
0.9939583539962769
0.9885416626930237
0.9958333373069763
0.996666669845581
0.9914583563804626
0.9925000071525574
0.9958333373069763
0.9958333373069763
0.9939583539962769
0.9864583611488342
0.9962499737739563
0.9972916841506958
0.9950000047683716
0.9904166460037231
0.9920833110809326
0.9939583539962769
0.9943749904632568
0.9920833110809326
0.9947916865348816
0.9947916865348816
0.996874988079071
0.9991666674613953
0.9993749856948853
0.997083306312561
0.9952083230018616
0.9956250190734863
0.9954166412353516
0.9975000023841858

training history val accuracy
0.5083333253860474
0.5083333253860474
0.5083333253860474
0.5083333253860474
0.5083333253860474
0.5083333253860474
0.5083333253860474
0.5083333253860474
0.5083333253860474
0.5475000143051147
0.4925000071525574
0.5091666579246521
0.5083333253860474
0.8383333086967468
0.7241666913032532
0.5841666460037231
0.5083333253860474
0.49166667461395264
0.4950000047683716
0.9024999737739563
0.6441666483879089
0.8199999928474426
0.5083333253860474
0.5024999976158142
0.49166667461395264
0.5074999928474426
0.49166667461395264
0.6050000190734863
0.4950000047683716
0.6424999833106995
0.6324999928474426
0.5416666865348816
0.7891666889190674
0.8475000262260437
0.5133333206176758
0.7425000071525574
0.49166667461395264
0.5099999904632568
0.7400000095367432
0.49166667461395264
0.5091666579246521
0.8299999833106995
0.67166668176651
0.5408333539962769
0.89083331823349
0.5
0.7558333277702332
0.528333306312561
0.5091666579246521
0.89083331823349

training history loss
0.49312224984169006
0.2974713444709778
0.2505940794944763
0.23029184341430664
0.2008104771375656
0.19143499433994293
0.14895209670066833
0.10869486629962921
0.117546446621418
0.0793645977973938
0.08360249549150467
0.05148712918162346
0.06520959734916687
0.053728137165308
0.03675955906510353
0.025615589693188667
0.031027790158987045
0.02144659124314785
0.027178462594747543
0.019902601838111877
0.022252369672060013
0.041284266859292984
0.019790222868323326
0.028884032741189003
0.0121659180149436
0.010045081377029419
0.026191866025328636
0.020230282098054886
0.013144024647772312
0.012146036140620708
0.019208533689379692
0.03725052997469902
0.011573228053748608
0.007440545596182346
0.013553864322602749
0.023979732766747475
0.019574442878365517
0.01466261688619852
0.016079537570476532
0.02202637493610382
0.01738770306110382
0.016349731013178825
0.009156184270977974
0.003618880407884717
0.0025328416377305984
0.007708789315074682
0.014569206163287163
0.013810787349939346
0.011465498246252537
0.008515824563801289

training history val loss
11.986647605895996
11.25804328918457
12.430225372314453
12.77798080444336
9.850168228149414
11.739777565002441
12.283219337463379
14.521318435668945
7.526156425476074
2.475302219390869
4.4947967529296875
6.568955421447754
9.47817611694336
0.4323863685131073
1.0356223583221436
2.121751070022583
6.516759872436523
5.680891990661621
5.456267833709717
0.3748027980327606
2.32741641998291
0.8344358205795288
6.330102443695068
4.145204544067383
5.0009379386901855
3.375105381011963
8.593636512756348
3.1064443588256836
5.686095714569092
1.890533208847046
1.8712186813354492
3.3900396823883057
0.8705253005027771
0.657745897769928
6.14265775680542
1.1491668224334717
9.157907485961914
6.099408149719238
1.1225746870040894
17.95694351196289
10.056864738464355
0.8419613838195801
1.7809724807739258
4.257061958312988
0.3826141655445099
7.574811935424805
1.4668171405792236
5.449749946594238
7.262359142303467
0.4762725830078125