test data loss : 0.3182123005390167
test data accyracy : 0.8889999985694885

training history accuracy
0.7881249785423279
0.8799999952316284
0.8985416889190674
0.9039583206176758
0.9239583611488342
0.9266666769981384
0.9491666555404663
0.9577083587646484
0.956458330154419
0.9725000262260437
0.9808333516120911
0.9764583110809326
0.9847916960716248
0.98416668176651
0.987291693687439
0.9825000166893005
0.987708330154419
0.9912499785423279
0.9945833086967468
0.9958333373069763
0.9927083253860474
0.9831249713897705
0.9914583563804626
0.9962499737739563
0.9931250214576721
0.9922916889190674
0.9860416650772095
0.9941666722297668
0.9927083253860474
0.9960416555404663
0.9985416531562805
0.9941666722297668
0.9927083253860474
0.9929166436195374
0.9937499761581421
0.9945833086967468
0.9964583516120911
0.9943749904632568
0.9941666722297668
0.9939583539962769
0.9958333373069763
0.9977083206176758
0.9977083206176758
0.9895833134651184
0.9937499761581421

training history val accuracy
0.5083333253860474
0.5083333253860474
0.5083333253860474
0.5083333253860474
0.5083333253860474
0.5083333253860474
0.5083333253860474
0.5083333253860474
0.5291666388511658
0.5083333253860474
0.49416667222976685
0.5224999785423279
0.51583331823349
0.875
0.8866666555404663
0.7074999809265137
0.6474999785423279
0.5083333253860474
0.8941666483879089
0.5166666507720947
0.8725000023841858
0.5375000238418579
0.6391666531562805
0.8675000071525574
0.5174999833106995
0.5550000071525574
0.596666693687439
0.9024999737739563
0.5575000047683716
0.8174999952316284
0.5099999904632568
0.5166666507720947
0.49166667461395264
0.5233333110809326
0.7641666531562805
0.6675000190734863
0.9083333611488342
0.6200000047683716
0.6791666746139526
0.57833331823349
0.7791666388511658
0.5083333253860474
0.5633333325386047
0.7883333563804626
0.5149999856948853

training history loss
0.4747367203235626
0.2902105450630188
0.25179797410964966
0.23708242177963257
0.19719736278057098
0.18335211277008057
0.1374538391828537
0.10799915343523026
0.11021232604980469
0.08020536601543427
0.05484027788043022
0.06155947223305702
0.04427609592676163
0.039225030690431595
0.031224142760038376
0.043897442519664764
0.03391803428530693
0.0258333757519722
0.01720673032104969
0.01181225199252367
0.021493537351489067
0.046345457434654236
0.02442994900047779
0.012905986979603767
0.01863034814596176
0.02055503986775875
0.03784538805484772
0.017675207927823067
0.02225557342171669
0.010624410584568977
0.005374470725655556
0.01380194816738367
0.02040066197514534
0.019618192687630653
0.01769215241074562
0.015482462011277676
0.012684459798038006
0.014556333422660828
0.012956537306308746
0.01638803817331791
0.01571831852197647
0.006398044526576996
0.007969231344759464
0.026829639449715614
0.019794512540102005

training history val loss
10.226741790771484
13.402750015258789
10.595534324645996
11.554631233215332
12.28715705871582
10.663931846618652
12.075865745544434
10.757752418518066
1.6031665802001953
5.863545894622803
5.116630554199219
2.5741779804229736
2.5072906017303467
0.3269956409931183
0.3045552968978882
1.5845788717269897
1.6256037950515747
7.586749076843262
0.37916481494903564
5.895803451538086
0.5828280448913574
2.8618531227111816
2.058037281036377
0.6406638026237488
2.9044055938720703
2.5374138355255127
3.8535940647125244
0.3326966464519501
4.540245532989502
0.6996473073959351
6.9671101570129395
3.797743320465088
16.536346435546875
5.806435585021973
0.9690865874290466
1.9364532232284546
0.4100174605846405
2.610538959503174
1.6318660974502563
2.8717331886291504
1.2277657985687256
7.726399898529053
3.146207571029663
1.3871498107910156
7.49863862991333