test data loss : 0.2576490342617035
test data accyracy : 0.9160000085830688

training history accuracy
0.7720833420753479
0.8762500286102295
0.9006249904632568
0.9110416769981384
0.921875
0.9320833086967468
0.9468749761581421
0.9554166793823242
0.9527083039283752
0.9793750047683716
0.9660416841506958
0.9833333492279053
0.9827083349227905
0.9741666913032532
0.9906250238418579
0.9975000023841858
0.9931250214576721
0.9827083349227905
0.9858333468437195
0.9837499856948853
0.9962499737739563
0.9958333373069763
0.9950000047683716
0.9927083253860474
0.9956250190734863
0.9895833134651184
0.9868749976158142
0.9927083253860474
0.9950000047683716
0.9937499761581421
0.9943749904632568
0.9977083206176758
0.9922916889190674
0.987708330154419
0.997083306312561
0.9975000023841858
0.9977083206176758
0.9941666722297668
0.9910416603088379
0.9985416531562805
0.9977083206176758
0.9929166436195374
0.9960416555404663
0.9908333420753479
0.9914583563804626
0.9950000047683716
0.9958333373069763
0.9956250190734863
0.996666669845581
0.9975000023841858
0.9993749856948853
0.9991666674613953
0.9977083206176758
0.9925000071525574
0.9910416603088379
0.9958333373069763
0.9993749856948853
0.9962499737739563
0.9933333396911621
0.997083306312561
0.997083306312561
1.0
0.9962499737739563
0.9950000047683716
0.9902083277702332
0.9960416555404663
0.997083306312561

training history val accuracy
0.5083333253860474
0.5083333253860474
0.5083333253860474
0.5083333253860474
0.5083333253860474
0.5083333253860474
0.5083333253860474
0.5083333253860474
0.5083333253860474
0.5099999904632568
0.49166667461395264
0.8033333420753479
0.6775000095367432
0.5391666889190674
0.512499988079071
0.49166667461395264
0.5083333253860474
0.49166667461395264
0.7891666889190674
0.5083333253860474
0.6825000047683716
0.8441666960716248
0.5383333563804626
0.5083333253860474
0.8541666865348816
0.5083333253860474
0.5083333253860474
0.8833333253860474
0.7208333611488342
0.4975000023841858
0.8933333158493042
0.7958333492279053
0.5083333253860474
0.5083333253860474
0.9016666412353516
0.8224999904632568
0.8941666483879089
0.5266666412353516
0.5083333253860474
0.8650000095367432
0.528333306312561
0.8816666603088379
0.5083333253860474
0.5083333253860474
0.7191666960716248
0.5108333230018616
0.8966666460037231
0.8266666531562805
0.8866666555404663
0.8541666865348816
0.5550000071525574
0.8483333587646484
0.8991666436195374
0.4925000071525574
0.5091666579246521
0.6758333444595337
0.8933333158493042
0.8191666603088379
0.5091666579246521
0.5141666531562805
0.6458333134651184
0.8999999761581421
0.6825000047683716
0.7508333325386047
0.5083333253860474
0.5249999761581421
0.4933333396911621

training history loss
0.49340468645095825
0.29462915658950806
0.2435397058725357
0.22846509516239166
0.1983005404472351
0.17347143590450287
0.13441027700901031
0.11802127957344055
0.11820917576551437
0.056830838322639465
0.08748407661914825
0.048361897468566895
0.044791433960199356
0.06675931066274643
0.02978385053575039
0.012182257138192654
0.019377972930669785
0.04449533671140671
0.03732806444168091
0.047997161746025085
0.014108794741332531
0.01243534404784441
0.01573537103831768
0.022102704271674156
0.010536734946072102
0.026051213964819908
0.03454603627324104
0.020715836435556412
0.01630418375134468
0.01615571230649948
0.013979511335492134
0.007848063483834267
0.02054004557430744
0.035275623202323914
0.009112580679357052
0.009581124410033226
0.0064374604262411594
0.015833303332328796
0.027835862711071968
0.006224252749234438
0.006761610507965088
0.01968563348054886
0.010549536906182766
0.021251685917377472
0.026614075526595116
0.018492266535758972
0.011745089665055275
0.011120389215648174
0.008989105001091957
0.00745833246037364
0.003584259422495961
0.002564739901572466
0.006446246523410082
0.018772246316075325
0.025069158524274826
0.012185608968138695
0.0031590601429343224
0.010124769993126392
0.017389941960573196
0.008316577412188053
0.007936475798487663
0.0012640658533200622
0.0096259955316782
0.010929805226624012
0.02489970251917839
0.01003252062946558
0.007873017340898514

training history val loss
14.854100227355957
15.510883331298828
13.728301048278809
13.065876007080078
11.492524147033691
12.641449928283691
6.956528186798096
10.410002708435059
11.0291166305542
5.4407172203063965
6.95211935043335
0.619073748588562
0.8320255875587463
2.574012517929077
4.0813446044921875
6.840142250061035
10.342394828796387
7.343526363372803
0.8436518311500549
8.17743968963623
1.480674386024475
0.3768060505390167
3.1641533374786377
9.73380184173584
0.5098573565483093
7.253096580505371
9.646538734436035
0.6566854119300842
0.8180141448974609
5.253541946411133
0.4410519003868103
0.9064957499504089
10.127577781677246
13.009657859802246
0.414782851934433
0.5902629494667053
0.3269025385379791
4.041252613067627
7.386985778808594
0.4617886245250702
5.9886674880981445
0.5318871736526489
10.968703269958496
8.043680191040039
1.646014928817749
5.231647968292236
0.43861016631126404
0.9733354449272156
0.5563380718231201
0.8886699676513672
4.652413845062256
0.6329807639122009
0.5081948637962341
8.414782524108887
7.973573207855225
1.9170737266540527
0.5041913390159607
1.085557460784912
12.295751571655273
7.040454864501953
1.8865022659301758
0.4847789406776428
1.798081636428833
1.2123578786849976
10.319510459899902
5.558752059936523
8.473943710327148