test data loss : 0.32750213146209717
test data accyracy : 0.890999972820282

training history accuracy
0.7739583253860474
0.8743749856948853
0.8985416889190674
0.9108333587646484
0.9204166531562805
0.9314583539962769
0.9439583420753479
0.9472916722297668
0.956250011920929
0.9672916531562805
0.9722916483879089
0.9752083420753479
0.9808333516120911
0.9870833158493042
0.9893749952316284
0.981249988079071
0.984375
0.9941666722297668
0.9941666722297668
0.9889583587646484
0.9918749928474426
0.9908333420753479
0.9900000095367432
0.9935416579246521
0.9860416650772095
0.9920833110809326
0.9929166436195374
0.9943749904632568
0.9916666746139526
0.996874988079071
0.9977083206176758
0.997083306312561
0.9960416555404663
0.9887499809265137
0.987708330154419
0.9941666722297668
0.9960416555404663
0.9954166412353516
0.9972916841506958
0.997083306312561

training history val accuracy
0.5083333253860474
0.5083333253860474
0.5083333253860474
0.5083333253860474
0.5083333253860474
0.5083333253860474
0.5083333253860474
0.5083333253860474
0.6608333587646484
0.9016666412353516
0.5083333253860474
0.6449999809265137
0.8700000047683716
0.49166667461395264
0.49166667461395264
0.8708333373069763
0.762499988079071
0.8125
0.5083333253860474
0.5166666507720947
0.4950000047683716
0.49166667461395264
0.5333333611488342
0.8274999856948853
0.49666666984558105
0.7250000238418579
0.5133333206176758
0.5933333039283752
0.6008333563804626
0.4925000071525574
0.5208333134651184
0.5316666960716248
0.8824999928474426
0.6499999761581421
0.5274999737739563
0.5116666555404663
0.5558333396911621
0.5899999737739563
0.7400000095367432
0.5358333587646484

training history loss
0.4969868063926697
0.30319133400917053
0.25920572876930237
0.23114244639873505
0.20395413041114807
0.17651894688606262
0.1482173055410385
0.1320994794368744
0.11611587554216385
0.07658378779888153
0.0769442543387413
0.06069884076714516
0.049144353717565536
0.03778909146785736
0.031965721398591995
0.05249469727277756
0.0438520573079586
0.019557656720280647
0.015013019554316998
0.02916499227285385
0.024135833606123924
0.023994846269488335
0.02485836111009121
0.019147716462612152
0.038897641003131866
0.026365209370851517
0.018639301881194115
0.015123754739761353
0.02729571983218193
0.009537409991025925
0.008052617311477661
0.009331675246357918
0.013676023110747337
0.02975710853934288
0.032550178468227386
0.014239497482776642
0.01107136532664299
0.011760374531149864
0.008962491527199745
0.008500398136675358

training history val loss
10.77298641204834
12.05224609375
12.725916862487793
12.416404724121094
14.050589561462402
15.092293739318848
15.335124969482422
10.719038963317871
1.1162410974502563
0.33892253041267395
11.007537841796875
1.978838324546814
0.4819665551185608
7.698139667510986
8.189327239990234
0.361147403717041
0.6321649551391602
0.7466491460800171
7.238318920135498
4.841943740844727
5.713618755340576
6.892528533935547
4.088036060333252
0.945219099521637
4.443174839019775
1.2428656816482544
6.927024841308594
3.0504684448242188
2.1801886558532715
5.690914630889893
6.323942184448242
4.617700576782227
0.49063166975975037
2.2895493507385254
5.896631717681885
6.987817287445068
3.7620677947998047
3.5558021068573
1.3507905006408691
4.368261337280273