test data loss : 0.37278538942337036
test data accyracy : 0.8849999904632568

training history accuracy
0.7904166579246521
0.8866666555404663
0.8943750262260437
0.9162499904632568
0.9239583611488342
0.9279166460037231
0.9483333230018616
0.9583333134651184
0.9710416793823242
0.96854168176651
0.9820833206176758
0.9866666793823242
0.9804166555404663
0.9897916913032532
0.98458331823349
0.9918749928474426
0.9916666746139526
0.9908333420753479
0.9879166483879089
0.984375
0.9891666769981384
0.9937499761581421
0.9950000047683716
0.9908333420753479
0.9937499761581421
0.9906250238418579
0.9945833086967468
0.9958333373069763
0.9950000047683716
0.9912499785423279
0.9893749952316284
0.9956250190734863
0.9975000023841858
0.9933333396911621
0.9952083230018616
0.9931250214576721
0.9935416579246521
0.9929166436195374
0.9935416579246521
0.996874988079071
0.9989583492279053
0.9958333373069763
0.9958333373069763
0.9954166412353516
0.9975000023841858
0.9941666722297668

training history val accuracy
0.5083333253860474
0.5083333253860474
0.5083333253860474
0.5083333253860474
0.5083333253860474
0.5083333253860474
0.5083333253860474
0.5083333253860474
0.5083333253860474
0.5099999904632568
0.5224999785423279
0.5041666626930237
0.6641666889190674
0.8291666507720947
0.5083333253860474
0.8791666626930237
0.5258333086967468
0.5083333253860474
0.5083333253860474
0.49166667461395264
0.7591666579246521
0.49166667461395264
0.5108333230018616
0.5083333253860474
0.49166667461395264
0.7516666650772095
0.8149999976158142
0.815833330154419
0.8058333396911621
0.82833331823349
0.5508333444595337
0.5083333253860474
0.7091666460037231
0.5141666531562805
0.6033333539962769
0.5991666913032532
0.5083333253860474
0.8941666483879089
0.5091666579246521
0.559166669845581
0.8700000047683716
0.5083333253860474
0.5716666579246521
0.784166693687439
0.8658333420753479
0.7766666412353516

training history loss
0.46745240688323975
0.28533992171287537
0.259286105632782
0.21875345706939697
0.18513056635856628
0.1763473004102707
0.1303209513425827
0.1072789654135704
0.07698862999677658
0.08239982277154922
0.04705128073692322
0.03928235173225403
0.05419569090008736
0.033733732998371124
0.04391144588589668
0.0258655808866024
0.023070193827152252
0.02833114005625248
0.031881798058748245
0.04067666083574295
0.026844626292586327
0.018024999648332596
0.011023400351405144
0.02589539811015129
0.019328050315380096
0.02633599191904068
0.01737651415169239
0.012683495879173279
0.012564429081976414
0.019284788519144058
0.030751915648579597
0.012712069787085056
0.009049087762832642
0.0192597433924675
0.010646291077136993
0.01709619164466858
0.01663166657090187
0.017521440982818604
0.015870345756411552
0.012007944285869598
0.0037957760505378246
0.010383248329162598
0.012078164145350456
0.015899309888482094
0.007609728258103132
0.015861256048083305

training history val loss
12.877140998840332
11.155240058898926
13.058712005615234
14.738253593444824
14.026453018188477
13.55621337890625
17.831375122070312
16.043115615844727
15.508328437805176
2.9454843997955322
3.928044319152832
3.9954304695129395
1.2823741436004639
0.9217281937599182
10.827033996582031
0.43978890776634216
3.4331037998199463
10.451667785644531
14.149078369140625
6.462237358093262
1.1612836122512817
8.203766822814941
7.0879011154174805
8.367622375488281
10.702920913696289
1.2969765663146973
0.8061220049858093
0.7054677605628967
0.8288800716400146
0.6726880073547363
3.3957393169403076
9.588796615600586
1.570337176322937
5.120022296905518
3.3029162883758545
3.4014933109283447
6.702646732330322
0.4994211196899414
9.872761726379395
4.1469268798828125
0.5229750275611877
12.909178733825684
3.513867139816284
1.0493887662887573
0.6426252722740173
0.9737101197242737