test data loss : 0.2580638825893402
test data accyracy : 0.9139999747276306

training history accuracy
0.7897916436195374
0.8770833611488342
0.9008333086967468
0.9110416769981384
0.92166668176651
0.9272916913032532
0.9441666603088379
0.9495833516120911
0.9510416388511658
0.9672916531562805
0.9764583110809326
0.972083330154419
0.9852083325386047
0.9839583039283752
0.9825000166893005
0.9902083277702332
0.987500011920929
0.9854166507720947
0.98416668176651
0.9945833086967468
0.9920833110809326
0.9918749928474426
0.9939583539962769
0.9914583563804626
0.9910416603088379
0.9910416603088379
0.9945833086967468
0.9908333420753479
0.9868749976158142
0.9918749928474426
0.9981250166893005
0.9977083206176758
0.9979166388511658
0.9933333396911621
0.9956250190734863
0.9960416555404663
0.9908333420753479
0.9941666722297668
0.9931250214576721
0.9962499737739563
0.9952083230018616
0.9920833110809326
0.9958333373069763

training history val accuracy
0.5083333253860474
0.5083333253860474
0.5083333253860474
0.5083333253860474
0.5083333253860474
0.5083333253860474
0.5083333253860474
0.5083333253860474
0.5083333253860474
0.5083333253860474
0.5241666436195374
0.596666693687439
0.9024999737739563
0.8166666626930237
0.49166667461395264
0.8816666603088379
0.7983333468437195
0.4925000071525574
0.5141666531562805
0.8108333349227905
0.7149999737739563
0.7108333110809326
0.5991666913032532
0.6499999761581421
0.5199999809265137
0.49666666984558105
0.653333306312561
0.6341666579246521
0.8358333110809326
0.6133333444595337
0.5083333253860474
0.5116666555404663
0.5133333206176758
0.8174999952316284
0.8824999928474426
0.8808333277702332
0.5116666555404663
0.5191666483879089
0.6499999761581421
0.7558333277702332
0.5525000095367432
0.5083333253860474
0.5366666913032532

training history loss
0.49406686425209045
0.2944612503051758
0.24392981827259064
0.2326146513223648
0.19774697721004486
0.18303890526294708
0.1424824595451355
0.13160771131515503
0.1266227662563324
0.0872095450758934
0.06280262023210526
0.0693298727273941
0.040136802941560745
0.04325580969452858
0.04358597472310066
0.026567453518509865
0.03617934510111809
0.038724612444639206
0.04064677655696869
0.018695389851927757
0.022553395479917526
0.019965557381510735
0.01706565171480179
0.025213079527020454
0.023107729852199554
0.02507847175002098
0.014941166155040264
0.024035951122641563
0.03167349100112915
0.025717435404658318
0.007821710780262947
0.0076835439540445805
0.007087990641593933
0.021762829273939133
0.015485011972486973
0.00975172407925129
0.02291857637465
0.01454168651252985
0.018906867131590843
0.010831992141902447
0.014833362773060799
0.0213457178324461
0.012372272089123726

training history val loss
6.970803260803223
10.565582275390625
10.65140438079834
10.342079162597656
11.090140342712402
11.27000617980957
10.056554794311523
6.442922592163086
9.615530967712402
8.269556999206543
4.220500946044922
1.0133510828018188
0.2650091052055359
0.6333702802658081
9.160456657409668
0.32353827357292175
0.6993529200553894
6.035882949829102
5.7244954109191895
0.543393075466156
1.38302481174469
1.1075621843338013
1.8164960145950317
1.5461394786834717
5.028790473937988
4.975703716278076
1.6642673015594482
2.2138867378234863
0.640458881855011
2.222743034362793
10.416047096252441
7.211223125457764
4.162613391876221
0.6101939678192139
0.5564650893211365
0.4907764792442322
6.763184070587158
4.729285717010498
2.571450710296631
1.3393670320510864
4.089093208312988
15.108612060546875
2.919222593307495