test data loss : 0.5566692352294922
test data accyracy : 0.7870000004768372

training history accuracy
0.597083330154419
0.7606250047683716
0.8008333444595337
0.8270833492279053
0.8412500023841858
0.8658333420753479
0.8885416388511658
0.9087499976158142
0.9322916865348816
0.9574999809265137
0.9641666412353516
0.9583333134651184
0.987708330154419
0.9922916889190674
0.9787499904632568
0.9777083396911621
0.98458331823349
0.9860416650772095
0.9850000143051147
0.987708330154419
0.9916666746139526
0.9893749952316284
0.9825000166893005
0.9945833086967468
0.9958333373069763
0.9922916889190674
0.9925000071525574
0.9929166436195374
0.9881250262260437
0.9908333420753479
0.9927083253860474
0.9895833134651184
0.9933333396911621
0.9945833086967468
0.9937499761581421
0.9906250238418579
0.9895833134651184
0.9931250214576721
0.9935416579246521
0.9956250190734863
0.9947916865348816
0.9950000047683716
0.9870833158493042
0.9856250286102295
0.9958333373069763
0.9979166388511658
0.996666669845581
0.997083306312561
0.9954166412353516
0.9931250214576721
0.9939583539962769
0.9943749904632568
0.997083306312561
0.9956250190734863
0.9922916889190674
0.9927083253860474
0.9954166412353516
0.9972916841506958
0.9989583492279053
0.9985416531562805
0.9985416531562805
0.9916666746139526
0.9952083230018616
0.9933333396911621
0.9960416555404663

training history val accuracy
0.5083333253860474
0.5083333253860474
0.5083333253860474
0.5083333253860474
0.5083333253860474
0.5083333253860474
0.5083333253860474
0.5083333253860474
0.5083333253860474
0.5083333253860474
0.49166667461395264
0.5649999976158142
0.5083333253860474
0.5350000262260437
0.5566666722297668
0.7258333563804626
0.5091666579246521
0.6575000286102295
0.5083333253860474
0.5383333563804626
0.5333333611488342
0.5674999952316284
0.7099999785423279
0.7699999809265137
0.5083333253860474
0.5116666555404663
0.5083333253860474
0.5083333253860474
0.5083333253860474
0.5083333253860474
0.6341666579246521
0.5083333253860474
0.5299999713897705
0.64083331823349
0.7683333158493042
0.5083333253860474
0.7024999856948853
0.5199999809265137
0.7024999856948853
0.5083333253860474
0.6733333468437195
0.503333330154419
0.5708333253860474
0.5774999856948853
0.5083333253860474
0.7316666841506958
0.6949999928474426
0.5166666507720947
0.4983333349227905
0.6691666841506958
0.5325000286102295
0.5091666579246521
0.6458333134651184
0.7208333611488342
0.5083333253860474
0.5224999785423279
0.5091666579246521
0.4950000047683716
0.6158333420753479
0.7774999737739563
0.51583331823349
0.5208333134651184
0.5099999904632568
0.5625
0.628333330154419

training history loss
0.699241042137146
0.4984542727470398
0.4333018362522125
0.3852583169937134
0.35576796531677246
0.30985409021377563
0.26932641863822937
0.22302033007144928
0.1707223802804947
0.11049216240644455
0.09900432080030441
0.10539832711219788
0.04078278690576553
0.02712463028728962
0.05757817625999451
0.07065171003341675
0.04282618314027786
0.039700381457805634
0.04522544518113136
0.037001121789216995
0.023773880675435066
0.02973887138068676
0.0458793006837368
0.017637453973293304
0.015053474344313145
0.02213023416697979
0.021176869049668312
0.02004394307732582
0.03381276875734329
0.025909073650836945
0.01920178532600403
0.02758723311126232
0.016788067296147346
0.016998479142785072
0.017205307260155678
0.026714343577623367
0.026784414425492287
0.019383132457733154
0.017309360206127167
0.013984106481075287
0.01579039730131626
0.013763600960373878
0.03597143664956093
0.03654494509100914
0.012859022244811058
0.006588803604245186
0.008196193724870682
0.009119007736444473
0.011841385625302792
0.01969004236161709
0.01939215511083603
0.014688964001834393
0.008664616383612156
0.014273303560912609
0.021843688562512398
0.020657772198319435
0.013783115893602371
0.009545940905809402
0.0036235149018466473
0.005305852275341749
0.004433241207152605
0.029704580083489418
0.014662736095488071
0.019699839875102043
0.013498520478606224

training history val loss
2.4451866149902344
6.126282691955566
10.178686141967773
14.046401023864746
16.441829681396484
14.67103385925293
19.655210494995117
7.801583766937256
4.1903862953186035
2.1240241527557373
9.216113090515137
2.3281991481781006
11.075225830078125
3.9410669803619385
1.672776222229004
0.7875153422355652
9.754648208618164
1.388992190361023
8.545819282531738
3.8608813285827637
3.6246936321258545
1.0943526029586792
1.026871919631958
0.9213719964027405
9.88670539855957
4.3948822021484375
7.845297813415527
13.70703411102295
15.382133483886719
7.1200270652771
2.2281835079193115
14.386391639709473
4.105914115905762
1.7977185249328613
0.6359061002731323
10.183297157287598
1.1256072521209717
4.289862155914307
0.9586171507835388
13.709205627441406
1.9113816022872925
3.8091964721679688
2.3600447177886963
2.91743540763855
6.047374248504639
0.9579523801803589
1.5219186544418335
6.568822860717773
4.582695007324219
1.74750554561615
3.2268970012664795
8.641611099243164
1.6470259428024292
1.4154233932495117
17.891035079956055
5.419029712677002
14.331600189208984
7.909060955047607
3.046356439590454
1.297639012336731
7.182204723358154
5.108565330505371
9.146021842956543
4.317078590393066
3.1152641773223877