test data loss : 0.7459415793418884
test data accyracy : 0.7450000047683716

training history accuracy
0.6391666531562805
0.7766666412353516
0.8043749928474426
0.8345833420753479
0.8527083396911621
0.8729166388511658
0.8949999809265137
0.9275000095367432
0.9327083230018616
0.9616666436195374
0.9643750190734863
0.9681249856948853
0.981041669845581
0.9850000143051147
0.9804166555404663
0.9827083349227905
0.9879166483879089
0.9847916960716248
0.981249988079071
0.9881250262260437
0.9881250262260437
0.9931250214576721
0.9893749952316284
0.9889583587646484
0.9947916865348816
0.9922916889190674
0.9860416650772095
0.9831249713897705
0.9954166412353516
0.9962499737739563
0.9975000023841858
0.996874988079071
0.9931250214576721
0.9831249713897705
0.9891666769981384
0.9927083253860474
0.9943749904632568
0.9952083230018616
0.9937499761581421
0.9943749904632568
0.9933333396911621
0.9918749928474426
0.9941666722297668

training history val accuracy
0.5083333253860474
0.5083333253860474
0.5083333253860474
0.5083333253860474
0.5083333253860474
0.5083333253860474
0.5083333253860474
0.5083333253860474
0.5083333253860474
0.5199999809265137
0.5083333253860474
0.5891666412353516
0.7425000071525574
0.5083333253860474
0.5083333253860474
0.49166667461395264
0.5083333253860474
0.6608333587646484
0.5116666555404663
0.512499988079071
0.7141666412353516
0.5083333253860474
0.4925000071525574
0.49416667222976685
0.6524999737739563
0.5083333253860474
0.5083333253860474
0.5083333253860474
0.7083333134651184
0.5091666579246521
0.7908333539962769
0.5133333206176758
0.7116666436195374
0.5083333253860474
0.5266666412353516
0.5083333253860474
0.5108333230018616
0.6700000166893005
0.5083333253860474
0.5408333539962769
0.5083333253860474
0.5741666555404663
0.6558333039283752

training history loss
0.6789483428001404
0.47514522075653076
0.42341485619544983
0.38089174032211304
0.34048300981521606
0.3024326264858246
0.2521144449710846
0.1816328465938568
0.1736767441034317
0.10709989070892334
0.09558688849210739
0.08482731878757477
0.05454368516802788
0.044086750596761703
0.05206555500626564
0.05004669353365898
0.038787633180618286
0.04356766864657402
0.04961263760924339
0.030280129984021187
0.030588623136281967
0.021096765995025635
0.026186179369688034
0.029542582109570503
0.018273668363690376
0.020745843648910522
0.03282441198825836
0.04507723078131676
0.01383668277412653
0.01069228257983923
0.007542991545051336
0.010418502613902092
0.019370922818779945
0.0482451468706131
0.029736945405602455
0.01972854882478714
0.01617705076932907
0.015105781145393848
0.018294349312782288
0.01998121663928032
0.015107518993318081
0.02168930321931839
0.014889281243085861

training history val loss
5.373040676116943
8.498006820678711
10.481589317321777
9.197226524353027
8.602720260620117
6.22854471206665
11.789664268493652
11.583946228027344
10.757734298706055
3.572317361831665
3.7191002368927
1.9217618703842163
0.7483659386634827
4.77251672744751
9.764413833618164
9.27551555633545
10.723347663879395
1.515158772468567
4.390780448913574
2.1624934673309326
0.9935298562049866
11.07114028930664
4.918801307678223
5.547312259674072
1.1110340356826782
7.5494303703308105
10.495343208312988
10.890521049499512
1.1136705875396729
6.885066509246826
0.8570143580436707
6.269362926483154
1.3115872144699097
14.332846641540527
6.479696273803711
18.453208923339844
6.0073676109313965
1.7715970277786255
13.906293869018555
4.621174335479736
13.761012077331543
2.7216134071350098
2.14920973777771