test data loss : 0.7958833575248718
test data accyracy : 0.7129999995231628

training history accuracy
0.65645831823349
0.7822916507720947
0.8060416579246521
0.8293750286102295
0.8399999737739563
0.8656250238418579
0.8914583325386047
0.8966666460037231
0.9279166460037231
0.9439583420753479
0.9589583277702332
0.9745833277702332
0.9762499928474426
0.9791666865348816
0.9779166579246521
0.9908333420753479
0.9937499761581421
0.987708330154419
0.9881250262260437
0.9860416650772095
0.9727083444595337
0.987500011920929
0.9941666722297668
0.987708330154419
0.9879166483879089
0.9910416603088379
0.9937499761581421
0.9914583563804626
0.9910416603088379
0.9866666793823242
0.9912499785423279
0.9947916865348816
0.9935416579246521
0.9887499809265137
0.9920833110809326
0.996874988079071
0.9954166412353516
0.9925000071525574
0.9883333444595337
0.9891666769981384
0.9943749904632568

training history val accuracy
0.5083333253860474
0.5083333253860474
0.5083333253860474
0.5083333253860474
0.5083333253860474
0.5083333253860474
0.5083333253860474
0.5083333253860474
0.5083333253860474
0.5149999856948853
0.7091666460037231
0.5083333253860474
0.5149999856948853
0.6666666865348816
0.7058333158493042
0.7291666865348816
0.7041666507720947
0.5083333253860474
0.49166667461395264
0.5083333253860474
0.5083333253860474
0.5108333230018616
0.5566666722297668
0.5083333253860474
0.5083333253860474
0.7441666722297668
0.5241666436195374
0.5083333253860474
0.7024999856948853
0.5083333253860474
0.49166667461395264
0.5083333253860474
0.5083333253860474
0.5083333253860474
0.5099999904632568
0.5975000262260437
0.721666693687439
0.5741666555404663
0.5083333253860474
0.5350000262260437
0.5199999809265137

training history loss
0.6546656489372253
0.4621509909629822
0.4217342436313629
0.38532504439353943
0.362166166305542
0.31590381264686584
0.2621113359928131
0.24662752449512482
0.17800092697143555
0.14005881547927856
0.10476021468639374
0.07123469561338425
0.05982451140880585
0.06246025860309601
0.06314527243375778
0.0282302163541317
0.02083476260304451
0.03781406208872795
0.03415083885192871
0.03599095717072487
0.06408274918794632
0.037851057946681976
0.019878143444657326
0.032434407621622086
0.031370434910058975
0.026050562039017677
0.022670447826385498
0.021268757060170174
0.026446910575032234
0.029692916199564934
0.02351892739534378
0.0146643640473485
0.01423503365367651
0.032953307032585144
0.022085830569267273
0.009318831376731396
0.0107727674767375
0.020172931253910065
0.034158457070589066
0.028819872066378593
0.014704440720379353

training history val loss
2.5371646881103516
5.940822124481201
5.344247341156006
6.844148635864258
5.422524929046631
5.947429656982422
7.954645156860352
9.734163284301758
4.822042942047119
4.168072700500488
0.8006294369697571
9.767363548278809
3.227186441421509
1.2770966291427612
0.9996501803398132
1.069275140762329
1.0473517179489136
7.9183030128479
5.524768829345703
11.668233871459961
8.101425170898438
5.725897312164307
3.371701955795288
9.25976276397705
10.157032012939453
1.039560079574585
3.9348323345184326
8.143997192382812
1.1811325550079346
9.560359954833984
11.242773056030273
9.197846412658691
9.956189155578613
11.091445922851562
7.001336097717285
2.871933698654175
1.5560650825500488
4.1388044357299805
10.666418075561523
4.6329851150512695
6.996294975280762