test data loss : 0.8387500047683716
test data accyracy : 0.7820000052452087

training history accuracy
0.6468750238418579
0.7789583206176758
0.8189583420753479
0.8237500190734863
0.8462499976158142
0.8620833158493042
0.8912500143051147
0.9200000166893005
0.9318749904632568
0.9602083563804626
0.9568750262260437
0.9706249833106995
0.9777083396911621
0.9847916960716248
0.9750000238418579
0.9733333587646484
0.9825000166893005
0.9864583611488342
0.9904166460037231
0.9929166436195374
0.9943749904632568
0.9793750047683716
0.9820833206176758
0.9906250238418579
0.9912499785423279
0.9945833086967468
0.9945833086967468
0.9962499737739563
0.9958333373069763
0.9956250190734863
0.9937499761581421
0.9868749976158142
0.9839583039283752
0.9952083230018616
0.9925000071525574
0.9883333444595337
0.9935416579246521
0.996666669845581
0.9941666722297668
0.9929166436195374
0.9925000071525574
0.9850000143051147
0.9956250190734863
0.996666669845581
0.9985416531562805
0.9925000071525574
0.9897916913032532
0.9902083277702332
0.9972916841506958
0.9945833086967468
0.9920833110809326
0.9943749904632568
0.9943749904632568
0.9972916841506958
0.9956250190734863
0.9925000071525574
0.9933333396911621
0.9956250190734863
0.997083306312561
0.9962499737739563
0.9952083230018616
0.9925000071525574

training history val accuracy
0.5083333253860474
0.5083333253860474
0.5083333253860474
0.5083333253860474
0.5083333253860474
0.5083333253860474
0.5083333253860474
0.5083333253860474
0.6083333492279053
0.6116666793823242
0.5199999809265137
0.5083333253860474
0.5308333039283752
0.5516666769981384
0.6941666603088379
0.5083333253860474
0.5083333253860474
0.5366666913032532
0.5083333253860474
0.7316666841506958
0.5108333230018616
0.5083333253860474
0.6274999976158142
0.6683333516120911
0.6191666722297668
0.7391666769981384
0.5266666412353516
0.690833330154419
0.5316666960716248
0.6616666913032532
0.5291666388511658
0.7758333086967468
0.5991666913032532
0.5224999785423279
0.5091666579246521
0.5083333253860474
0.5099999904632568
0.5849999785423279
0.7441666722297668
0.5091666579246521
0.6833333373069763
0.5083333253860474
0.5083333253860474
0.5241666436195374
0.6641666889190674
0.5083333253860474
0.5083333253860474
0.5149999856948853
0.5083333253860474
0.7133333086967468
0.7749999761581421
0.5083333253860474
0.6141666769981384
0.5083333253860474
0.7066666483879089
0.5099999904632568
0.5083333253860474
0.6958333253860474
0.5083333253860474
0.5391666889190674
0.5649999976158142
0.5699999928474426

training history loss
0.6647295355796814
0.46628597378730774
0.4040798544883728
0.38459324836730957
0.35340145230293274
0.314998060464859
0.26637667417526245
0.21088232100009918
0.17112812399864197
0.10768444091081619
0.11496808379888535
0.07915575802326202
0.06252738833427429
0.04251309856772423
0.05952853336930275
0.07316854596138
0.0497724749147892
0.03420303016901016
0.029117513447999954
0.019105754792690277
0.016925882548093796
0.05150255560874939
0.04606426879763603
0.026801887899637222
0.025488654151558876
0.015445614233613014
0.016040945425629616
0.012880080379545689
0.014174935407936573
0.012607542797923088
0.01648656278848648
0.0391046442091465
0.04136365279555321
0.01611190475523472
0.02175220288336277
0.030961329117417336
0.017926760017871857
0.01044519618153572
0.016022784635424614
0.0209626667201519
0.02090735360980034
0.03951600566506386
0.013922004960477352
0.008719712495803833
0.005781659856438637
0.021942846477031708
0.02763126976788044
0.025242043659090996
0.008435143157839775
0.013224959373474121
0.0202865581959486
0.01716512441635132
0.015935616567730904
0.00831559393554926
0.012683367356657982
0.02178056538105011
0.015764258801937103
0.013868872076272964
0.009237303398549557
0.011040408164262772
0.014508186839520931
0.022873174399137497

training history val loss
4.494869709014893
8.25942325592041
8.121484756469727
11.542413711547852
7.529392242431641
11.581535339355469
10.791807174682617
6.183748245239258
0.9505871534347534
1.8285614252090454
2.253527879714966
4.521667003631592
2.037721872329712
2.8870153427124023
0.993730366230011
8.900986671447754
8.36535930633545
3.427642822265625
7.129273414611816
0.8935444951057434
3.2958831787109375
10.239532470703125
2.217013120651245
1.8450093269348145
2.1865761280059814
1.2109144926071167
5.443496227264404
1.5070017576217651
5.915567398071289
1.3854429721832275
4.2357683181762695
0.8672764301300049
2.5857512950897217
6.8766937255859375
7.389785289764404
6.229222774505615
7.504807949066162
3.0464861392974854
1.3760864734649658
10.150323867797852
1.2756165266036987
9.078947067260742
9.370843887329102
6.267951965332031
2.170729875564575
9.24023723602295
13.9739408493042
6.237004280090332
13.582274436950684
1.5466892719268799
0.9666728973388672
9.695659637451172
3.087867498397827
7.78233003616333
1.4563668966293335
7.078349590301514
4.5121612548828125
1.6243054866790771
10.453932762145996
4.798224925994873
3.0216991901397705
4.3809895515441895