test data loss : 0.5807492733001709
test data accyracy : 0.7749999761581421

training history accuracy
0.6391666531562805
0.7789583206176758
0.8089583516120911
0.8285416960716248
0.8520833253860474
0.8666666746139526
0.8854166865348816
0.909166693687439
0.9379166960716248
0.9474999904632568
0.9668750166893005
0.9708333611488342
0.9733333587646484
0.9756249785423279
0.9837499856948853
0.987708330154419
0.9822916388511658
0.984375
0.9902083277702332
0.9914583563804626
0.9904166460037231
0.9858333468437195
0.981458306312561
0.9950000047683716
0.9935416579246521
0.9918749928474426
0.9906250238418579
0.987291693687439
0.9854166507720947
0.9941666722297668
0.996874988079071
0.997083306312561
0.996874988079071
0.9956250190734863
0.9856250286102295
0.9779166579246521
0.9964583516120911
0.9972916841506958
0.9975000023841858
0.996666669845581
0.9895833134651184
0.9900000095367432
0.9929166436195374
0.9916666746139526

training history val accuracy
0.5083333253860474
0.5083333253860474
0.5083333253860474
0.5083333253860474
0.5083333253860474
0.5083333253860474
0.5083333253860474
0.5083333253860474
0.5083333253860474
0.49166667461395264
0.6800000071525574
0.49166667461395264
0.675000011920929
0.75
0.5550000071525574
0.5866666436195374
0.5958333611488342
0.5108333230018616
0.6566666960716248
0.6808333396911621
0.6783333420753479
0.5083333253860474
0.5083333253860474
0.5083333253860474
0.49166667461395264
0.5083333253860474
0.5083333253860474
0.6708333492279053
0.612500011920929
0.5450000166893005
0.7225000262260437
0.5691666603088379
0.49166667461395264
0.7433333396911621
0.5083333253860474
0.5083333253860474
0.5083333253860474
0.5866666436195374
0.7975000143051147
0.5183333158493042
0.5083333253860474
0.5299999713897705
0.5083333253860474
0.6650000214576721

training history loss
0.6872336268424988
0.47811898589134216
0.4287058115005493
0.378621906042099
0.34686756134033203
0.3042636513710022
0.27534162998199463
0.22424651682376862
0.1598764806985855
0.1309916228055954
0.09154349565505981
0.08108378946781158
0.07609811425209045
0.0671299546957016
0.044860754162073135
0.0353052020072937
0.04671308025717735
0.04554658383131027
0.0287444107234478
0.02560851350426674
0.02660193108022213
0.03468425199389458
0.053170546889305115
0.01878966949880123
0.020104987546801567
0.01948247291147709
0.026759997010231018
0.03548356518149376
0.03948456048965454
0.017758125439286232
0.012530221603810787
0.01157382782548666
0.009460493922233582
0.014801057055592537
0.03634382411837578
0.05818938463926315
0.01591777428984642
0.007331317290663719
0.008574306964874268
0.011632151901721954
0.02918098121881485
0.026455335319042206
0.018464405089616776
0.022625794634222984

training history val loss
2.796492099761963
7.891586780548096
7.704508304595947
10.384871482849121
8.975042343139648
7.886087417602539
7.4122819900512695
11.681066513061523
4.826257228851318
7.515323162078857
0.8699860572814941
5.560123920440674
0.9438248872756958
0.6543033123016357
2.574392795562744
1.1540141105651855
2.8765649795532227
5.105594158172607
1.7841182947158813
1.6139158010482788
1.3606269359588623
9.007183074951172
8.17307186126709
9.761039733886719
9.694921493530273
11.1041841506958
11.624544143676758
2.042266368865967
3.5964653491973877
3.5309667587280273
0.9478054046630859
3.0207040309906006
5.338130474090576
1.2412739992141724
10.543253898620605
11.683661460876465
10.238768577575684
3.150501251220703
0.8386769890785217
5.015553951263428
11.2171630859375
3.6514978408813477
11.674957275390625
1.4321032762527466