test data loss : 0.7800081968307495
test data accyracy : 0.6660000085830688

training history accuracy
0.6445833444595337
0.7714583277702332
0.800208330154419
0.8222916722297668
0.846666693687439
0.8518750071525574
0.8697916865348816
0.903333306312561
0.9179166555404663
0.9402083158493042
0.965833306312561
0.9697916507720947
0.9670833349227905
0.9785416722297668
0.9725000262260437
0.98458331823349
0.98458331823349
0.9862499833106995
0.9854166507720947
0.9866666793823242
0.9879166483879089
0.9831249713897705
0.9870833158493042
0.9947916865348816
0.9916666746139526
0.9954166412353516
0.9925000071525574
0.9920833110809326
0.9860416650772095
0.9929166436195374
0.9947916865348816
0.9958333373069763
0.9941666722297668
0.98416668176651
0.9889583587646484
0.9864583611488342
0.9918749928474426
0.9935416579246521
0.9952083230018616
0.9933333396911621
0.9933333396911621
0.9975000023841858

training history val accuracy
0.5083333253860474
0.5083333253860474
0.5083333253860474
0.5083333253860474
0.5083333253860474
0.5083333253860474
0.5083333253860474
0.5083333253860474
0.5083333253860474
0.5083333253860474
0.5091666579246521
0.6424999833106995
0.4925000071525574
0.5083333253860474
0.5016666650772095
0.5083333253860474
0.6075000166893005
0.5308333039283752
0.5400000214576721
0.6758333444595337
0.7566666603088379
0.5083333253860474
0.5083333253860474
0.5083333253860474
0.5091666579246521
0.6391666531562805
0.7325000166893005
0.5099999904632568
0.49166667461395264
0.7183333039283752
0.49166667461395264
0.6016666889190674
0.4950000047683716
0.5583333373069763
0.5325000286102295
0.7416666746139526
0.51583331823349
0.6183333396911621
0.778333306312561
0.5091666579246521
0.512499988079071
0.5083333253860474

training history loss
0.6653821468353271
0.4903116822242737
0.4286101758480072
0.39799073338508606
0.3516254425048828
0.3335627019405365
0.2993047535419464
0.23876957595348358
0.19762009382247925
0.15586355328559875
0.09045784175395966
0.08131767064332962
0.07879576832056046
0.05607469007372856
0.06698287278413773
0.04315730556845665
0.03928761929273605
0.03661457449197769
0.03980325534939766
0.037000738084316254
0.03522387892007828
0.04287661984562874
0.03669622167944908
0.01763927936553955
0.021777385845780373
0.015369860455393791
0.023205095902085304
0.02187674306333065
0.03642936795949936
0.021845785900950432
0.01720510609447956
0.010507386177778244
0.013395468704402447
0.04421472176909447
0.02972591109573841
0.03360099717974663
0.022482560947537422
0.019529493525624275
0.015710949897766113
0.01781444251537323
0.01788180135190487
0.010051511228084564

training history val loss
3.5203959941864014
6.6819748878479
9.06192684173584
12.28339672088623
12.531256675720215
12.934703826904297
17.658708572387695
1.9069873094558716
15.261421203613281
5.209177494049072
4.474348068237305
0.8275529742240906
5.147660255432129
6.534464359283447
3.236837863922119
4.203704357147217
2.572667121887207
3.659022569656372
3.0458199977874756
1.285703182220459
0.9483804106712341
11.17622184753418
14.607332229614258
10.536745071411133
6.9640607833862305
2.0225281715393066
1.1739484071731567
7.8515095710754395
4.872307300567627
1.1346609592437744
6.812702178955078
2.3112668991088867
5.075336456298828
3.40932297706604
3.6465072631835938
0.9273537397384644
5.737544536590576
2.298434257507324
0.9236629009246826
7.606904983520508
6.492835998535156
14.842188835144043