test data loss : 0.8368158936500549
test data accyracy : 0.7609999775886536

training history accuracy
0.6222916841506958
0.765625
0.7989583611488342
0.8272916674613953
0.8370833396911621
0.8516666889190674
0.8735416531562805
0.8845833539962769
0.925208330154419
0.9322916865348816
0.9522916674613953
0.9637500047683716
0.9747916460037231
0.9739583134651184
0.9802083373069763
0.9818750023841858
0.9808333516120911
0.981458306312561
0.9879166483879089
0.9914583563804626
0.9889583587646484
0.987708330154419
0.9920833110809326
0.9827083349227905
0.9908333420753479
0.9935416579246521
0.9941666722297668
0.9927083253860474
0.9852083325386047
0.9879166483879089
0.9933333396911621
0.9947916865348816
0.9956250190734863
0.9962499737739563
0.9952083230018616
0.9910416603088379
0.9847916960716248
0.9922916889190674
0.9929166436195374
0.9866666793823242
0.9891666769981384
0.9941666722297668
0.9958333373069763
0.996666669845581
0.9981250166893005
0.9941666722297668
0.9952083230018616
0.9952083230018616
0.9947916865348816
0.9943749904632568
0.9920833110809326
0.9879166483879089
0.9952083230018616
0.9977083206176758
0.9991666674613953
0.9977083206176758
0.9964583516120911
0.9908333420753479
0.9910416603088379
0.9929166436195374
0.9956250190734863
0.9954166412353516
0.996666669845581
0.996874988079071

training history val accuracy
0.5083333253860474
0.5083333253860474
0.5083333253860474
0.5083333253860474
0.5083333253860474
0.5083333253860474
0.5083333253860474
0.5083333253860474
0.5083333253860474
0.5083333253860474
0.5083333253860474
0.5491666793823242
0.5083333253860474
0.5083333253860474
0.5083333253860474
0.5224999785423279
0.5083333253860474
0.612500011920929
0.5083333253860474
0.5041666626930237
0.5416666865348816
0.5083333253860474
0.4925000071525574
0.5133333206176758
0.7350000143051147
0.5858333110809326
0.5333333611488342
0.4925000071525574
0.5108333230018616
0.5083333253860474
0.5091666579246521
0.5333333611488342
0.7916666865348816
0.7666666507720947
0.5083333253860474
0.5375000238418579
0.7408333420753479
0.5083333253860474
0.762499988079071
0.5958333611488342
0.6399999856948853
0.5083333253860474
0.7875000238418579
0.5716666579246521
0.534166693687439
0.5975000262260437
0.5083333253860474
0.5083333253860474
0.6791666746139526
0.7358333468437195
0.5166666507720947
0.5699999928474426
0.5133333206176758
0.7141666412353516
0.5083333253860474
0.5583333373069763
0.5108333230018616
0.5099999904632568
0.5083333253860474
0.5149999856948853
0.5083333253860474
0.7283333539962769
0.5441666841506958
0.7608333230018616

training history loss
0.7064420580863953
0.4905228316783905
0.44577524065971375
0.3887035548686981
0.3679918944835663
0.33941876888275146
0.29864710569381714
0.26930898427963257
0.18805237114429474
0.16301287710666656
0.12060964852571487
0.09819918870925903
0.06640683859586716
0.07106167078018188
0.05392944812774658
0.050398264080286026
0.054095033556222916
0.04775211215019226
0.031204357743263245
0.025107793509960175
0.032139066606760025
0.037308480590581894
0.02487090602517128
0.04267038404941559
0.027171455323696136
0.018422875553369522
0.0147145576775074
0.021006621420383453
0.04180309176445007
0.03516635671257973
0.021605316549539566
0.014958584681153297
0.012717137113213539
0.012416050769388676
0.016271520406007767
0.02462112344801426
0.04049236699938774
0.023227717727422714
0.018391646444797516
0.03950990363955498
0.026090499013662338
0.015113617293536663
0.011849491856992245
0.009521868079900742
0.00767273735255003
0.016531597822904587
0.013043176382780075
0.012692096643149853
0.015009689144790173
0.017294548451900482
0.021535638719797134
0.03929920494556427
0.014614611864089966
0.007499337196350098
0.0029649054631590843
0.0068318797275424
0.008786961436271667
0.027544386684894562
0.02615484781563282
0.021226942539215088
0.01243213377892971
0.013392264023423195
0.010457176715135574
0.009219136089086533

training history val loss
3.38683819770813
7.6884026527404785
7.155125141143799
5.797497749328613
6.873178482055664
4.991611957550049
6.656729698181152
4.911238670349121
5.37993049621582
7.2810797691345215
12.943604469299316
2.7205679416656494
5.1616668701171875
9.891023635864258
6.292486667633057
3.9344043731689453
7.0920915603637695
1.6160231828689575
3.945549249649048
5.4307355880737305
2.661224126815796
11.482181549072266
6.35894775390625
8.005805969238281
1.2724884748458862
2.8320930004119873
4.517137050628662
6.302227973937988
4.466209888458252
11.976521492004395
8.8942289352417
3.2977120876312256
0.9321156740188599
0.7536728978157043
8.24567699432373
3.455859899520874
1.1612250804901123
8.329573631286621
1.1530016660690308
3.419276237487793
1.6048895120620728
8.982080459594727
1.1020991802215576
3.5105607509613037
4.200938701629639
2.846167802810669
7.27839994430542
12.301457405090332
1.571520209312439
1.4169784784317017
7.021801948547363
3.686514377593994
6.4956374168396
1.617476224899292
7.414812088012695
5.060977935791016
8.198838233947754
6.146886825561523
14.632080078125
7.064207553863525
10.145675659179688
1.6438400745391846
4.4469122886657715
0.9523603320121765