test data loss : 0.6766462922096252
test data accyracy : 0.7839999794960022

training history accuracy
0.6066666841506958
0.7754166722297668
0.8027083277702332
0.8220833539962769
0.8441666960716248
0.8579166531562805
0.8879166841506958
0.90604168176651
0.9350000023841858
0.9437500238418579
0.9649999737739563
0.9756249785423279
0.9781249761581421
0.98458331823349
0.9737499952316284
0.9818750023841858
0.981041669845581
0.981249988079071
0.9897916913032532
0.9893749952316284
0.9833333492279053
0.9827083349227905
0.9906250238418579
0.9943749904632568
0.9912499785423279
0.9914583563804626
0.9885416626930237
0.98416668176651
0.9925000071525574
0.9904166460037231
0.9870833158493042
0.9895833134651184
0.9950000047683716
0.997083306312561
0.9960416555404663
0.996666669845581
0.9893749952316284
0.9920833110809326
0.9912499785423279
0.9947916865348816
0.9975000023841858
0.9937499761581421
0.9941666722297668
0.9922916889190674
0.9935416579246521
0.9964583516120911
0.9929166436195374
0.9922916889190674
0.9933333396911621
0.9950000047683716
0.9952083230018616
0.9941666722297668
0.9902083277702332
0.9956250190734863
0.9943749904632568

training history val accuracy
0.5083333253860474
0.5083333253860474
0.5083333253860474
0.5083333253860474
0.5083333253860474
0.5083333253860474
0.5083333253860474
0.5083333253860474
0.5083333253860474
0.5083333253860474
0.5083333253860474
0.5083333253860474
0.7416666746139526
0.6508333086967468
0.49166667461395264
0.5083333253860474
0.5083333253860474
0.7400000095367432
0.5516666769981384
0.6650000214576721
0.6575000286102295
0.5166666507720947
0.5383333563804626
0.5083333253860474
0.7566666603088379
0.534166693687439
0.5083333253860474
0.6974999904632568
0.5816666483879089
0.7200000286102295
0.5083333253860474
0.7433333396911621
0.49666666984558105
0.6116666793823242
0.5933333039283752
0.5525000095367432
0.6233333349227905
0.6883333325386047
0.5083333253860474
0.5083333253860474
0.5091666579246521
0.5083333253860474
0.7716666460037231
0.7191666960716248
0.51583331823349
0.7758333086967468
0.5083333253860474
0.5083333253860474
0.6483333110809326
0.7799999713897705
0.5375000238418579
0.5083333253860474
0.5083333253860474
0.6974999904632568
0.5083333253860474

training history loss
0.7021110653877258
0.4876812696456909
0.4345473647117615
0.3862123191356659
0.3565922677516937
0.32813796401023865
0.27148982882499695
0.22325432300567627
0.17095652222633362
0.14100919663906097
0.0994744524359703
0.07099199295043945
0.06493234634399414
0.04102972522377968
0.06510169059038162
0.04890236258506775
0.0513627752661705
0.04780365899205208
0.026620015501976013
0.02681184746325016
0.04347977787256241
0.04596356675028801
0.02933286689221859
0.01854093186557293
0.024132447317242622
0.024715250357985497
0.027947314083576202
0.040923040360212326
0.020418649539351463
0.023562569171190262
0.03443445637822151
0.026227116584777832
0.015128380618989468
0.01039466168731451
0.011469893157482147
0.009095084853470325
0.029207732528448105
0.02280508354306221
0.02423114888370037
0.01690025068819523
0.007345377467572689
0.017257435247302055
0.018482990562915802
0.0199308879673481
0.017689049243927002
0.011898771859705448
0.018916413187980652
0.021587001159787178
0.015639984980225563
0.015549859963357449
0.014596126973628998
0.017631735652685165
0.028127210214734077
0.013419047929346561
0.01463561411947012

training history val loss
2.5818655490875244
10.303064346313477
10.498178482055664
13.705669403076172
17.369457244873047
15.883416175842285
12.268792152404785
10.50459098815918
6.846473217010498
13.724051475524902
11.716089248657227
7.680090427398682
0.8497973084449768
0.8416557908058167
6.010415554046631
9.292726516723633
12.24838924407959
0.9649673700332642
2.1257669925689697
1.1712061166763306
1.43284273147583
2.474666118621826
3.363760471343994
7.614174842834473
0.6840372681617737
2.92594313621521
8.22713565826416
1.0686285495758057
1.8813592195510864
1.182235836982727
13.088576316833496
0.7581841349601746
4.933377265930176
2.5877203941345215
2.3941378593444824
4.259964466094971
1.8394951820373535
0.9827251434326172
10.008526802062988
10.685964584350586
9.745197296142578
12.006331443786621
0.9014561772346497
1.339978814125061
7.824625015258789
1.1325680017471313
5.1399149894714355
8.785447120666504
1.8790545463562012
0.8803080320358276
4.974661827087402
10.554763793945312
7.910744667053223
1.2491002082824707
12.087549209594727