test data loss : 0.6911930441856384
test data accyracy : 0.781000018119812

training history accuracy
0.5929166674613953
0.7535416483879089
0.800208330154419
0.8277083039283752
0.8354166746139526
0.8533333539962769
0.8789583444595337
0.9037500023841858
0.918749988079071
0.9566666483879089
0.9593750238418579
0.9674999713897705
0.9660416841506958
0.9760416746139526
0.9860416650772095
0.9893749952316284
0.9897916913032532
0.981458306312561
0.9758333563804626
0.9797916412353516
0.98458331823349
0.9891666769981384
0.9918749928474426
0.9868749976158142
0.9929166436195374
0.9933333396911621
0.9937499761581421
0.9935416579246521
0.9920833110809326
0.9895833134651184
0.9885416626930237
0.9850000143051147
0.9902083277702332
0.9956250190734863
0.9958333373069763
0.9935416579246521
0.9941666722297668
0.9945833086967468
0.9972916841506958
0.9979166388511658
0.9920833110809326
0.9908333420753479
0.9939583539962769
0.9918749928474426
0.9902083277702332
0.9937499761581421

training history val accuracy
0.5083333253860474
0.5083333253860474
0.5083333253860474
0.5083333253860474
0.5083333253860474
0.5083333253860474
0.5083333253860474
0.5083333253860474
0.5083333253860474
0.5083333253860474
0.5083333253860474
0.49166667461395264
0.5083333253860474
0.5083333253860474
0.5083333253860474
0.7916666865348816
0.6916666626930237
0.5083333253860474
0.5083333253860474
0.746666669845581
0.5224999785423279
0.7141666412353516
0.5099999904632568
0.737500011920929
0.7016666531562805
0.6966666579246521
0.6958333253860474
0.5083333253860474
0.7766666412353516
0.5083333253860474
0.7358333468437195
0.5099999904632568
0.5083333253860474
0.5083333253860474
0.5083333253860474
0.5108333230018616
0.7749999761581421
0.5508333444595337
0.5391666889190674
0.6725000143051147
0.5083333253860474
0.6783333420753479
0.5216666460037231
0.5083333253860474
0.5083333253860474
0.5083333253860474

training history loss
0.7278752326965332
0.5085140466690063
0.4302833080291748
0.4020690619945526
0.3727559447288513
0.33527347445487976
0.2797723710536957
0.23410479724407196
0.19870693981647491
0.11988206207752228
0.1122928261756897
0.08693396300077438
0.08638960868120193
0.06988443434238434
0.04231369122862816
0.03393283858895302
0.029798174276947975
0.05114789307117462
0.06458906829357147
0.05063645541667938
0.038909412920475006
0.029782550409436226
0.023822247982025146
0.038502369076013565
0.01912263035774231
0.017846057191491127
0.01641979068517685
0.019972611218690872
0.024986935779452324
0.03038572333753109
0.03009200654923916
0.03874185308814049
0.029530277475714684
0.01331077516078949
0.009980875998735428
0.01880759932100773
0.019376449286937714
0.01748809777200222
0.008312531746923923
0.007004651241004467
0.024823302403092384
0.027220211923122406
0.01771579496562481
0.023487919941544533
0.028049083426594734
0.017163440585136414

training history val loss
1.3943657875061035
4.3033599853515625
6.279773235321045
7.105126857757568
8.211791038513184
8.35997200012207
10.477214813232422
7.909653186798096
9.87389850616455
10.945952415466309
12.438875198364258
2.922391891479492
7.280680179595947
8.80068588256836
8.959053993225098
0.645623505115509
1.0375869274139404
10.183052062988281
10.272385597229004
0.739660382270813
4.681001663208008
1.1159762144088745
7.787214279174805
0.9184854030609131
1.4941846132278442
1.2752902507781982
1.6620235443115234
11.89495849609375
0.6993793845176697
10.940044403076172
1.1995484828948975
5.982098579406738
9.692120552062988
7.780242443084717
8.181598663330078
7.645208358764648
0.7027562260627747
4.223956108093262
3.5389554500579834
1.5722777843475342
12.461792945861816
1.9692187309265137
4.45854377746582
13.118996620178223
19.921682357788086
12.858551025390625