test data loss : 0.8514214754104614
test data accyracy : 0.7059999704360962

training history accuracy
0.5674999952316284
0.7491666674613953
0.7860416769981384
0.8152083158493042
0.8264583349227905
0.8485416769981384
0.8670833110809326
0.8835416436195374
0.9054166674613953
0.9414583444595337
0.949999988079071
0.9691666960716248
0.9754166603088379
0.9779166579246521
0.9760416746139526
0.9802083373069763
0.9893749952316284
0.9864583611488342
0.9902083277702332
0.9854166507720947
0.9833333492279053
0.9891666769981384
0.9856250286102295
0.9870833158493042
0.9918749928474426
0.9964583516120911
0.9993749856948853
0.9975000023841858
0.9972916841506958
0.9912499785423279
0.9791666865348816
0.9837499856948853
0.9920833110809326
0.9952083230018616
0.9900000095367432
0.9945833086967468
0.9947916865348816
0.9925000071525574
0.9908333420753479
0.987708330154419
0.9900000095367432
0.9900000095367432
0.9950000047683716
0.9985416531562805
0.9972916841506958
0.9916666746139526
0.9852083325386047
0.9914583563804626
0.997083306312561
0.9972916841506958
0.9952083230018616
0.9945833086967468

training history val accuracy
0.5083333253860474
0.5083333253860474
0.5083333253860474
0.5083333253860474
0.5083333253860474
0.5083333253860474
0.5083333253860474
0.5083333253860474
0.5083333253860474
0.5083333253860474
0.5083333253860474
0.5083333253860474
0.49166667461395264
0.5108333230018616
0.4983333349227905
0.6458333134651184
0.5166666507720947
0.7541666626930237
0.5083333253860474
0.5483333468437195
0.5641666650772095
0.6958333253860474
0.5083333253860474
0.637499988079071
0.5083333253860474
0.7649999856948853
0.6650000214576721
0.7066666483879089
0.5083333253860474
0.7416666746139526
0.5083333253860474
0.5083333253860474
0.5625
0.5733333230018616
0.5141666531562805
0.5083333253860474
0.5766666531562805
0.6941666603088379
0.5141666531562805
0.5083333253860474
0.5083333253860474
0.7325000166893005
0.5091666579246521
0.7400000095367432
0.5083333253860474
0.7099999785423279
0.5083333253860474
0.596666693687439
0.5149999856948853
0.5691666603088379
0.512499988079071
0.512499988079071

training history loss
0.7419290542602539
0.5135014057159424
0.45873406529426575
0.4171033501625061
0.3861522674560547
0.34385430812835693
0.30987662076950073
0.2621760070323944
0.21541842818260193
0.1598004400730133
0.13264137506484985
0.08272595703601837
0.06194651871919632
0.060188889503479004
0.06792350858449936
0.05642382428050041
0.03321139141917229
0.03604628145694733
0.02955036796629429
0.03863583877682686
0.0420474074780941
0.03215574845671654
0.03751545026898384
0.03332117944955826
0.024101780727505684
0.01063070073723793
0.005001677665859461
0.007788554765284061
0.006999941077083349
0.02324829250574112
0.05642960965633392
0.03976806625723839
0.022305378690361977
0.01683945208787918
0.023635486140847206
0.015605934895575047
0.01580447144806385
0.02171771042048931
0.02628084272146225
0.02994620054960251
0.02691975235939026
0.02916893921792507
0.014711636118590832
0.005445714108645916
0.007257545832544565
0.024838797748088837
0.04150787740945816
0.02288416028022766
0.010351786389946938
0.008240236900746822
0.010048582218587399
0.012873048894107342

training history val loss
1.2329888343811035
2.0484890937805176
4.354643821716309
4.801289081573486
6.150742053985596
6.4751715660095215
6.91019868850708
9.573861122131348
10.667637825012207
4.322098255157471
4.537932872772217
4.035694599151611
4.723701000213623
6.706441879272461
4.017573833465576
1.2629042863845825
4.916355133056641
0.8658751249313354
9.706621170043945
1.5624775886535645
2.4135847091674805
0.8377926349639893
12.13513469696045
1.759975790977478
11.101149559020996
1.0444040298461914
1.7354750633239746
1.592359185218811
6.804444789886475
1.0495258569717407
10.364462852478027
9.411940574645996
3.1980016231536865
2.3911218643188477
7.0398640632629395
11.5596342086792
2.9305639266967773
1.4181532859802246
7.484889507293701
7.148947715759277
10.510551452636719
0.9524739384651184
10.014095306396484
1.2426809072494507
7.895458221435547
1.3477320671081543
9.263402938842773
3.0834996700286865
6.430108070373535
4.638772487640381
7.556955337524414
7.132495880126953