test data loss : 0.703453540802002
test data accyracy : 0.75

training history accuracy
0.6545833349227905
0.7902083396911621
0.815416693687439
0.8329166769981384
0.8539583086967468
0.8799999952316284
0.8931249976158142
0.9289583563804626
0.9335416555404663
0.9589583277702332
0.9735416769981384
0.972083330154419
0.9727083444595337
0.9750000238418579
0.9752083420753479
0.987500011920929
0.9885416626930237
0.9893749952316284
0.9856250286102295
0.9891666769981384
0.9900000095367432
0.9887499809265137
0.9862499833106995
0.9887499809265137
0.9837499856948853
0.9916666746139526
0.9904166460037231
0.987291693687439
0.9941666722297668
0.9964583516120911
0.9920833110809326
0.9956250190734863
0.9950000047683716
0.9914583563804626
0.9910416603088379
0.9950000047683716
0.9922916889190674
0.9897916913032532
0.9914583563804626
0.9954166412353516
0.9964583516120911
0.9952083230018616
0.9958333373069763

training history val accuracy
0.5083333253860474
0.5083333253860474
0.5083333253860474
0.5083333253860474
0.5083333253860474
0.5083333253860474
0.5083333253860474
0.5083333253860474
0.5083333253860474
0.690833330154419
0.5083333253860474
0.5083333253860474
0.7325000166893005
0.5099999904632568
0.5083333253860474
0.49166667461395264
0.6016666889190674
0.6458333134651184
0.5083333253860474
0.6225000023841858
0.7141666412353516
0.5083333253860474
0.5083333253860474
0.5083333253860474
0.5083333253860474
0.5083333253860474
0.559166669845581
0.4950000047683716
0.6691666841506958
0.5833333134651184
0.7591666579246521
0.5091666579246521
0.5350000262260437
0.5083333253860474
0.5083333253860474
0.6208333373069763
0.512499988079071
0.5350000262260437
0.5083333253860474
0.5766666531562805
0.5716666579246521
0.5083333253860474
0.5091666579246521

training history loss
0.6735944151878357
0.45934534072875977
0.41443678736686707
0.36741921305656433
0.33655574917793274
0.29183441400527954
0.24852696061134338
0.18194155395030975
0.16252605617046356
0.10706161707639694
0.06678927689790726
0.07040566951036453
0.06940553337335587
0.062481459230184555
0.06801579892635345
0.03761409595608711
0.03288090229034424
0.031103061512112617
0.03556406497955322
0.031054425984621048
0.03196791186928749
0.026796843856573105
0.03884844481945038
0.02809111960232258
0.0454644039273262
0.025373676791787148
0.026153553277254105
0.037355609238147736
0.020059915259480476
0.013163293711841106
0.023189961910247803
0.011455916799604893
0.015153605490922928
0.02387383207678795
0.027679061517119408
0.01741875894367695
0.022029979154467583
0.03335520252585411
0.023349517956376076
0.015352481044828892
0.012050480581820011
0.012334355153143406
0.012470702640712261

training history val loss
9.444893836975098
10.117835998535156
11.681970596313477
11.758012771606445
5.7351975440979
5.551544666290283
5.286397933959961
9.14102554321289
10.881400108337402
0.891433835029602
4.507011413574219
7.944576740264893
0.6849327683448792
4.382330417633057
7.473899841308594
6.199562072753906
1.9959590435028076
1.6438617706298828
6.891374588012695
1.4513969421386719
1.0693359375
5.939382553100586
7.689948558807373
8.208792686462402
14.113066673278809
9.02727222442627
4.826903820037842
6.273371696472168
1.5216667652130127
3.062225103378296
0.7956262826919556
10.283299446105957
3.293945074081421
17.355295181274414
11.584127426147461
2.4546377658843994
6.01613187789917
3.7546403408050537
10.731444358825684
2.806494951248169
3.4352030754089355
9.54435920715332
6.773185729980469