test data loss : 0.7099682092666626
test data accyracy : 0.7570000290870667

training history accuracy
0.5931249856948853
0.7447916865348816
0.7962499856948853
0.8199999928474426
0.8410416841506958
0.8481249809265137
0.8758333325386047
0.8974999785423279
0.9162499904632568
0.93770831823349
0.9558333158493042
0.9624999761581421
0.9768750071525574
0.9760416746139526
0.9712499976158142
0.9856250286102295
0.9922916889190674
0.9929166436195374
0.9754166603088379
0.9837499856948853
0.9916666746139526
0.9947916865348816
0.9945833086967468
0.9943749904632568
0.981249988079071
0.981458306312561
0.9927083253860474
0.9858333468437195
0.9935416579246521
0.9960416555404663
0.9964583516120911
0.9964583516120911
0.9906250238418579
0.9916666746139526
0.9927083253860474
0.9914583563804626
0.9927083253860474
0.9910416603088379
0.9837499856948853
0.9950000047683716
0.9956250190734863

training history val accuracy
0.5083333253860474
0.5083333253860474
0.5083333253860474
0.5083333253860474
0.5083333253860474
0.5083333253860474
0.5083333253860474
0.5083333253860474
0.5083333253860474
0.49166667461395264
0.7508333325386047
0.49166667461395264
0.5083333253860474
0.6474999785423279
0.5566666722297668
0.512499988079071
0.7524999976158142
0.5083333253860474
0.49166667461395264
0.7183333039283752
0.6924999952316284
0.5508333444595337
0.5091666579246521
0.5083333253860474
0.5083333253860474
0.5091666579246521
0.5774999856948853
0.5083333253860474
0.6808333396911621
0.5983333587646484
0.51583331823349
0.5083333253860474
0.5208333134651184
0.5083333253860474
0.7633333206176758
0.49166667461395264
0.5299999713897705
0.5083333253860474
0.5099999904632568
0.6991666555404663
0.5149999856948853

training history loss
0.7240844964981079
0.5187073945999146
0.44897007942199707
0.41395869851112366
0.36766836047172546
0.34793075919151306
0.299833208322525
0.25176647305488586
0.21277834475040436
0.15876775979995728
0.11848066747188568
0.09261655807495117
0.0623086616396904
0.06945118308067322
0.07901952415704727
0.03995595499873161
0.023099316284060478
0.020959772169589996
0.06733081489801407
0.04567991569638252
0.025086721405386925
0.015514072962105274
0.01750573329627514
0.017793992534279823
0.054629549384117126
0.049452900886535645
0.020184051245450974
0.04422637075185776
0.016793007031083107
0.012205353938043118
0.008914831094443798
0.00981406681239605
0.02733791433274746
0.024774540215730667
0.021316735073924065
0.021641064435243607
0.02106880210340023
0.027108093723654747
0.03906775638461113
0.014591984450817108
0.012644033879041672

training history val loss
1.4989345073699951
5.644187927246094
9.422924995422363
10.715435028076172
10.687520027160645
14.168675422668457
7.62502908706665
10.890901565551758
11.74503231048584
2.4998557567596436
0.776961088180542
5.631722927093506
14.810355186462402
1.4654114246368408
2.0877182483673096
3.751816511154175
0.9777224659919739
8.719191551208496
8.694687843322754
1.2302809953689575
1.418817162513733
1.421509861946106
7.066710472106934
13.3748779296875
13.224842071533203
8.35538387298584
3.948582649230957
13.225680351257324
1.8584203720092773
3.533660411834717
5.4915924072265625
11.254684448242188
6.693241596221924
15.14065933227539
0.8391222953796387
9.74120807647705
4.0633673667907715
16.971956253051758
5.185556411743164
1.2700231075286865
5.3568243980407715