test data loss : 0.9152953624725342
test data accyracy : 0.7699999809265137

training history accuracy
0.6120833158493042
0.7718750238418579
0.8039583563804626
0.82833331823349
0.8387500047683716
0.8652083277702332
0.8756250143051147
0.9118750095367432
0.9397916793823242
0.9466666579246521
0.9593750238418579
0.9708333611488342
0.981041669845581
0.9785416722297668
0.9785416722297668
0.9829166531562805
0.9752083420753479
0.9856250286102295
0.9908333420753479
0.9943749904632568
0.9941666722297668
0.9893749952316284
0.9887499809265137
0.9800000190734863
0.987291693687439
0.9933333396911621
0.9962499737739563
0.9954166412353516
0.996874988079071
0.997083306312561
0.9868749976158142
0.981458306312561
0.9931250214576721
0.9945833086967468
0.9958333373069763
0.9962499737739563
0.9922916889190674
0.9837499856948853
0.9937499761581421
0.9900000095367432
0.9862499833106995
0.9981250166893005
0.9987499713897705
0.9987499713897705
0.9977083206176758
0.9977083206176758
0.9914583563804626
0.9897916913032532
0.9952083230018616
0.9964583516120911
0.9900000095367432
0.9904166460037231
0.9983333349227905
0.9960416555404663
0.9904166460037231
0.9954166412353516
0.9975000023841858
0.9983333349227905
0.9958333373069763
0.9900000095367432
0.9916666746139526
0.9922916889190674
0.9962499737739563
0.9981250166893005
0.9975000023841858
0.9947916865348816
0.9947916865348816
0.9954166412353516
0.9952083230018616
0.996666669845581
0.9977083206176758
0.9939583539962769

training history val accuracy
0.5083333253860474
0.5083333253860474
0.5083333253860474
0.5083333253860474
0.5083333253860474
0.5083333253860474
0.5083333253860474
0.5083333253860474
0.5083333253860474
0.5083333253860474
0.5133333206176758
0.5083333253860474
0.5525000095367432
0.5083333253860474
0.5733333230018616
0.5083333253860474
0.534166693687439
0.5308333039283752
0.5083333253860474
0.5441666841506958
0.5
0.5099999904632568
0.5083333253860474
0.5083333253860474
0.5083333253860474
0.7691666483879089
0.699999988079071
0.51583331823349
0.6675000190734863
0.5425000190734863
0.5425000190734863
0.5083333253860474
0.5083333253860474
0.5133333206176758
0.5083333253860474
0.5116666555404663
0.7508333325386047
0.5133333206176758
0.534166693687439
0.512499988079071
0.5674999952316284
0.778333306312561
0.6433333158493042
0.7275000214576721
0.5375000238418579
0.5983333587646484
0.6141666769981384
0.5083333253860474
0.5375000238418579
0.596666693687439
0.7149999737739563
0.5083333253860474
0.7333333492279053
0.5091666579246521
0.5083333253860474
0.5516666769981384
0.5083333253860474
0.5099999904632568
0.6324999928474426
0.5083333253860474
0.4958333373069763
0.6891666650772095
0.7308333516120911
0.4975000023841858
0.5233333110809326
0.5083333253860474
0.5083333253860474
0.5083333253860474
0.5149999856948853
0.5083333253860474
0.7508333325386047
0.5099999904632568

training history loss
0.687863290309906
0.474666953086853
0.4198961555957794
0.3853379189968109
0.36544039845466614
0.3191836476325989
0.2882254421710968
0.2218490093946457
0.15808726847171783
0.1321876049041748
0.1074545681476593
0.07698646932840347
0.05087307095527649
0.06166325882077217
0.05725937709212303
0.04408583417534828
0.06708495318889618
0.04318922385573387
0.023696621879935265
0.017808398231863976
0.020680690184235573
0.024271667003631592
0.0347694456577301
0.05311938375234604
0.03518621623516083
0.02026108279824257
0.013429279439151287
0.013387918472290039
0.01137589942663908
0.012310272082686424
0.03915538638830185
0.05288852006196976
0.022609375417232513
0.01382509246468544
0.012194637209177017
0.009813638404011726
0.021156175062060356
0.04134027659893036
0.014322037808597088
0.02328699454665184
0.03684675693511963
0.0095018045976758
0.004753694403916597
0.004282795824110508
0.006450675893574953
0.008115819655358791
0.026392288506031036
0.0270276740193367
0.013161927461624146
0.01060638576745987
0.02626154012978077
0.026483837515115738
0.007201743312180042
0.011159065179526806
0.027855239808559418
0.01199171133339405
0.0075223264284431934
0.0055080302990973
0.010651670396327972
0.02917405217885971
0.02322796918451786
0.024815481156110764
0.01088237389922142
0.006885689217597246
0.0058982823975384235
0.0135865593329072
0.015180444344878197
0.012250295840203762
0.012353016994893551
0.008292428217828274
0.005370317958295345
0.015450377017259598

training history val loss
2.2377474308013916
6.778115272521973
6.6582818031311035
6.9206647872924805
4.393438339233398
9.877341270446777
2.886232376098633
8.7579984664917
9.463492393493652
5.799123764038086
2.2270970344543457
12.231073379516602
2.7524309158325195
13.890924453735352
2.2224225997924805
6.058935642242432
3.27233624458313
2.8642923831939697
8.17098617553711
3.661374092102051
3.433457374572754
6.39732551574707
9.290541648864746
10.533438682556152
8.605965614318848
0.9306430220603943
1.227579951286316
5.783929347991943
1.5708210468292236
4.821569919586182
3.819490671157837
7.943208694458008
10.718842506408691
3.7537403106689453
8.776464462280273
3.389216423034668
0.8579463958740234
7.488119125366211
3.958552360534668
5.862320899963379
2.697866439819336
0.8036349415779114
2.2076759338378906
1.453902006149292
5.325337886810303
2.7794060707092285
1.8369359970092773
13.344283103942871
4.898647785186768
2.8394124507904053
1.5719459056854248
8.878060340881348
1.3757410049438477
6.454511642456055
12.559040069580078
4.863184928894043
12.164623260498047
9.684396743774414
2.8353962898254395
12.622342109680176
6.284962177276611
1.908143162727356
1.3672499656677246
6.729991436004639
4.407469749450684
11.232735633850098
15.136971473693848
17.064403533935547
5.8351287841796875
8.902228355407715
1.4149166345596313
5.169920444488525