test data loss : 0.8337143659591675
test data accyracy : 0.7149999737739563

training history accuracy
0.5512499809265137
0.7229166626930237
0.7797916531562805
0.8118749856948853
0.8264583349227905
0.8387500047683716
0.8700000047683716
0.8837500214576721
0.9035416841506958
0.9270833134651184
0.9362499713897705
0.9556249976158142
0.9664583206176758
0.9747916460037231
0.9708333611488342
0.9708333611488342
0.9808333516120911
0.9862499833106995
0.987291693687439
0.9885416626930237
0.9908333420753479
0.9910416603088379
0.987500011920929
0.981458306312561
0.9866666793823242
0.9941666722297668
0.996874988079071
0.9837499856948853
0.9864583611488342
0.987708330154419
0.9950000047683716
0.9902083277702332
0.9887499809265137
0.9929166436195374
0.9945833086967468
0.9952083230018616
0.9929166436195374
0.9858333468437195
0.9920833110809326
0.996874988079071
0.9989583492279053
0.9977083206176758
0.9952083230018616
0.9947916865348816
0.9945833086967468
0.996874988079071
0.9931250214576721
0.9895833134651184
0.9922916889190674
0.9945833086967468
0.996666669845581
0.9975000023841858
0.997083306312561
0.9941666722297668
0.9918749928474426
0.9947916865348816
0.987708330154419
0.9939583539962769
0.9987499713897705
0.996874988079071
0.9956250190734863
0.9902083277702332
0.9868749976158142
0.9954166412353516

training history val accuracy
0.5083333253860474
0.5083333253860474
0.5083333253860474
0.5083333253860474
0.5083333253860474
0.5083333253860474
0.5083333253860474
0.5083333253860474
0.6341666579246521
0.5083333253860474
0.5416666865348816
0.5083333253860474
0.5083333253860474
0.5458333492279053
0.5408333539962769
0.49166667461395264
0.6141666769981384
0.559166669845581
0.5083333253860474
0.5083333253860474
0.4933333396911621
0.5116666555404663
0.49166667461395264
0.5091666579246521
0.7225000262260437
0.49166667461395264
0.7233333587646484
0.5099999904632568
0.5083333253860474
0.5083333253860474
0.5116666555404663
0.5083333253860474
0.5108333230018616
0.7074999809265137
0.7024999856948853
0.5249999761581421
0.5091666579246521
0.5083333253860474
0.6641666889190674
0.512499988079071
0.7599999904632568
0.5699999928474426
0.7558333277702332
0.5674999952316284
0.5083333253860474
0.637499988079071
0.5083333253860474
0.628333330154419
0.6175000071525574
0.5208333134651184
0.5116666555404663
0.675000011920929
0.6650000214576721
0.5491666793823242
0.5408333539962769
0.5099999904632568
0.5491666793823242
0.5083333253860474
0.7674999833106995
0.6808333396911621
0.5083333253860474
0.4925000071525574
0.6875
0.5083333253860474

training history loss
0.789650022983551
0.5543249249458313
0.46781930327415466
0.4218648672103882
0.39095866680145264
0.3684214651584625
0.3154444694519043
0.2849465012550354
0.24570076167583466
0.18405959010124207
0.1583767533302307
0.11238215118646622
0.0909138098359108
0.06547429412603378
0.07600205391645432
0.07277417182922363
0.05062691122293472
0.03748327121138573
0.034607574343681335
0.033625971525907516
0.02622559480369091
0.026664981618523598
0.0337376706302166
0.05026482418179512
0.03772202506661415
0.017564885318279266
0.01231573149561882
0.04066045954823494
0.037350479513406754
0.029773559421300888
0.016007833182811737
0.02362649329006672
0.027856597676873207
0.020088298246264458
0.013755125924944878
0.012890947982668877
0.01781054586172104
0.037459857761859894
0.023789549246430397
0.010908732190728188
0.004953262396156788
0.0094844875857234
0.014004603959619999
0.015456615947186947
0.01565319299697876
0.009042748250067234
0.023009251803159714
0.026987988501787186
0.02185848355293274
0.018078096210956573
0.008591600693762302
0.008736365474760532
0.00818144902586937
0.016835777088999748
0.023199763149023056
0.015421748161315918
0.03171292692422867
0.017918957397341728
0.00439049769192934
0.007007803302258253
0.012162216007709503
0.025719240307807922
0.036065421998500824
0.012118413113057613

training history val loss
2.645493984222412
10.500381469726562
9.224340438842773
11.264215469360352
13.354297637939453
12.219058990478516
12.28007698059082
13.655333518981934
1.124234676361084
13.71768569946289
0.9926415085792542
5.66351842880249
6.667767524719238
2.0524768829345703
1.965083360671997
3.575749158859253
1.6245630979537964
3.2923240661621094
10.89842414855957
8.583011627197266
4.526655197143555
5.189040184020996
9.179965019226074
13.116037368774414
1.1289478540420532
7.8244948387146
1.3321901559829712
6.89823579788208
12.548966407775879
8.85591983795166
6.8059868812561035
22.935945510864258
5.283401012420654
0.8654088377952576
1.7588622570037842
5.271864414215088
10.308126449584961
9.77354621887207
1.7876195907592773
9.524311065673828
1.0897338390350342
4.02577018737793
1.3403071165084839
2.935734987258911
22.831411361694336
1.4388571977615356
7.727816581726074
2.2556533813476562
3.171776533126831
5.877641201019287
8.782625198364258
1.8452785015106201
2.040287733078003
2.1867728233337402
6.5803070068359375
9.729290008544922
3.917790174484253
11.834863662719727
1.1037648916244507
1.8590208292007446
14.717519760131836
7.542273044586182
2.0086936950683594
12.043121337890625