test data loss : 0.789329469203949
test data accyracy : 0.781000018119812

training history accuracy
0.5662500262260437
0.7727083563804626
0.8075000047683716
0.82833331823349
0.8535416722297668
0.856458306312561
0.8866666555404663
0.9049999713897705
0.9312499761581421
0.9558333158493042
0.9641666412353516
0.9695833325386047
0.9762499928474426
0.9741666913032532
0.96854168176651
0.9879166483879089
0.9902083277702332
0.98458331823349
0.9862499833106995
0.9775000214576721
0.98416668176651
0.9895833134651184
0.9902083277702332
0.9902083277702332
0.987708330154419
0.9887499809265137
0.9947916865348816
0.9933333396911621
0.9893749952316284
0.9868749976158142
0.9881250262260437
0.9927083253860474
0.9956250190734863
0.9952083230018616
0.996666669845581
0.9977083206176758
0.9908333420753479
0.9925000071525574
0.9881250262260437
0.9943749904632568
0.9935416579246521
0.9912499785423279
0.9887499809265137
0.9956250190734863

training history val accuracy
0.5083333253860474
0.5083333253860474
0.5083333253860474
0.5083333253860474
0.5083333253860474
0.5083333253860474
0.5083333253860474
0.5083333253860474
0.5083333253860474
0.5083333253860474
0.5091666579246521
0.5108333230018616
0.49166667461395264
0.7716666460037231
0.49166667461395264
0.5649999976158142
0.49416667222976685
0.49166667461395264
0.6441666483879089
0.5099999904632568
0.7875000238418579
0.5083333253860474
0.51583331823349
0.4975000023841858
0.5141666531562805
0.512499988079071
0.6924999952316284
0.5083333253860474
0.565833330154419
0.7483333349227905
0.5216666460037231
0.659166693687439
0.6791666746139526
0.5116666555404663
0.5133333206176758
0.762499988079071
0.6141666769981384
0.5083333253860474
0.5274999737739563
0.6916666626930237
0.5483333468437195
0.5083333253860474
0.753333330154419
0.6041666865348816

training history loss
0.7934973239898682
0.49586284160614014
0.42753514647483826
0.3866700530052185
0.3449895679950714
0.3273821473121643
0.2708893120288849
0.22474068403244019
0.17534221708774567
0.11887527257204056
0.09382180124521255
0.0794588029384613
0.06367551535367966
0.06605932116508484
0.08219156414270401
0.038007527589797974
0.02851179800927639
0.03575243428349495
0.03975494205951691
0.0550711452960968
0.03658793121576309
0.03174224868416786
0.02632279507815838
0.028004691004753113
0.032900843769311905
0.030730310827493668
0.014846604317426682
0.017713256180286407
0.027752358466386795
0.036270756274461746
0.032500144094228745
0.02231685072183609
0.01056914497166872
0.011228159070014954
0.011738200671970844
0.00791681744158268
0.024518873542547226
0.023034121841192245
0.03186479210853577
0.017158325761556625
0.01687963865697384
0.021716751158237457
0.02515866607427597
0.012927966192364693

training history val loss
3.518354892730713
7.705079078674316
8.856661796569824
7.762209415435791
5.575799942016602
5.299386501312256
10.435017585754395
11.802145004272461
3.8619332313537598
20.4401912689209
5.074494361877441
4.21085262298584
5.001796245574951
0.7805900573730469
11.8199462890625
3.3343873023986816
3.4966471195220947
6.33593225479126
1.9490020275115967
6.138143539428711
0.7890240550041199
7.1487345695495605
4.922574043273926
3.617429256439209
6.8889241218566895
4.939284801483154
1.5453664064407349
10.48297119140625
3.4411377906799316
0.9789670705795288
5.858107566833496
1.8679667711257935
1.218907117843628
5.626229286193848
7.1712164878845215
0.8712708353996277
2.3967695236206055
10.899656295776367
4.955406665802002
1.4916619062423706
4.783448696136475
11.670439720153809
1.1594616174697876
2.802138090133667