test data loss : 0.5774631500244141
test data accyracy : 0.8059999942779541

training history accuracy
0.5760416388511658
0.7168750166893005
0.793541669845581
0.8210416436195374
0.8258333206176758
0.8485416769981384
0.8760416507720947
0.8887500166893005
0.9122916460037231
0.9383333325386047
0.9447916746139526
0.9641666412353516
0.9704166650772095
0.9708333611488342
0.9787499904632568
0.9889583587646484
0.9816666841506958
0.9783333539962769
0.9831249713897705
0.9862499833106995
0.9916666746139526
0.9910416603088379
0.9879166483879089
0.9868749976158142
0.9897916913032532
0.9862499833106995
0.9922916889190674
0.9904166460037231
0.9931250214576721
0.987708330154419
0.9918749928474426
0.9914583563804626
0.9945833086967468
0.9935416579246521
0.987708330154419
0.9925000071525574
0.9935416579246521
0.9862499833106995
0.9920833110809326
0.9947916865348816
0.9954166412353516
0.9964583516120911
0.9985416531562805
0.9991666674613953
0.9987499713897705
0.9956250190734863
0.9856250286102295
0.987708330154419
0.9937499761581421
0.9979166388511658

training history val accuracy
0.5083333253860474
0.5083333253860474
0.5083333253860474
0.5083333253860474
0.5083333253860474
0.5083333253860474
0.5083333253860474
0.5083333253860474
0.5333333611488342
0.5558333396911621
0.503333330154419
0.5674999952316284
0.4933333396911621
0.7083333134651184
0.5316666960716248
0.5083333253860474
0.5083333253860474
0.5083333253860474
0.7708333134651184
0.7991666793823242
0.7541666626930237
0.4958333373069763
0.49166667461395264
0.5099999904632568
0.574999988079071
0.5116666555404663
0.7258333563804626
0.5083333253860474
0.6383333206176758
0.5375000238418579
0.5183333158493042
0.5241666436195374
0.512499988079071
0.7383333444595337
0.5083333253860474
0.6016666889190674
0.49666666984558105
0.5083333253860474
0.6683333516120911
0.49166667461395264
0.7674999833106995
0.51583331823349
0.6366666555404663
0.7149999737739563
0.5108333230018616
0.6899999976158142
0.5091666579246521
0.5083333253860474
0.6600000262260437
0.5766666531562805

training history loss
0.7141439318656921
0.5499227046966553
0.446503609418869
0.39777886867523193
0.39327725768089294
0.349491685628891
0.29394814372062683
0.26540708541870117
0.2166595757007599
0.15736202895641327
0.1395905762910843
0.09821531176567078
0.08769331872463226
0.07102294266223907
0.05955430492758751
0.03351110965013504
0.05062355846166611
0.05416635051369667
0.04701540619134903
0.037608806043863297
0.023093562573194504
0.0236832145601511
0.030398264527320862
0.037986159324645996
0.027432585135102272
0.03675040230154991
0.02128874696791172
0.026174908503890038
0.0199118722230196
0.03329144045710564
0.022875336930155754
0.022748621180653572
0.016217617318034172
0.01642596535384655
0.03252362087368965
0.023729585111141205
0.019395461305975914
0.03519611060619354
0.0242575965821743
0.014546944759786129
0.012311510741710663
0.011538258753716946
0.004392978269606829
0.0032261169981211424
0.00507399532943964
0.011020328849554062
0.043174777179956436
0.03517386317253113
0.017710812389850616
0.007166499271988869

training history val loss
0.9699331521987915
4.191904544830322
10.02310562133789
9.993124008178711
10.523262977600098
10.86629581451416
12.823800086975098
11.259411811828613
1.4009076356887817
2.142922878265381
3.1188151836395264
2.00557279586792
5.76632022857666
0.8103883862495422
4.851879119873047
14.11108112335205
8.070917129516602
8.07093620300293
0.7973633408546448
0.5864822864532471
1.0060462951660156
4.333232879638672
5.327075481414795
6.143466472625732
2.5040090084075928
7.726868629455566
0.9839146733283997
14.749407768249512
2.0590031147003174
2.2224280834198
4.7599945068359375
5.679200172424316
6.031601428985596
0.9378730058670044
13.578276634216309
3.066579580307007
5.218334674835205
13.035536766052246
1.84600031375885
10.821749687194824
0.9830902218818665
4.202115058898926
2.236901044845581
1.4733375310897827
6.3978190422058105
1.7699631452560425
5.583109378814697
13.28873348236084
1.9088040590286255
2.6334831714630127