test data loss : 0.790168046951294
test data accyracy : 0.652999997138977

training history accuracy
0.5829166769981384
0.7510416507720947
0.7995833158493042
0.8241666555404663
0.8424999713897705
0.8660416603088379
0.8852083086967468
0.9087499976158142
0.9362499713897705
0.9512500166893005
0.9545833468437195
0.9750000238418579
0.9666666388511658
0.9764583110809326
0.9856250286102295
0.987708330154419
0.9870833158493042
0.9916666746139526
0.9866666793823242
0.987291693687439
0.981458306312561
0.9802083373069763
0.9947916865348816
0.9972916841506958
0.9962499737739563
0.996874988079071
0.987708330154419
0.9808333516120911
0.9908333420753479
0.9931250214576721
0.9937499761581421
0.9906250238418579
0.98458331823349
0.9906250238418579
0.996666669845581
0.9937499761581421
0.9964583516120911
0.9858333468437195
0.9910416603088379
0.9958333373069763
0.9943749904632568

training history val accuracy
0.5083333253860474
0.5083333253860474
0.5083333253860474
0.5083333253860474
0.5083333253860474
0.5083333253860474
0.5083333253860474
0.5083333253860474
0.5083333253860474
0.5091666579246521
0.612500011920929
0.6441666483879089
0.54666668176651
0.5083333253860474
0.49166667461395264
0.5358333587646484
0.6458333134651184
0.5183333158493042
0.5091666579246521
0.7475000023841858
0.5216666460037231
0.5083333253860474
0.7541666626930237
0.6924999952316284
0.49166667461395264
0.5083333253860474
0.49916666746139526
0.5099999904632568
0.5791666507720947
0.5516666769981384
0.5183333158493042
0.5083333253860474
0.6441666483879089
0.5333333611488342
0.7066666483879089
0.7674999833106995
0.574999988079071
0.5083333253860474
0.534166693687439
0.6066666841506958
0.7766666412353516

training history loss
0.7249917387962341
0.5158091187477112
0.4404679834842682
0.39721179008483887
0.35392555594444275
0.31586167216300964
0.2784261703491211
0.22275589406490326
0.16637727618217468
0.13491250574588776
0.1175251230597496
0.07335205376148224
0.08495211601257324
0.06746352463960648
0.040185894817113876
0.03813821077346802
0.03500435873866081
0.026381663978099823
0.03454693779349327
0.034585047513246536
0.04795621708035469
0.05312107503414154
0.01924743503332138
0.01134797278791666
0.010593347251415253
0.011626921594142914
0.03935132175683975
0.049492597579956055
0.02807972952723503
0.019772844389081
0.017603566870093346
0.026179080829024315
0.043769676238298416
0.02216634340584278
0.013177784159779549
0.015819085761904716
0.011648543179035187
0.038117777556180954
0.025425147265195847
0.012441855855286121
0.015810033306479454

training history val loss
1.2645732164382935
5.315422534942627
7.193065643310547
9.724187850952148
10.352898597717285
14.313154220581055
14.384878158569336
15.683674812316895
3.8133695125579834
5.912050724029541
0.8423702120780945
1.195938229560852
3.6141679286956787
8.26044750213623
7.579568862915039
2.715791940689087
1.673155426979065
3.3467094898223877
6.179356098175049
1.024552583694458
3.365151882171631
7.8429856300354
0.9694811105728149
1.146494746208191
7.219487190246582
7.5781097412109375
4.065107822418213
4.855098247528076
2.8819336891174316
4.746532440185547
2.717655658721924
8.524322509765625
1.5108896493911743
3.984928846359253
1.0114285945892334
0.9400601387023926
2.273871898651123
14.252976417541504
4.471930027008057
2.5778634548187256
1.002426028251648