test data loss : 0.7738011479377747
test data accyracy : 0.6980000138282776

training history accuracy
0.5772916674613953
0.7383333444595337
0.7883333563804626
0.8160416483879089
0.8370833396911621
0.8493750095367432
0.8675000071525574
0.8895833492279053
0.9168750047683716
0.9437500238418579
0.9468749761581421
0.9662500023841858
0.9704166650772095
0.9764583110809326
0.9804166555404663
0.9885416626930237
0.9864583611488342
0.9858333468437195
0.9800000190734863
0.9833333492279053
0.9927083253860474
0.9864583611488342
0.9929166436195374
0.9925000071525574
0.9920833110809326
0.9914583563804626
0.9933333396911621
0.996666669845581
0.9895833134651184
0.9795833230018616
0.9825000166893005
0.9925000071525574
0.9947916865348816
0.9933333396911621
0.9879166483879089
0.9943749904632568
0.9981250166893005
0.9987499713897705
0.9931250214576721
0.9943749904632568
0.9929166436195374
0.9902083277702332

training history val accuracy
0.5083333253860474
0.5083333253860474
0.5083333253860474
0.5083333253860474
0.5083333253860474
0.5083333253860474
0.5083333253860474
0.5108333230018616
0.5083333253860474
0.5483333468437195
0.5083333253860474
0.7333333492279053
0.5083333253860474
0.6700000166893005
0.6666666865348816
0.5108333230018616
0.5083333253860474
0.5083333253860474
0.4933333396911621
0.5083333253860474
0.5249999761581421
0.5083333253860474
0.6924999952316284
0.6675000190734863
0.5083333253860474
0.7691666483879089
0.512499988079071
0.5199999809265137
0.49166667461395264
0.534166693687439
0.49166667461395264
0.5649999976158142
0.7183333039283752
0.5533333420753479
0.5133333206176758
0.6725000143051147
0.7616666555404663
0.7683333158493042
0.49166667461395264
0.5099999904632568
0.7250000238418579
0.6625000238418579

training history loss
0.7327748537063599
0.531549870967865
0.45817363262176514
0.4017435312271118
0.37156033515930176
0.341335654258728
0.3093481659889221
0.26785606145858765
0.20748715102672577
0.14632946252822876
0.13318178057670593
0.08962222188711166
0.08218583464622498
0.0681518092751503
0.05498996004462242
0.03746330365538597
0.037099689245224
0.0386454313993454
0.04841236770153046
0.04969277232885361
0.024869730696082115
0.03583226352930069
0.01930529810488224
0.02218145690858364
0.022487439215183258
0.02400982938706875
0.024041321128606796
0.012004643678665161
0.02736249938607216
0.05528095364570618
0.045853689312934875
0.020957037806510925
0.01591111160814762
0.01691374182701111
0.03398670628666878
0.018071373924613
0.007049025036394596
0.0039266603998839855
0.020830223336815834
0.017586173489689827
0.019445814192295074
0.028052987530827522

training history val loss
1.3387178182601929
4.006823539733887
6.8551025390625
8.642338752746582
10.119098663330078
11.118253707885742
10.275497436523438
2.7253172397613525
14.09041690826416
2.198317050933838
8.263018608093262
0.7057428956031799
10.049680709838867
1.2470256090164185
1.9998054504394531
4.956515312194824
6.5316548347473145
5.345449447631836
5.4954118728637695
10.391024589538574
3.8819189071655273
7.135052680969238
1.295359492301941
1.6434413194656372
7.711686134338379
1.0557982921600342
5.839311599731445
6.215518951416016
5.702202320098877
4.4041032791137695
14.0852689743042
3.1598472595214844
1.316434621810913
3.5004923343658447
4.1006245613098145
1.5629955530166626
0.9696604609489441
0.9961703419685364
9.380560874938965
7.542108535766602
1.35702645778656
1.561618447303772