test data loss : 0.7762407660484314
test data accyracy : 0.7689999938011169

training history accuracy
0.6485416889190674
0.7816666960716248
0.815625011920929
0.8243749737739563
0.8535416722297668
0.8816666603088379
0.9133333563804626
0.9241666793823242
0.9447916746139526
0.9670833349227905
0.9737499952316284
0.9706249833106995
0.9729166626930237
0.9833333492279053
0.984375
0.9925000071525574
0.9850000143051147
0.9777083396911621
0.9862499833106995
0.9839583039283752
0.9856250286102295
0.987500011920929
0.9912499785423279
0.9962499737739563
0.9920833110809326
0.9916666746139526
0.9860416650772095
0.9933333396911621
0.9868749976158142
0.9933333396911621
0.9954166412353516
0.9935416579246521
0.9900000095367432
0.9939583539962769
0.9891666769981384
0.9893749952316284
0.9912499785423279
0.9902083277702332
0.9920833110809326
0.9929166436195374
0.997083306312561
0.9960416555404663
0.997083306312561
0.996666669845581

training history val accuracy
0.5083333253860474
0.5083333253860474
0.5083333253860474
0.5083333253860474
0.5083333253860474
0.5083333253860474
0.5083333253860474
0.5083333253860474
0.5083333253860474
0.5099999904632568
0.6258333325386047
0.5166666507720947
0.4925000071525574
0.7483333349227905
0.5400000214576721
0.5083333253860474
0.5141666531562805
0.7049999833106995
0.49666666984558105
0.5083333253860474
0.5166666507720947
0.5525000095367432
0.7200000286102295
0.5299999713897705
0.5083333253860474
0.51583331823349
0.5083333253860474
0.6524999737739563
0.7275000214576721
0.7283333539962769
0.7283333539962769
0.737500011920929
0.5091666579246521
0.5716666579246521
0.5083333253860474
0.5108333230018616
0.6349999904632568
0.5083333253860474
0.5091666579246521
0.5233333110809326
0.7266666889190674
0.5083333253860474
0.6108333468437195
0.5083333253860474

training history loss
0.6868561506271362
0.4747304320335388
0.4143933951854706
0.39169952273368835
0.3382667005062103
0.27965912222862244
0.2179093360900879
0.18627676367759705
0.13930825889110565
0.09252502769231796
0.06898292154073715
0.07741587609052658
0.06763876974582672
0.04592663422226906
0.04105624556541443
0.022314606234431267
0.04048185050487518
0.06256166100502014
0.0378800705075264
0.04256608709692955
0.042119238525629044
0.034338682889938354
0.024102026596665382
0.012426086701452732
0.022217152640223503
0.022616436704993248
0.03667930141091347
0.02007909119129181
0.03195153549313545
0.019660739228129387
0.01252457220107317
0.017606817185878754
0.027062788605690002
0.020105673000216484
0.028572801500558853
0.026914888992905617
0.02411620132625103
0.025371698662638664
0.020084651187062263
0.02436702698469162
0.009088298305869102
0.011043380945920944
0.008206970058381557
0.01141973678022623

training history val loss
3.1880950927734375
5.946292400360107
9.688103675842285
6.234008312225342
8.649589538574219
8.023271560668945
14.754931449890137
7.851740837097168
11.76623821258545
5.7634124755859375
1.6129510402679443
2.9172818660736084
5.736321449279785
0.7905292510986328
4.050161361694336
9.372523307800293
6.135052680969238
1.1695137023925781
4.267807960510254
10.997782707214355
3.8728256225585938
3.0953598022460938
1.038509726524353
4.431069374084473
8.106405258178711
5.29713773727417
13.247727394104004
1.5816645622253418
1.26249361038208
1.2114280462265015
1.2220062017440796
1.080703854560852
9.964130401611328
2.794891834259033
13.201218605041504
7.512470722198486
1.7665408849716187
9.600327491760254
6.7665886878967285
6.1951117515563965
1.410692572593689
11.169983863830566
2.726302146911621
9.265018463134766