test data loss : 1.0278719663619995
test data accyracy : 0.7599999904632568

training history accuracy
0.6158333420753479
0.7633333206176758
0.8033333420753479
0.8204166889190674
0.8389583230018616
0.8679166436195374
0.8802083134651184
0.9131249785423279
0.9295833110809326
0.9402083158493042
0.9566666483879089
0.9647916555404663
0.9764583110809326
0.9895833134651184
0.9881250262260437
0.9775000214576721
0.9727083444595337
0.9906250238418579
0.9889583587646484
0.9806249737739563
0.9800000190734863
0.987500011920929
0.9925000071525574
0.9929166436195374
0.9935416579246521
0.9906250238418579
0.9904166460037231
0.9864583611488342
0.9929166436195374
0.9941666722297668
0.9937499761581421
0.9947916865348816
0.9937499761581421
0.9891666769981384
0.9860416650772095
0.9927083253860474
0.996874988079071
0.996874988079071
0.9954166412353516
0.9933333396911621
0.9866666793823242
0.9937499761581421
0.9979166388511658
0.9937499761581421
0.9893749952316284
0.9954166412353516
0.9920833110809326
0.9960416555404663
0.9956250190734863
0.9977083206176758
0.9939583539962769
0.9881250262260437
0.9925000071525574
0.9943749904632568
0.9929166436195374
0.9941666722297668
0.9972916841506958
0.9989583492279053
0.9985416531562805
0.9925000071525574
0.9864583611488342
0.9925000071525574
0.996666669845581
0.9920833110809326
0.9972916841506958
0.996666669845581
0.9947916865348816
0.9960416555404663
0.9983333349227905
0.9989583492279053
0.9979166388511658
0.9958333373069763
0.9927083253860474
0.9914583563804626
0.9950000047683716
0.9985416531562805
0.9958333373069763
0.9964583516120911
0.9952083230018616
0.9952083230018616
0.9947916865348816
0.9937499761581421
0.9950000047683716
0.9964583516120911
0.9979166388511658

training history val accuracy
0.5083333253860474
0.5083333253860474
0.5083333253860474
0.5083333253860474
0.5083333253860474
0.5083333253860474
0.5083333253860474
0.5083333253860474
0.5083333253860474
0.5083333253860474
0.5141666531562805
0.49166667461395264
0.49166667461395264
0.6016666889190674
0.5083333253860474
0.628333330154419
0.5083333253860474
0.5
0.5083333253860474
0.4925000071525574
0.5975000262260437
0.49166667461395264
0.49166667461395264
0.6741666793823242
0.6941666603088379
0.6266666650772095
0.5091666579246521
0.6850000023841858
0.5224999785423279
0.7183333039283752
0.7008333206176758
0.5550000071525574
0.5099999904632568
0.5116666555404663
0.5083333253860474
0.6358333230018616
0.7225000262260437
0.5208333134651184
0.5600000023841858
0.5083333253860474
0.5699999928474426
0.6616666913032532
0.5083333253860474
0.5099999904632568
0.5083333253860474
0.5133333206176758
0.6050000190734863
0.5375000238418579
0.7233333587646484
0.5008333325386047
0.49166667461395264
0.5083333253860474
0.5099999904632568
0.5083333253860474
0.7450000047683716
0.5
0.5091666579246521
0.6791666746139526
0.5083333253860474
0.5516666769981384
0.5083333253860474
0.5099999904632568
0.5291666388511658
0.5083333253860474
0.6100000143051147
0.5083333253860474
0.5083333253860474
0.5199999809265137
0.5325000286102295
0.5641666650772095
0.574999988079071
0.5083333253860474
0.5391666889190674
0.5083333253860474
0.5083333253860474
0.5083333253860474
0.5083333253860474
0.7108333110809326
0.7549999952316284
0.5350000262260437
0.5899999737739563
0.7524999976158142
0.7191666960716248
0.5083333253860474
0.574999988079071

training history loss
0.6832194328308105
0.48754996061325073
0.42602184414863586
0.39203283190727234
0.3666292726993561
0.3098725378513336
0.28217241168022156
0.2300148755311966
0.1769178956747055
0.15116339921951294
0.11555023491382599
0.08987587690353394
0.06713735312223434
0.031019674614071846
0.032514538615942
0.06239037215709686
0.07005340605974197
0.028344374150037766
0.030003096908330917
0.05198049917817116
0.049917422235012054
0.03173880651593208
0.02288121171295643
0.017750132828950882
0.01926460489630699
0.02955264411866665
0.024739302694797516
0.03877023234963417
0.023769469931721687
0.015445769764482975
0.019979417324066162
0.015532501973211765
0.018305305391550064
0.026348931714892387
0.037968263030052185
0.020683089271187782
0.01100899651646614
0.007867296226322651
0.014514605514705181
0.016760028898715973
0.03657051548361778
0.019515834748744965
0.008212204091250896
0.01649663969874382
0.026795057579874992
0.013566995039582253
0.018718767911195755
0.01409149169921875
0.014324975199997425
0.00728001119568944
0.015398391522467136
0.03427983075380325
0.021008409559726715
0.0187029168009758
0.01767495833337307
0.014968314208090305
0.009170874021947384
0.0030064864549785852
0.004023449961096048
0.021505605429410934
0.03456808626651764
0.021716581657528877
0.008837876841425896
0.018698545172810555
0.00658191554248333
0.011409577913582325
0.012865869328379631
0.012236152775585651
0.0030550004448741674
0.0028280147816985846
0.005647668614983559
0.010079744271934032
0.019438141956925392
0.025756321847438812
0.013520938344299793
0.0053393603302538395
0.011339465156197548
0.008492753840982914
0.013146216981112957
0.013063883408904076
0.014926932752132416
0.01480010524392128
0.014247528277337551
0.008946869522333145
0.00546641880646348

training history val loss
3.4592044353485107
8.262728691101074
10.9010591506958
13.081659317016602
14.21801471710205
11.460660934448242
11.246712684631348
14.334010124206543
8.372650146484375
17.15472984313965
4.233708381652832
9.448704719543457
5.836607456207275
1.7802671194076538
6.021631240844727
1.3419597148895264
8.058356285095215
4.561954498291016
17.203628540039062
5.312288284301758
1.9319478273391724
9.323197364807129
7.512338161468506
1.920983910560608
1.4028607606887817
1.7427008152008057
3.9347212314605713
1.2348682880401611
4.858150005340576
1.497144103050232
1.4706602096557617
4.001932144165039
8.095358848571777
7.027775287628174
15.747908592224121
2.1838624477386475
1.2343670129776
6.10962438583374
2.4791622161865234
8.829116821289062
3.1614034175872803
2.0771324634552
8.034429550170898
5.367621421813965
10.603050231933594
10.349908828735352
2.141620397567749
5.666330814361572
1.3760838508605957
6.52565860748291
10.718481063842773
16.191814422607422
9.759188652038574
11.863142967224121
1.0285648107528687
6.883693695068359
6.647800922393799
1.7707200050354004
10.03963851928711
3.788120985031128
26.432300567626953
7.384698867797852
7.277337074279785
7.153268337249756
3.5985302925109863
10.772491455078125
15.97734546661377
7.845849514007568
6.132057189941406
3.8107478618621826
3.6448426246643066
20.08205795288086
3.7469544410705566
9.895838737487793
14.804412841796875
13.120893478393555
10.920821189880371
1.6216048002243042
1.1448506116867065
5.598381042480469
3.407066583633423
1.431749939918518
1.2357853651046753
11.303109169006348
2.3845105171203613