training history accuracy
0.7210416793823242
0.8577083349227905
0.8768749833106995
0.8816666603088379
0.9024999737739563
0.9043750166893005
0.9129166603088379
0.9125000238418579
0.918541669845581
0.9212499856948853
0.9262499809265137
0.9306250214576721
0.9397916793823242
0.9439583420753479
0.9456250071525574
0.9485416412353516
0.9485416412353516
0.9622916579246521
0.956458330154419
0.9670833349227905
0.9706249833106995
0.9741666913032532
0.9745833277702332
0.9768750071525574
0.9775000214576721
0.9820833206176758
0.9820833206176758
0.9847916960716248
0.9839583039283752
0.9787499904632568
0.9839583039283752
0.9816666841506958
0.98416668176651
0.987500011920929
0.9889583587646484
0.9860416650772095
0.9820833206176758
0.9852083325386047
0.987500011920929
0.9883333444595337
0.9912499785423279
0.9827083349227905
0.9885416626930237
0.9889583587646484
0.9868749976158142
0.987291693687439
0.9931250214576721
0.9941666722297668
0.9941666722297668

training history val accuracy
0.5083333253860474
0.7608333230018616
0.8316666483879089
0.49166667461395264
0.653333306312561
0.49166667461395264
0.49166667461395264
0.512499988079071
0.5416666865348816
0.49166667461395264
0.5208333134651184
0.4933333396911621
0.49166667461395264
0.6766666769981384
0.5266666412353516
0.9041666388511658
0.49166667461395264
0.9083333611488342
0.9266666769981384
0.5091666579246521
0.6424999833106995
0.7649999856948853
0.5083333253860474
0.8974999785423279
0.8849999904632568
0.49416667222976685
0.5166666507720947
0.8141666650772095
0.5633333325386047
0.5199999809265137
0.49166667461395264
0.6258333325386047
0.49166667461395264
0.4925000071525574
0.4933333396911621
0.9258333444595337
0.5491666793823242
0.5600000023841858
0.846666693687439
0.6983333230018616
0.8100000023841858
0.8441666960716248
0.903333306312561
0.8958333134651184
0.5833333134651184
0.4925000071525574
0.7066666483879089
0.49166667461395264
0.5674999952316284

training history loss
0.5438671112060547
0.34209486842155457
0.3079119324684143
0.2933119833469391
0.24960002303123474
0.2503645122051239
0.225272998213768
0.23115229606628418
0.22347716987133026
0.20794180035591125
0.20607084035873413
0.19237133860588074
0.1675672084093094
0.16360612213611603
0.1508662849664688
0.13763783872127533
0.14497026801109314
0.11591121554374695
0.1238088607788086
0.09799957275390625
0.08945713192224503
0.08043443411588669
0.08162960410118103
0.06691721826791763
0.07418914884328842
0.06036703288555145
0.059061214327812195
0.05995510146021843
0.05460037291049957
0.06221604719758034
0.0583312101662159
0.0589103177189827
0.05043359845876694
0.04469671845436096
0.040326353162527084
0.04991109296679497
0.05849481001496315
0.04859595745801926
0.041341912001371384
0.044638775289058685
0.031003614887595177
0.06520558893680573
0.036620039492845535
0.040197502821683884
0.04355734959244728
0.0450667068362236
0.02816946431994438
0.025048663839697838
0.0225361455231905

training history val loss
2.160888910293579
0.4595354199409485
0.43055546283721924
13.558356285095215
0.8337222933769226
13.367040634155273
7.534616470336914
1.877811074256897
1.6513031721115112
27.032508850097656
2.639744281768799
5.45515251159668
6.166201114654541
1.3835512399673462
3.700838565826416
0.2708313465118408
19.313692092895508
0.2491128295660019
0.19167794287204742
7.83628511428833
2.6599228382110596
1.2295323610305786
13.197793006896973
0.25368645787239075
0.4048658609390259
6.801315784454346
4.867849826812744
0.5706840753555298
3.153111457824707
3.1490235328674316
20.629638671875
1.8452894687652588
24.335927963256836
12.39289379119873
10.548301696777344
0.24209360778331757
4.259146213531494
3.1808695793151855
0.38126513361930847
1.5013476610183716
0.8140456676483154
0.46435001492500305
0.2562482953071594
0.3315608501434326
3.6506686210632324
8.215152740478516
1.1977510452270508
20.221099853515625
2.432771921157837