6.620000000000000000e+02 8.200000000000000000e+02 4.400000000000000000e+01
3.680000000000000000e+02 2.200000000000000000e+02 3.600000000000000000e+01
4.840000000000000000e+02 4.440000000000000000e+02 3.800000000000000000e+01
1.640000000000000000e+02 6.760000000000000000e+02 3.600000000000000000e+01
9.180000000000000000e+02 3.460000000000000000e+02 4.000000000000000000e+01
9.580000000000000000e+02 8.020000000000000000e+02 3.600000000000000000e+01
3.720000000000000000e+02 3.600000000000000000e+01 3.100000000000000000e+01
1.002000000000000000e+03 4.120000000000000000e+02 3.800000000000000000e+01
6.540000000000000000e+02 6.000000000000000000e+00 3.600000000000000000e+01
5.600000000000000000e+01 4.260000000000000000e+02 2.600000000000000000e+01
