1.060000000000000000e+02 3.640000000000000000e+02 4.900000000000000000e+01
6.120000000000000000e+02 9.700000000000000000e+02 4.100000000000000000e+01
3.920000000000000000e+02 8.220000000000000000e+02 4.300000000000000000e+01
7.960000000000000000e+02 9.340000000000000000e+02 4.000000000000000000e+01
4.920000000000000000e+02 3.940000000000000000e+02 3.700000000000000000e+01
2.800000000000000000e+02 1.700000000000000000e+02 3.800000000000000000e+01
7.580000000000000000e+02 6.540000000000000000e+02 3.600000000000000000e+01
6.340000000000000000e+02 5.820000000000000000e+02 3.500000000000000000e+01
5.140000000000000000e+02 8.540000000000000000e+02 3.800000000000000000e+01
6.000000000000000000e+01 1.800000000000000000e+02 3.200000000000000000e+01
5.040000000000000000e+02 9.380000000000000000e+02 4.400000000000000000e+01
7.400000000000000000e+01 6.240000000000000000e+02 3.300000000000000000e+01
7.420000000000000000e+02 2.240000000000000000e+02 2.700000000000000000e+01
4.200000000000000000e+01 9.960000000000000000e+02 4.200000000000000000e+01
5.500000000000000000e+02 9.140000000000000000e+02 3.600000000000000000e+01
4.640000000000000000e+02 8.980000000000000000e+02 2.900000000000000000e+01
4.400000000000000000e+02 8.460000000000000000e+02 2.900000000000000000e+01
