2.200000000000000000e+02 7.180000000000000000e+02 4.900000000000000000e+01
7.800000000000000000e+01 3.500000000000000000e+02 4.300000000000000000e+01
2.440000000000000000e+02 5.040000000000000000e+02 4.300000000000000000e+01
5.660000000000000000e+02 9.740000000000000000e+02 4.000000000000000000e+01
9.600000000000000000e+02 5.180000000000000000e+02 4.000000000000000000e+01
1.420000000000000000e+02 9.620000000000000000e+02 3.700000000000000000e+01
5.160000000000000000e+02 4.720000000000000000e+02 3.200000000000000000e+01
4.240000000000000000e+02 9.880000000000000000e+02 3.300000000000000000e+01
2.940000000000000000e+02 7.480000000000000000e+02 3.100000000000000000e+01
6.740000000000000000e+02 6.400000000000000000e+02 2.600000000000000000e+01
8.040000000000000000e+02 8.300000000000000000e+02 4.100000000000000000e+01
7.940000000000000000e+02 9.920000000000000000e+02 2.700000000000000000e+01
5.260000000000000000e+02 2.200000000000000000e+02 3.600000000000000000e+01
2.000000000000000000e+00 9.300000000000000000e+02 3.700000000000000000e+01
