8.800000000000000000e+01 4.960000000000000000e+02 4.400000000000000000e+01
9.360000000000000000e+02 2.000000000000000000e+02 4.000000000000000000e+01
2.200000000000000000e+02 1.080000000000000000e+02 3.800000000000000000e+01
8.700000000000000000e+02 7.440000000000000000e+02 4.100000000000000000e+01
6.000000000000000000e+01 3.040000000000000000e+02 3.800000000000000000e+01
6.520000000000000000e+02 4.220000000000000000e+02 4.200000000000000000e+01
7.440000000000000000e+02 3.620000000000000000e+02 3.200000000000000000e+01
5.420000000000000000e+02 2.740000000000000000e+02 4.400000000000000000e+01
6.200000000000000000e+02 2.900000000000000000e+02 4.500000000000000000e+01
2.780000000000000000e+02 3.180000000000000000e+02 3.300000000000000000e+01
4.440000000000000000e+02 6.520000000000000000e+02 3.500000000000000000e+01
8.640000000000000000e+02 1.800000000000000000e+02 4.000000000000000000e+01
1.340000000000000000e+02 3.320000000000000000e+02 4.800000000000000000e+01
2.980000000000000000e+02 1.560000000000000000e+02 2.500000000000000000e+01
9.900000000000000000e+02 4.040000000000000000e+02 2.500000000000000000e+01
7.920000000000000000e+02 1.022000000000000000e+03 2.600000000000000000e+01
6.540000000000000000e+02 3.360000000000000000e+02 3.900000000000000000e+01
6.960000000000000000e+02 3.920000000000000000e+02 1.500000000000000000e+01
