7.720000000000000000e+02 4.220000000000000000e+02 5.000000000000000000e+01
3.200000000000000000e+02 8.880000000000000000e+02 4.300000000000000000e+01
1.680000000000000000e+02 7.820000000000000000e+02 4.200000000000000000e+01
5.960000000000000000e+02 4.720000000000000000e+02 3.600000000000000000e+01
2.460000000000000000e+02 2.540000000000000000e+02 4.100000000000000000e+01
6.640000000000000000e+02 3.620000000000000000e+02 3.800000000000000000e+01
6.160000000000000000e+02 7.920000000000000000e+02 3.600000000000000000e+01
7.460000000000000000e+02 6.260000000000000000e+02 4.000000000000000000e+01
8.560000000000000000e+02 9.680000000000000000e+02 3.700000000000000000e+01
7.140000000000000000e+02 1.120000000000000000e+02 4.900000000000000000e+01
7.900000000000000000e+02 7.920000000000000000e+02 3.700000000000000000e+01
8.700000000000000000e+02 6.080000000000000000e+02 3.200000000000000000e+01
5.260000000000000000e+02 2.480000000000000000e+02 4.600000000000000000e+01
3.780000000000000000e+02 6.220000000000000000e+02 3.100000000000000000e+01
1.240000000000000000e+02 9.520000000000000000e+02 3.900000000000000000e+01
7.120000000000000000e+02 7.300000000000000000e+02 4.500000000000000000e+01
6.000000000000000000e+00 6.220000000000000000e+02 3.800000000000000000e+01
1.660000000000000000e+02 9.920000000000000000e+02 2.700000000000000000e+01
6.660000000000000000e+02 7.000000000000000000e+02 7.000000000000000000e+01
6.220000000000000000e+02 4.220000000000000000e+02 3.100000000000000000e+01
