6.640000000000000000e+02 3.740000000000000000e+02 4.600000000000000000e+01
9.560000000000000000e+02 8.580000000000000000e+02 4.600000000000000000e+01
5.260000000000000000e+02 3.800000000000000000e+02 4.300000000000000000e+01
6.300000000000000000e+02 2.920000000000000000e+02 4.600000000000000000e+01
8.800000000000000000e+02 3.860000000000000000e+02 4.100000000000000000e+01
7.600000000000000000e+01 4.280000000000000000e+02 4.600000000000000000e+01
8.380000000000000000e+02 5.780000000000000000e+02 4.700000000000000000e+01
9.840000000000000000e+02 6.640000000000000000e+02 3.600000000000000000e+01
7.100000000000000000e+02 4.980000000000000000e+02 3.600000000000000000e+01
8.940000000000000000e+02 1.520000000000000000e+02 3.300000000000000000e+01
7.860000000000000000e+02 7.500000000000000000e+02 3.600000000000000000e+01
6.580000000000000000e+02 6.080000000000000000e+02 4.500000000000000000e+01
2.480000000000000000e+02 7.280000000000000000e+02 3.200000000000000000e+01
2.580000000000000000e+02 9.180000000000000000e+02 4.600000000000000000e+01
6.580000000000000000e+02 1.860000000000000000e+02 3.100000000000000000e+01
7.600000000000000000e+02 2.640000000000000000e+02 4.200000000000000000e+01
6.080000000000000000e+02 2.300000000000000000e+02 3.600000000000000000e+01
1.520000000000000000e+02 8.540000000000000000e+02 4.000000000000000000e+01
3.040000000000000000e+02 9.920000000000000000e+02 3.100000000000000000e+01
1.800000000000000000e+02 5.020000000000000000e+02 2.500000000000000000e+01
6.360000000000000000e+02 4.460000000000000000e+02 3.200000000000000000e+01
4.060000000000000000e+02 1.460000000000000000e+02 4.300000000000000000e+01
6.900000000000000000e+02 3.160000000000000000e+02 8.300000000000000000e+01
5.620000000000000000e+02 2.620000000000000000e+02 9.200000000000000000e+01
1.016000000000000000e+03 3.580000000000000000e+02 4.000000000000000000e+01
6.520000000000000000e+02 7.000000000000000000e+01 3.100000000000000000e+01
8.580000000000000000e+02 1.012000000000000000e+03 3.200000000000000000e+01
5.820000000000000000e+02 4.040000000000000000e+02 7.600000000000000000e+01
6.260000000000000000e+02 5.660000000000000000e+02 3.200000000000000000e+01
6.820000000000000000e+02 2.440000000000000000e+02 4.400000000000000000e+01
5.940000000000000000e+02 3.500000000000000000e+02 4.900000000000000000e+01
2.000000000000000000e+02 8.220000000000000000e+02 7.000000000000000000e+01
6.580000000000000000e+02 5.200000000000000000e+02 3.000000000000000000e+01
7.020000000000000000e+02 5.560000000000000000e+02 2.400000000000000000e+01
6.060000000000000000e+02 1.800000000000000000e+02 2.800000000000000000e+01
