1.000262810832010851e+00
9.994154333086839870e-01
9.976280558214519756e-01
9.941568367248537763e-01
9.897832789262251962e-01
9.838213076723352213e-01
9.771568980018341399e-01
9.692686888129975475e-01
9.612754114592881871e-01
9.529594269420005315e-01
9.457911876500463277e-01
9.399212365111152545e-01
9.371140909429634958e-01
9.376531540875938653e-01
9.431179127970805709e-01
9.532105292561477983e-01
9.684503495876838342e-01
9.871093601568863285e-01
1.008069795679371161e+00
1.028074189268182170e+00
1.044895788508440226e+00
1.054873544041947664e+00
1.056359132937393142e+00
1.047382472739718740e+00
1.029255294394396447e+00
1.004075630348348680e+00
9.779095386573141147e-01
9.570336687925782293e-01
9.490425281264912583e-01
9.568149526847441466e-01
9.791510000123061497e-01
1.007808992767362799e+00
1.033195074968753291e+00
1.045161391345016622e+00
1.039423679032628778e+00
1.016889414783755941e+00
9.874260515618600298e-01
9.643818602209844881e-01
9.610336343236185463e-01
9.789331866208808020e-01
1.008179461650483999e+00
1.030825204122230776e+00
1.034299062763871735e+00
1.015913007942645940e+00
9.881211135693908076e-01
9.697180845932302784e-01
9.751972682690108751e-01
9.989848991667888978e-01
1.022088205152647866e+00
1.025584162477749972e+00
1.008009923510601480e+00
9.844305499427864481e-01
9.772397498166607299e-01
9.919327336797998385e-01
1.013245513125748065e+00
1.019126217349804353e+00
1.005424063794962741e+00
9.871792029145295411e-01
9.852988136401880093e-01
9.998414842278523507e-01
1.012884471773955353e+00
1.008921947477272596e+00
9.952134750583798706e-01
9.892723619403380741e-01
9.980667143822874454e-01
1.007395667001581785e+00
1.005610637749575043e+00
9.966703822769932275e-01
9.945590191196334029e-01
9.999882825403588749e-01
1.003978574932770762e+00
1.001192694035797137e+00
9.983340312535431416e-01
9.985918427550379839e-01
1.000158712938920891e+00
1.000351051776536826e+00
1.001338425018482914e+00
1.000520039633570724e+00
9.979830282400529162e-01
9.981766775173992468e-01
1.003110499506120634e+00
1.002362883623389767e+00
9.961702714191682517e-01
9.971115215396145759e-01
1.005299573493798171e+00
1.002197648376998318e+00
9.936588872652331039e-01
9.990371296281890245e-01
1.007604308334926868e+00
9.981818303391546410e-01
9.927270722662470126e-01
1.004932175269130257e+00
1.005647746074320503e+00
9.917534659062008373e-01
9.989154010983488652e-01
1.008988853309854994e+00
9.958021490162743961e-01
9.934412142502364595e-01
1.009069338630211865e+00
9.998677508488429400e-01
9.912578805075052957e-01
1.007005075424375340e+00
1.003072103100044465e+00
9.903186915933611667e-01
1.005949457815863424e+00
1.003779484503700692e+00
9.908236482600634165e-01
1.005384698061793758e+00
1.003506918863287023e+00
9.910680217823341076e-01
1.006575587785501158e+00
1.001010022039866998e+00
9.928871481978106539e-01
1.007277320936718068e+00
9.980820599041508867e-01
9.955537075767502131e-01
1.007490317686106085e+00
9.944274592245782030e-01
1.000600351655146047e+00
1.004137701113246850e+00
9.940870094260311207e-01
1.004267981569938240e+00
9.994474842719518470e-01
9.969923617475758837e-01
1.004851621157066166e+00
9.955515356800358484e-01
1.002432505246587668e+00
1.000074796929393939e+00
9.980270360656732231e-01
1.002733858480179707e+00
9.976475805831744870e-01
1.001252979289887879e+00
1.000024321618980583e+00
9.989877030355949206e-01
1.001498987021443687e+00
9.985210770092470822e-01
1.001119703136834405e+00
9.993539031394300665e-01
1.000259898458746743e+00
9.999122497599908233e-01
1.000168579268305269e+00
9.995342566905139892e-01
1.000901665031484145e+00
9.986232605263450912e-01
1.001809816130467157e+00
9.978648845793204325e-01
1.002321570290512165e+00
9.976381854372453617e-01
1.002270515983784360e+00
9.979279247481455117e-01
1.001803356752845930e+00
9.985117329390187368e-01
1.001165728037686664e+00
9.991555135091791939e-01
1.000554857694104127e+00
9.997085499395975683e-01
1.000073472424140020e+00
1.000111763684835786e+00
9.997458934824564603e-01
1.000367522642408913e+00
9.995524159401388831e-01
1.000506277693127277e+00
9.994578990432659849e-01
1.000564052287308714e+00
9.994281956285535617e-01
1.000571566800407597e+00
9.994366834650113551e-01
1.000551104243371459e+00
9.994651224267872003e-01
1.000517180725515320e+00
9.995021413847131608e-01
1.000478471242257195e+00
9.995412162282973911e-01
1.000439740927673515e+00
9.995789293877361814e-01
1.000403344144606521e+00
9.996137135481629743e-01
1.000370246502833904e+00
9.996450330067598866e-01
1.000340665852990085e+00
9.996728867704964827e-01
1.000314450031493108e+00
9.996975235740830357e-01
1.000291287828860787e+00
9.997192868879638539e-01
1.000270820474000733e+00
9.997385355768444448e-01
1.000252696519938533e+00
9.997556066845819656e-01
1.000236595881200286e+00
9.997708006807509706e-01
1.000222237817931958e+00
9.997843780817410320e-01
1.000209381068374537e+00
9.997965614036876669e-01
1.000197820513113234e+00
9.998075392735640277e-01
1.000187382627396593e+00
9.998174711065448417e-01
1.000177920822944433e+00
9.998264916070273012e-01
1.000169311162975916e+00
9.998347147854743655e-01
1.000161448621724292e+00
9.998422374030364601e-01
1.000154243916903996e+00
9.998491418685120369e-01
1.000147620866289833e+00
9.998554986390731925e-01
1.000141514205940441e+00
9.998613682020793814e-01
1.000135867791670741e+00
9.998668027013910553e-01
1.000130633121863122e+00
9.998718472775965926e-01
1.000125768124201509e+00
9.998765411683339099e-01
1.000121236154167370e+00
9.998809186175080521e-01
1.000117005169135487e+00
9.998850096261340248e-01
1.000113047043321712e+00
9.998888405772741184e-01
1.000109336998781462e+00
9.998924347551089165e-01
1.000105853130046407e+00
9.998958127797467066e-01
1.000102576005410304e+00
9.998989929722327252e-01
1.000099488332454323e+00
9.999019916625808690e-01
1.000096574674950833e+00
9.999048234491791920e-01
1.000093821213400069e+00
9.999075014209304335e-01
1.000091215540025447e+00
9.999100373445859447e-01
1.000088746485361169e+00
9.999124418264492276e-01
1.000086403968864390e+00
9.999147244513311161e-01
1.000084178870192186e+00
9.999168939013953761e-01
1.000082062918917547e+00
9.999189580589822324e-01
1.000080048597437932e+00
9.999209240954374245e-01
1.000078129058120213e+00
9.999227985503417182e-01
1.000076298051459478e+00
9.999245873980474597e-01
1.000074549862173034e+00
9.999262961083970058e-01
1.000072879253701696e+00
9.999279296967499286e-01
1.000071281418614566e+00
9.999294927712124581e-01
1.000069751936971008e+00
9.999309895727913622e-01
1.000068286737743950e+00
9.999324240109197515e-01
1.000066882064936769e+00
9.999337996944535067e-01
1.000065534448211002e+00
9.999351199611863361e-01
1.000064240676338700e+00
9.999363879011105016e-01
1.000062997773558449e+00
9.999376063806132420e-01
1.000061802978684078e+00
9.999387780610146104e-01
1.000060653725815651e+00
9.999399054160877931e-01
1.000059547627434764e+00
9.999409907499079431e-01
1.000058482460087328e+00
9.999420362096095305e-01
1.000057456149485269e+00
9.999430437987296694e-01
1.000056466758976637e+00
9.999440153896133054e-01
1.000055512478313036e+00
9.999449527329058451e-01
1.000054591613080301e+00
9.999458574681899803e-01
1.000053702576834125e+00
9.999467311320587859e-01
1.000052843881298115e+00
9.999475751659205880e-01
1.000052014129051203e+00
9.999483909231227097e-01
1.000051212008026491e+00
9.999491796767230323e-01
1.000050436284370070e+00
9.999499426237757893e-01
1.000049685796352339e+00
9.999506808916072131e-01
1.000048959449438835e+00
9.999513955424337297e-01
1.000048256211706788e+00
9.999520875781831020e-01
1.000047575109780817e+00
9.999527579452568427e-01
1.000046915224174882e+00
9.999534075371001585e-01
1.000046275686236941e+00
9.999540371987672982e-01
1.000045655673866607e+00
9.999546477295305769e-01
1.000045054409474998e+00
9.999552398863071900e-01
1.000044471156359860e+00
9.999558143861402293e-01
1.000043905216171369e+00
9.999563719088963021e-01
1.000043355926792055e+00
9.999569130992305155e-01
1.000042822659708897e+00
9.999574385700483736e-01
1.000042304818614447e+00
9.999579489025510748e-01
1.000041801835939159e+00
9.999584446495994872e-01
1.000041313172955748e+00
9.999589263370729508e-01
1.000040838317372893e+00
9.999593944655603694e-01
1.000040376780345408e+00
9.999598495105149754e-01
1.000039928096903008e+00
9.999602919259652500e-01
1.000039491824720406e+00
9.999607221448404415e-01
1.000039067541261373e+00
9.999611405787323104e-01
1.000038654843297126e+00
9.999615476210712561e-01
1.000038253347154349e+00
9.999619436479623147e-01
1.000037862685726919e+00
9.999623290177576118e-01
1.000037482508436160e+00
9.999627040728122918e-01
1.000037112480521406e+00
9.999630691410377192e-01
1.000036752281979080e+00
9.999634245352524431e-01
1.000036401606058778e+00
9.999637705547372857e-01
1.000036060159732676e+00
9.999641074860637913e-01
1.000035727663064478e+00
9.999644356041506033e-01
1.000035403847042703e+00
9.999647551712927962e-01
1.000035088454601206e+00
9.999650664397885524e-01
1.000034781239605097e+00
9.999653696508299383e-01
1.000034481965401012e+00
9.999656650356578691e-01
1.000034190405348022e+00
9.999659528160619315e-01
1.000033906342182366e+00
9.999662332052813296e-01
1.000033629567562921e+00
9.999665064074217957e-01
1.000033359880750705e+00
9.999667726181729055e-01
1.000033097089696232e+00
9.999670320263787104e-01
1.000032841010394025e+00
9.999672848132524772e-01
1.000032591465271459e+00
9.999675311520819232e-01
1.000032348283801831e+00
9.999677712099469540e-01
1.000032111302300519e+00
9.999680051475022813e-01
1.000031880363460912e+00
9.999682331191278584e-01
1.000031655315676948e+00
9.999684552730756515e-01
1.000031436013145925e+00
9.999686717520661627e-01
1.000031222316291046e+00
9.999688826942283448e-01
1.000031014090172032e+00
9.999690882308968076e-01
1.000030811204910330e+00
9.999692884897225520e-01
1.000030613535905832e+00
9.999694835930965642e-01
1.000030420962992439e+00
9.999696736589682722e-01
1.000030233370195143e+00
9.999698588010158540e-01
1.000030050646616653e+00
9.999700391284849221e-01
1.000029872684553123e+00
9.999702147464692992e-01
1.000029699380556414e+00
9.999703857564379295e-01
1.000029530635135000e+00
9.999705522562114535e-01
1.000029366352580995e+00
9.999707143399040321e-01
1.000029206440407492e+00
9.999708720981953514e-01
1.000029050809577047e+00
9.999710256185859736e-01
1.000028899374490132e+00
9.999711749851615261e-01
1.000028752052651626e+00
9.999713202791330469e-01
1.000028608763924742e+00
9.999714615781635230e-01
1.000028469431865075e+00
9.999715989579833764e-01
1.000028333982634132e+00
9.999717324910221139e-01
1.000028202344971362e+00
9.999718622470402662e-01
1.000028074450392879e+00
9.999719882935060866e-01
1.000027950232996066e+00
9.999721106951493521e-01
1.000027829628625575e+00
9.999722295140709427e-01
1.000027712576418093e+00
9.999723448107156187e-01
1.000027599017540680e+00
9.999724566432754980e-01
1.000027488894973615e+00
9.999725650666706489e-01
1.000027382154151212e+00
9.999726701350541980e-01
1.000027278742722903e+00
9.999727718997973858e-01
1.000027178610076950e+00
9.999728704104676735e-01
1.000027081707461463e+00
9.999729657144457162e-01
1.000026987988056781e+00
9.999730578577281648e-01
1.000026897407189974e+00
9.999731468844119675e-01
1.000026809921950699e+00
9.999732328364585587e-01
1.000026725490718249e+00
9.999733157544558049e-01
1.000026644074028637e+00
9.999733956775096466e-01
1.000026565633549636e+00
9.999734726421553033e-01
1.000026490133065993e+00
9.999735466846672027e-01
1.000026417538003809e+00
9.999736178393089370e-01
1.000026347814867655e+00
9.999736861381942621e-01
1.000026280931576972e+00
9.999737516122882974e-01
1.000026216857595962e+00
9.999738142915793881e-01
1.000026155564138319e+00
9.999738742043527973e-01
1.000026097023763771e+00
9.999739313775035665e-01
1.000026041210102523e+00
9.999739858367311385e-01
1.000025988098339758e+00
9.999740376062350444e-01
1.000025937664675846e+00
9.999740867088798835e-01
1.000025889886625441e+00
9.999741331663695165e-01
1.000025844743436920e+00
9.999741769991703499e-01
1.000025802214926429e+00
9.999742182266705415e-01
1.000025762282636066e+00
9.999742568668259501e-01
1.000025724929011650e+00
9.999742929364804356e-01
1.000025690138190315e+00
9.999743264517608754e-01
1.000025657894579423e+00
9.999743574266297674e-01
1.000025628184354698e+00
9.999743858745496761e-01
1.000025600994679964e+00
9.999744118082385391e-01
1.000025576313762654e+00
9.999744352384892787e-01
1.000025554130957284e+00
9.999744561755239403e-01
1.000025534436903563e+00
9.999744746283981689e-01
1.000025517223016580e+00
9.999744906048774196e-01
1.000025502481724393e+00
9.999745041118487388e-01
1.000025490207052670e+00
9.999745151553189881e-01
1.000025480393726296e+00
9.999745237397600350e-01
1.000025473037245094e+00
9.999745298687601203e-01
1.000025468134544848e+00
9.999745335452049355e-01
1.000025465683830106e+00
