training history accuracy
0.7072916626930237
0.793749988079071
0.8064583539962769
0.8268749713897705
0.840833306312561
0.831458330154419
0.8456249833106995
0.8491666913032532
0.862708330154419
0.8695833086967468
0.8689583539962769
0.8741666674613953
0.8691666722297668
0.8827083110809326
0.8770833611488342
0.8993750214576721
0.8954166769981384
0.8985416889190674
0.9002083539962769
0.8985416889190674
0.9164583086967468
0.909375011920929
0.9183333516120911
0.9179166555404663
0.9237499833106995
0.9175000190734863
0.9179166555404663
0.9202083349227905
0.9329166412353516
0.9327083230018616
0.9387500286102295
0.9268749952316284
0.9316666722297668
0.9397916793823242
0.9381250143051147
0.9358333349227905
0.9339583516120911
0.9443749785423279
0.9329166412353516
0.9399999976158142
0.9447916746139526
0.9427083134651184
0.9504166841506958
0.940833330154419
0.9429166913032532

training history val accuracy
0.7458333373069763
0.7941666841506958
0.512499988079071
0.8233333230018616
0.7733333110809326
0.5258333086967468
0.8583333492279053
0.5083333253860474
0.49166667461395264
0.82833331823349
0.49166667461395264
0.5991666913032532
0.49166667461395264
0.5083333253860474
0.9233333468437195
0.9083333611488342
0.5249999761581421
0.4958333373069763
0.5116666555404663
0.7208333611488342
0.5824999809265137
0.5083333253860474
0.76583331823349
0.7024999856948853
0.4933333396911621
0.6016666889190674
0.7099999785423279
0.6499999761581421
0.6324999928474426
0.5174999833106995
0.5516666769981384
0.49166667461395264
0.5616666674613953
0.5099999904632568
0.8933333158493042
0.8733333349227905
0.7916666865348816
0.6100000143051147
0.49166667461395264
0.8708333373069763
0.76583331823349
0.534166693687439
0.5975000262260437
0.7425000071525574
0.9066666960716248

training history loss
0.5876741409301758
0.4545436501502991
0.4295574426651001
0.39691847562789917
0.38079413771629333
0.38776636123657227
0.37146562337875366
0.36441460251808167
0.33598244190216064
0.329302579164505
0.324933260679245
0.30288270115852356
0.3095242381095886
0.28188925981521606
0.29168474674224854
0.2512497305870056
0.2519112229347229
0.245597705245018
0.24308931827545166
0.23745234310626984
0.21546806395053864
0.21965138614177704
0.19607847929000854
0.20136508345603943
0.18619342148303986
0.19013206660747528
0.19316886365413666
0.19228333234786987
0.1673363447189331
0.16728606820106506
0.15213720500469208
0.16864357888698578
0.1573241800069809
0.1504105180501938
0.15335659682750702
0.15197332203388214
0.1588466316461563
0.13702204823493958
0.1561209261417389
0.14221452176570892
0.1400863528251648
0.13604547083377838
0.12295825034379959
0.13986681401729584
0.1339438110589981

training history val loss
0.5878961086273193
0.44913798570632935
1.3296089172363281
0.37199094891548157
0.5212646722793579
1.95844566822052
0.3551914095878601
4.96169900894165
6.0878376960754395
0.38777273893356323
4.893901348114014
0.7158092856407166
5.186018943786621
3.6935672760009766
0.20755979418754578
0.24298729002475739
2.3502676486968994
2.744798421859741
2.3978137969970703
0.8409429788589478
1.5644174814224243
2.5529584884643555
0.6724156141281128
0.9889241456985474
5.4997382164001465
0.980416476726532
0.7912687659263611
0.86306232213974
1.460182785987854
2.0199382305145264
1.6793291568756104
6.868059158325195
1.953678846359253
3.6348953247070312
0.28999632596969604
0.30985283851623535
0.5388666391372681
1.2508163452148438
6.6646952629089355
0.3269960284233093
0.69142085313797
2.7988553047180176
2.4891860485076904
0.6404261589050293
0.25132694840431213