test data loss : 0.6930381059646606
test data accyracy : 0.6570000052452087

training history accuracy
0.5010416507720947
0.4933333396911621
0.5020833611488342
0.49041667580604553
0.5012500286102295
0.49666666984558105
0.5020833611488342
0.49291667342185974
0.5020833611488342
0.4958333373069763
0.4935416579246521
0.5004166960716248
0.4997916519641876
0.5049999952316284
0.5037500262260437
0.49666666984558105
0.49000000953674316
0.5008333325386047
0.5016666650772095
0.49791666865348816
0.492083340883255
0.5020833611488342
0.4958333373069763
0.4833333194255829
0.5020833611488342
0.5020833611488342
0.4950000047683716
0.5020833611488342
0.5020833611488342
0.5020833611488342
0.5020833611488342
0.492083340883255
0.5020833611488342
0.49666666984558105
0.49416667222976685
0.5020833611488342
0.4891666769981384
0.5020833611488342
0.49666666984558105
0.5020833611488342
0.5020833611488342
0.49416667222976685
0.5020833611488342

training history val accuracy
0.49166667461395264
0.49166667461395264
0.49166667461395264
0.49166667461395264
0.5083333253860474
0.49166667461395264
0.49166667461395264
0.49166667461395264
0.49166667461395264
0.5083333253860474
0.49166667461395264
0.49166667461395264
0.6516666412353516
0.49166667461395264
0.5083333253860474
0.49166667461395264
0.49166667461395264
0.5083333253860474
0.5083333253860474
0.5083333253860474
0.49166667461395264
0.49166667461395264
0.49166667461395264
0.49166667461395264
0.49166667461395264
0.49166667461395264
0.49166667461395264
0.49166667461395264
0.49166667461395264
0.49166667461395264
0.49166667461395264
0.49166667461395264
0.49166667461395264
0.5083333253860474
0.49166667461395264
0.49166667461395264
0.49166667461395264
0.49166667461395264
0.49166667461395264
0.49166667461395264
0.49166667461395264
0.49166667461395264
0.49166667461395264

training history loss
0.7217305302619934
0.6932897567749023
0.693148672580719
0.6931673288345337
0.6932308077812195
0.693189799785614
0.6931816339492798
0.6932384967803955
0.6931522488594055
0.6931537985801697
0.6931264996528625
0.6932919025421143
0.6931381821632385
0.6931273341178894
0.6931312084197998
0.6932140588760376
0.6931888461112976
0.6933186650276184
0.6936299800872803
0.693191409111023
0.6931703686714172
0.6931577324867249
0.6931912302970886
0.6932039260864258
0.6931636333465576
0.6931770443916321
0.6931994557380676
0.6931750774383545
0.6931931376457214
0.6931813955307007
0.6932290196418762
0.6932117342948914
0.6932000517845154
0.6931750774383545
0.6931930780410767
0.6932144165039062
0.6931859850883484
0.6932123899459839
0.6931775212287903
0.6931700110435486
0.6931719183921814
0.693178653717041
0.6932286620140076

training history val loss
0.6932260990142822
0.6932782530784607
0.6932534575462341
0.6931616067886353
0.6930800080299377
0.6931553483009338
0.693159282207489
0.6931827068328857
0.6931326985359192
0.6930899024009705
0.6934493780136108
0.69310063123703
0.6930402517318726
0.6931677460670471
0.6930402517318726
0.6931672692298889
0.6932353973388672
0.6930598020553589
0.693120002746582
0.6931014060974121
0.6932159662246704
0.6932326555252075
0.693261444568634
0.6931965351104736
0.6932641863822937
0.6931999325752258
0.6931816339492798
0.6932138800621033
0.6932332515716553
0.6932302713394165
0.6931977272033691
0.6931928396224976
0.6932740807533264
0.6931420564651489
0.6931915283203125
0.693192720413208
0.6931735277175903
0.6931951642036438
0.693191647529602
0.6932775974273682
0.693202555179596
0.6932270526885986
0.693242609500885