test data loss : 0.6931374669075012
test data accyracy : 0.5

training history accuracy
0.4950000047683716
0.49416667222976685
0.5020833611488342
0.5020833611488342
0.49166667461395264
0.48625001311302185
0.5020833611488342
0.5020833611488342
0.4895833432674408
0.5020833611488342
0.5020833611488342
0.5020833611488342
0.5020833611488342
0.4841666519641876
0.5020833611488342
0.5020833611488342
0.5020833611488342
0.49791666865348816
0.5020833611488342
0.5020833611488342
0.5020833611488342
0.4945833384990692
0.5020833611488342
0.5020833611488342
0.5020833611488342
0.4945833384990692
0.5020833611488342
0.49041667580604553
0.5020833611488342
0.5020833611488342
0.4908333420753479

training history val accuracy
0.5083333253860474
0.49166667461395264
0.49166667461395264
0.49166667461395264
0.49166667461395264
0.49166667461395264
0.49166667461395264
0.49166667461395264
0.49166667461395264
0.49166667461395264
0.49166667461395264
0.49166667461395264
0.49166667461395264
0.49166667461395264
0.49166667461395264
0.49166667461395264
0.49166667461395264
0.49166667461395264
0.49166667461395264
0.49166667461395264
0.49166667461395264
0.49166667461395264
0.49166667461395264
0.49166667461395264
0.49166667461395264
0.49166667461395264
0.49166667461395264
0.49166667461395264
0.49166667461395264
0.49166667461395264
0.49166667461395264

training history loss
0.7012393474578857
0.6933121681213379
0.6931670904159546
0.6931875348091125
0.6931952834129333
0.6931825876235962
0.6931788921356201
0.6931658983230591
0.6932090520858765
0.6931533813476562
0.6931543350219727
0.6931687593460083
0.6932070851325989
0.6932377815246582
0.6931915283203125
0.6931883096694946
0.6931653022766113
0.6931904554367065
0.6931782960891724
0.6931647658348083
0.6931809782981873
0.6931717991828918
0.6932002305984497
0.693165123462677
0.6931548118591309
0.6931720972061157
0.6931600570678711
0.6931937336921692
0.6932135224342346
0.6931962370872498
0.6932185292243958

training history val loss
0.6931275129318237
0.6931906342506409
0.6932024955749512
0.6931761503219604
0.6931654214859009
0.6931482553482056
0.6931940317153931
0.6932346820831299
0.6932145953178406
0.6932404637336731
0.6932508945465088
0.693217396736145
0.6932857036590576
0.6931594014167786
0.69324791431427
0.6932627558708191
0.6932636499404907
0.6931734085083008
0.6932199001312256
0.693218469619751
0.6932357549667358
0.6932117342948914
0.6932118535041809
0.6932113766670227
0.6932108998298645
0.6932489275932312
0.6932421326637268
0.6932327151298523
0.6932187676429749
0.6931791305541992
0.6932613253593445