test data loss : 0.6931554675102234
test data accyracy : 0.5

training history accuracy
0.5012500286102295
0.4895833432674408
0.4891666769981384
0.4933333396911621
0.5020833611488342
0.5020833611488342
0.5020833611488342
0.48875001072883606
0.5020833611488342
0.4908333420753479
0.5020833611488342
0.5020833611488342
0.4970833361148834
0.5020833611488342
0.5020833611488342
0.5020833611488342
0.5020833611488342
0.5020833611488342
0.5020833611488342
0.5020833611488342
0.4883333444595337
0.5020833611488342
0.49041667580604553
0.5020833611488342
0.5020833611488342
0.5020833611488342
0.5020833611488342
0.49125000834465027
0.5020833611488342
0.4937500059604645
0.5020833611488342

training history val accuracy
0.5083333253860474
0.5083333253860474
0.49166667461395264
0.49166667461395264
0.49166667461395264
0.49166667461395264
0.49166667461395264
0.49166667461395264
0.49166667461395264
0.49166667461395264
0.49166667461395264
0.49166667461395264
0.49166667461395264
0.49166667461395264
0.49166667461395264
0.49166667461395264
0.49166667461395264
0.49166667461395264
0.49166667461395264
0.49166667461395264
0.49166667461395264
0.49166667461395264
0.49166667461395264
0.49166667461395264
0.49166667461395264
0.49166667461395264
0.49166667461395264
0.49166667461395264
0.49166667461395264
0.49166667461395264
0.49166667461395264

training history loss
0.6941142678260803
0.6932586431503296
0.6932246088981628
0.6932090520858765
0.6931630373001099
0.693169355392456
0.6931870579719543
0.6932386159896851
0.6931663751602173
0.6932218074798584
0.693193793296814
0.6931852102279663
0.6931650638580322
0.6931982636451721
0.6931597590446472
0.6931816935539246
0.6932132244110107
0.6931701898574829
0.6931945085525513
0.6931637525558472
0.6932153701782227
0.6932060718536377
0.6932229399681091
0.6931841373443604
0.6931747198104858
0.6931762099266052
0.6931678056716919
0.6931859254837036
0.6932028532028198
0.6931869983673096
0.6931887269020081

training history val loss
0.6930677890777588
0.6931036710739136
0.6931565999984741
0.6931639909744263
0.6931950449943542
0.6932191252708435
0.6932432651519775
0.6931764483451843
0.6932761073112488
0.6932652592658997
0.6932485699653625
0.6932196617126465
0.6931532025337219
0.6932239532470703
0.6931976079940796
0.6932014226913452
0.6932117342948914
0.6931849122047424
0.69319087266922
0.6931942105293274
0.6931746006011963
0.6932485699653625
0.6931999325752258
0.6932472586631775
0.693264901638031
0.6932580471038818
0.6932596564292908
0.6932315230369568
0.6931985020637512
0.6932258009910583
0.6932196021080017