test data loss : 0.6931473612785339
test data accyracy : 0.5

training history accuracy
0.4987500011920929
0.5
0.5020833611488342
0.5087500214576721
0.4970833361148834
0.5020833611488342
0.5020833611488342
0.5020833611488342
0.5020833611488342
0.5020833611488342
0.5020833611488342
0.5020833611488342
0.5020833611488342
0.5020833611488342
0.5020833611488342
0.49291667342185974
0.5020833611488342
0.49000000953674316
0.5020833611488342
0.5020833611488342
0.5020833611488342
0.5020833611488342
0.5020833611488342
0.4933333396911621
0.5020833611488342
0.5020833611488342
0.5020833611488342
0.4933333396911621
0.5020833611488342
0.5020833611488342
0.5020833611488342
0.5020833611488342
0.5020833611488342
0.5020833611488342
0.5020833611488342
0.4958333373069763
0.5020833611488342
0.4970833361148834
0.5016666650772095
0.5020833611488342
0.4950000047683716
0.5020833611488342
0.5020833611488342
0.5020833611488342
0.5020833611488342
0.4970833361148834
0.5020833611488342
0.4950000047683716
0.5020833611488342
0.5020833611488342
0.5020833611488342
0.4937500059604645
0.5020833611488342
0.5020833611488342
0.5020833611488342
0.49166667461395264
0.5020833611488342
0.5020833611488342
0.5020833611488342
0.5020833611488342
0.5020833611488342
0.49291667342185974
0.5020833611488342
0.5020833611488342
0.5020833611488342
0.492083340883255
0.5020833611488342
0.49041667580604553

training history val accuracy
0.49166667461395264
0.49166667461395264
0.49166667461395264
0.5083333253860474
0.49166667461395264
0.49166667461395264
0.49166667461395264
0.49166667461395264
0.49166667461395264
0.49166667461395264
0.49166667461395264
0.49166667461395264
0.49166667461395264
0.49166667461395264
0.49166667461395264
0.49166667461395264
0.49166667461395264
0.49166667461395264
0.49166667461395264
0.49166667461395264
0.49166667461395264
0.49166667461395264
0.49166667461395264
0.49166667461395264
0.49166667461395264
0.49166667461395264
0.49166667461395264
0.49166667461395264
0.49166667461395264
0.49166667461395264
0.49166667461395264
0.49166667461395264
0.49166667461395264
0.49166667461395264
0.49166667461395264
0.49166667461395264
0.49166667461395264
0.5083333253860474
0.49166667461395264
0.49166667461395264
0.49166667461395264
0.49166667461395264
0.49166667461395264
0.49166667461395264
0.49166667461395264
0.49166667461395264
0.49166667461395264
0.49166667461395264
0.49166667461395264
0.49166667461395264
0.49166667461395264
0.49166667461395264
0.49166667461395264
0.49166667461395264
0.49166667461395264
0.49166667461395264
0.49166667461395264
0.49166667461395264
0.49166667461395264
0.49166667461395264
0.49166667461395264
0.49166667461395264
0.49166667461395264
0.49166667461395264
0.49166667461395264
0.49166667461395264
0.49166667461395264
0.49166667461395264

training history loss
0.6965655088424683
0.6934526562690735
0.693243682384491
0.6930915713310242
0.6935438513755798
0.6932000517845154
0.6931626200675964
0.6931745409965515
0.6931842565536499
0.6931641101837158
0.6931695938110352
0.6931770443916321
0.6931809782981873
0.6931911706924438
0.6931868195533752
0.6931951642036438
0.6931684613227844
0.6931964159011841
0.693179190158844
0.6931719183921814
0.6931615471839905
0.6931646466255188
0.6932202577590942
0.6931995153427124
0.6932122707366943
0.6931764483451843
0.6931624412536621
0.6932140588760376
0.6931803226470947
0.6931834816932678
0.6931681632995605
0.6931995749473572
0.6931666731834412
0.6931707859039307
0.6931681036949158
0.6932066082954407
0.693222165107727
0.6931690573692322
0.6931738257408142
0.6931607723236084
0.6931815147399902
0.6932925581932068
0.6931684613227844
0.6932156682014465
0.6931743621826172
0.6931695342063904
0.6931992173194885
0.6931748390197754
0.6931583881378174
0.6931793093681335
0.69320148229599
0.6931959986686707
0.6931840181350708
0.6931633353233337
0.6931595206260681
0.693189263343811
0.6931924223899841
0.6931692957878113
0.6931637525558472
0.6931906342506409
0.6931905746459961
0.693204402923584
0.6931792497634888
0.6931920647621155
0.6931807398796082
0.6931650042533875
0.6931622624397278
0.6932451725006104

training history val loss
0.6932561993598938
0.6932998895645142
0.6931672692298889
0.6932622194290161
0.6932023167610168
0.6932792067527771
0.6932024359703064
0.6932096481323242
0.6932240724563599
0.6932259202003479
0.6931928992271423
0.6932069063186646
0.6932233572006226
0.6931617856025696
0.6931667327880859
0.6932618618011475
0.6931910514831543
0.6932545900344849
0.6932293772697449
0.6932482719421387
0.6932308673858643
0.6932161450386047
0.6932222247123718
0.6931664943695068
0.6932408809661865
0.69324791431427
0.6932475566864014
0.6931918263435364
0.6932662129402161
0.693280816078186
0.6932469606399536
0.693192183971405
0.6932014226913452
0.6932389140129089
0.6932100653648376
0.6932384967803955
0.6932256817817688
0.693145751953125
0.6932054758071899
0.6932118535041809
0.6931707859039307
0.6931927800178528
0.6931833624839783
0.693208634853363
0.6931825876235962
0.6931883692741394
0.6932179927825928
0.6932024955749512
0.6932104825973511
0.6932170391082764
0.6932457089424133
0.6932194828987122
0.6931992173194885
0.6932187676429749
0.6932302117347717
0.6932164430618286
0.6932593584060669
0.6931737661361694
0.6932644844055176
0.693234920501709
0.6932103633880615
0.6932117938995361
0.6932308673858643
0.6931651830673218
0.6931745409965515
0.693190336227417
0.6932247877120972
0.6932239532470703