test data loss : 0.6931473612785339
test data accyracy : 0.5

training history accuracy
0.5035416483879089
0.5020833611488342
0.4958333373069763
0.5020833611488342
0.5020833611488342
0.5020833611488342
0.5020833611488342
0.4962500035762787
0.5020833611488342
0.5020833611488342
0.4829166531562805
0.5020833611488342
0.5020833611488342
0.5020833611488342
0.5020833611488342
0.5020833611488342
0.5020833611488342
0.5020833611488342
0.5020833611488342
0.5020833611488342
0.5020833611488342
0.5020833611488342
0.5020833611488342
0.5020833611488342
0.5020833611488342
0.5020833611488342
0.5020833611488342
0.5020833611488342
0.4908333420753479
0.5020833611488342
0.49541667103767395
0.4950000047683716
0.49041667580604553
0.5020833611488342
0.4983333349227905
0.5020833611488342
0.5020833611488342
0.5020833611488342
0.5020833611488342
0.5020833611488342
0.5020833611488342
0.5020833611488342
0.5020833611488342
0.49541667103767395
0.5020833611488342
0.5020833611488342
0.49000000953674316
0.5020833611488342
0.4879166781902313
0.5020833611488342
0.5020833611488342
0.5020833611488342
0.5020833611488342
0.5020833611488342
0.5020833611488342
0.5020833611488342
0.5020833611488342
0.5020833611488342
0.4925000071525574

training history val accuracy
0.49166667461395264
0.49166667461395264
0.49166667461395264
0.49166667461395264
0.49166667461395264
0.49166667461395264
0.49166667461395264
0.49166667461395264
0.49166667461395264
0.49166667461395264
0.49166667461395264
0.49166667461395264
0.49166667461395264
0.49166667461395264
0.49166667461395264
0.49166667461395264
0.49166667461395264
0.49166667461395264
0.49166667461395264
0.49166667461395264
0.49166667461395264
0.49166667461395264
0.49166667461395264
0.49166667461395264
0.49166667461395264
0.49166667461395264
0.49166667461395264
0.49166667461395264
0.49166667461395264
0.49166667461395264
0.49166667461395264
0.49166667461395264
0.49166667461395264
0.49166667461395264
0.49166667461395264
0.49166667461395264
0.49166667461395264
0.49166667461395264
0.49166667461395264
0.49166667461395264
0.49166667461395264
0.49166667461395264
0.49166667461395264
0.49166667461395264
0.49166667461395264
0.49166667461395264
0.49166667461395264
0.49166667461395264
0.49166667461395264
0.49166667461395264
0.49166667461395264
0.49166667461395264
0.49166667461395264
0.49166667461395264
0.49166667461395264
0.49166667461395264
0.49166667461395264
0.49166667461395264
0.49166667461395264

training history loss
0.7131608128547668
0.69319748878479
0.6931961178779602
0.6931783556938171
0.6931891441345215
0.6931666731834412
0.6931819319725037
0.693185031414032
0.6931748986244202
0.6931658983230591
0.6932185888290405
0.6931670308113098
0.6931746006011963
0.6931897401809692
0.693175733089447
0.6931712627410889
0.693167507648468
0.6931602358818054
0.693175196647644
0.6932086944580078
0.6931709051132202
0.693162202835083
0.6931690573692322
0.6931958794593811
0.6931543350219727
0.6932099461555481
0.6931660771369934
0.6931722164154053
0.6931895017623901
0.6931747198104858
0.6932048201560974
0.6932395696640015
0.693223237991333
0.6931704878807068
0.6931846141815186
0.6931757926940918
0.6931782364845276
0.6931785345077515
0.6931754946708679
0.6931778788566589
0.6932242512702942
0.693185567855835
0.6931845545768738
0.6932092308998108
0.6932041645050049
0.6931677460670471
0.6931995749473572
0.6932018399238586
0.6931827068328857
0.6931728720664978
0.6932192444801331
0.6931707262992859
0.6931743025779724
0.6931617856025696
0.6931756138801575
0.693209171295166
0.6931835412979126
0.6931875348091125
0.6932418942451477

training history val loss
0.6932565569877625
0.6932685971260071
0.6932731866836548
0.6932998895645142
0.6933082938194275
0.6932835578918457
0.69321209192276
0.6931799054145813
0.6931874752044678
0.6932156682014465
0.6931944489479065
0.6932496428489685
0.6932175755500793
0.6932399272918701
0.6932385563850403
0.6931846141815186
0.693203866481781
0.6932191848754883
0.693227231502533
0.6932063102722168
0.69325190782547
0.693191647529602
0.6932617425918579
0.6931707262992859
0.693248987197876
0.693289577960968
0.6932246685028076
0.693217396736145
0.6931507587432861
0.6932584047317505
0.6932442784309387
0.6932446956634521
0.6932644248008728
0.6932719349861145
0.6932315826416016
0.6932076811790466
0.6932246088981628
0.693233072757721
0.6932194828987122
0.693178117275238
0.6932422518730164
0.693200945854187
0.6931799054145813
0.6931729316711426
0.6932114958763123
0.6931885480880737
0.6931887865066528
0.6932385563850403
0.6931912302970886
0.6932123303413391
0.6931923031806946
0.6932224631309509
0.6932478547096252
0.6932141184806824
0.693238377571106
0.6932297945022583
0.6932284235954285
0.6932117938995361
0.6932323575019836