test data loss : 0.6931508183479309
test data accyracy : 0.5

training history accuracy
0.48750001192092896
0.4854166805744171
0.5020833611488342
0.49041667580604553
0.5020833611488342
0.5020833611488342
0.48875001072883606
0.5020833611488342
0.5020833611488342
0.5020833611488342
0.5020833611488342
0.5020833611488342
0.5020833611488342
0.5020833611488342
0.492083340883255
0.503333330154419
0.5020833611488342
0.5020833611488342
0.49541667103767395
0.4983333349227905
0.5020833611488342
0.5020833611488342
0.5020833611488342
0.5020833611488342
0.5020833611488342
0.5020833611488342
0.5020833611488342
0.4970833361148834
0.5020833611488342
0.5020833611488342
0.5020833611488342

training history val accuracy
0.5083333253860474
0.49166667461395264
0.49166667461395264
0.49166667461395264
0.49166667461395264
0.49166667461395264
0.49166667461395264
0.49166667461395264
0.49166667461395264
0.49166667461395264
0.49166667461395264
0.49166667461395264
0.49166667461395264
0.49166667461395264
0.5083333253860474
0.49166667461395264
0.49166667461395264
0.49166667461395264
0.49166667461395264
0.49166667461395264
0.49166667461395264
0.49166667461395264
0.49166667461395264
0.49166667461395264
0.49166667461395264
0.49166667461395264
0.49166667461395264
0.49166667461395264
0.49166667461395264
0.49166667461395264
0.49166667461395264

training history loss
0.6939019560813904
0.6931937336921692
0.6931701898574829
0.6932070255279541
0.693184494972229
0.69317227602005
0.6932114362716675
0.6931573152542114
0.6931829452514648
0.69318026304245
0.6932081580162048
0.6932034492492676
0.6931929588317871
0.6932452917098999
0.6932322978973389
0.6931986808776855
0.6931844353675842
0.6931806206703186
0.6931684613227844
0.6932211518287659
0.6931898593902588
0.6931717991828918
0.6931953430175781
0.6931740641593933
0.6931866407394409
0.6931573748588562
0.6931664943695068
0.6931619048118591
0.6932079792022705
0.6931973099708557
0.6932194232940674

training history val loss
0.6931063532829285
0.6931654214859009
0.6931821703910828
0.6932201385498047
0.6932423114776611
0.6932224035263062
0.6931756138801575
0.6932767629623413
0.6932042837142944
0.6932364106178284
0.6932309865951538
0.6932610869407654
0.6931813955307007
0.6932424902915955
0.6931444406509399
0.6932649612426758
0.6932013034820557
0.6932533383369446
0.6932197213172913
0.6932810544967651
0.6932140588760376
0.6932114362716675
0.6932582855224609
0.6932610869407654
0.6931866407394409
0.693214476108551
0.6931703686714172
0.6932434439659119
0.6932690143585205
0.6931887269020081
0.6931831240653992