test data loss : 0.6931472420692444
test data accyracy : 0.5

training history accuracy
0.4983333349227905
0.5020833611488342
0.4970833361148834
0.5020833611488342
0.5020833611488342
0.5020833611488342
0.5020833611488342
0.4933333396911621
0.4937500059604645
0.5020833611488342
0.5020833611488342
0.5020833611488342
0.5020833611488342
0.49416667222976685
0.5020833611488342
0.5020833611488342
0.5020833611488342
0.4958333373069763
0.5020833611488342
0.5020833611488342
0.5020833611488342
0.5020833611488342
0.4958333373069763
0.48374998569488525
0.5020833611488342
0.5020833611488342
0.5020833611488342
0.5020833611488342
0.5020833611488342
0.4908333420753479
0.5020833611488342
0.5020833611488342
0.5020833611488342
0.5020833611488342
0.4937500059604645
0.5020833611488342
0.49166667461395264
0.5020833611488342
0.5020833611488342
0.5020833611488342
0.4879166781902313
0.5020833611488342
0.5020833611488342
0.5020833611488342
0.5020833611488342
0.4891666769981384
0.5020833611488342
0.5020833611488342
0.5020833611488342
0.5020833611488342
0.5020833611488342
0.5020833611488342
0.4950000047683716
0.5020833611488342
0.49291667342185974
0.4925000071525574
0.5020833611488342
0.5020833611488342
0.49166667461395264
0.5020833611488342
0.4945833384990692
0.49125000834465027
0.5020833611488342
0.5020833611488342
0.5020833611488342
0.49041667580604553
0.5020833611488342
0.5020833611488342
0.5020833611488342
0.5020833611488342
0.5020833611488342
0.48875001072883606
0.5020833611488342
0.4895833432674408
0.5020833611488342
0.5020833611488342
0.5020833611488342
0.5020833611488342
0.5020833611488342
0.5020833611488342
0.5020833611488342
0.5020833611488342
0.5020833611488342

training history val accuracy
0.49166667461395264
0.49166667461395264
0.49166667461395264
0.49166667461395264
0.49166667461395264
0.49166667461395264
0.49166667461395264
0.49166667461395264
0.49166667461395264
0.49166667461395264
0.49166667461395264
0.49166667461395264
0.49166667461395264
0.49166667461395264
0.49166667461395264
0.49166667461395264
0.49166667461395264
0.49166667461395264
0.49166667461395264
0.49166667461395264
0.49166667461395264
0.49166667461395264
0.49166667461395264
0.49166667461395264
0.49166667461395264
0.49166667461395264
0.49166667461395264
0.49166667461395264
0.49166667461395264
0.49166667461395264
0.49166667461395264
0.49166667461395264
0.49166667461395264
0.49166667461395264
0.49166667461395264
0.49166667461395264
0.49166667461395264
0.49166667461395264
0.49166667461395264
0.49166667461395264
0.49166667461395264
0.49166667461395264
0.49166667461395264
0.49166667461395264
0.49166667461395264
0.49166667461395264
0.49166667461395264
0.49166667461395264
0.49166667461395264
0.49166667461395264
0.49166667461395264
0.49166667461395264
0.49166667461395264
0.49166667461395264
0.49166667461395264
0.49166667461395264
0.49166667461395264
0.49166667461395264
0.49166667461395264
0.49166667461395264
0.49166667461395264
0.49166667461395264
0.49166667461395264
0.49166667461395264
0.49166667461395264
0.49166667461395264
0.49166667461395264
0.49166667461395264
0.49166667461395264
0.49166667461395264
0.49166667461395264
0.49166667461395264
0.49166667461395264
0.49166667461395264
0.49166667461395264
0.49166667461395264
0.49166667461395264
0.49166667461395264
0.49166667461395264
0.49166667461395264
0.49166667461395264
0.49166667461395264
0.49166667461395264

training history loss
0.6951992511749268
0.6932147741317749
0.6931943297386169
0.6931902170181274
0.693193793296814
0.6931831240653992
0.6932222247123718
0.6931834816932678
0.6931930184364319
0.6932138800621033
0.6931720972061157
0.6931641697883606
0.6931567788124084
0.693196713924408
0.6932005286216736
0.6931712031364441
0.6931591033935547
0.6932029724121094
0.693175733089447
0.6931641101837158
0.6931938529014587
0.6931854486465454
0.6931794285774231
0.6931647658348083
0.6931681632995605
0.6931833028793335
0.6931962966918945
0.6931639313697815
0.6932071447372437
0.6932382583618164
0.6931694149971008
0.6931816935539246
0.6931838989257812
0.6931745409965515
0.6931934356689453
0.6931899189949036
0.6931872367858887
0.6932294368743896
0.6931785345077515
0.6931762099266052
0.6932111382484436
0.6931623816490173
0.6931980848312378
0.6931756734848022
0.6931705474853516
0.6931920647621155
0.6931723952293396
0.6931892037391663
0.6931946277618408
0.6931828260421753
0.6931794881820679
0.6932206153869629
0.6931686997413635
0.6931840181350708
0.6932705044746399
0.6931912302970886
0.6931840777397156
0.6931623220443726
0.6931875944137573
0.6931843161582947
0.6931872963905334
0.6932355165481567
0.693217396736145
0.693189799785614
0.693187415599823
0.6932041645050049
0.693162202835083
0.6931602358818054
0.6931691765785217
0.693164050579071
0.6931760907173157
0.6932368874549866
0.6932108998298645
0.6931763291358948
0.6931575536727905
0.6931710839271545
0.6931862235069275
0.6931560039520264
0.6931667923927307
0.6931629180908203
0.693158745765686
0.6931620836257935
0.6932050585746765

training history val loss
0.6932204961776733
0.6932346820831299
0.6932073831558228
0.6932296752929688
0.6932255029678345
0.6932017207145691
0.6932861804962158
0.6932063698768616
0.6932015419006348
0.6932892203330994
0.6931936740875244
0.6932377815246582
0.6932059526443481
0.6932100653648376
0.6932387948036194
0.6932352185249329
0.6932638883590698
0.6932582855224609
0.6931943297386169
0.6932330131530762
0.6932721734046936
0.6932401061058044
0.6931677460670471
0.6931852102279663
0.6932638883590698
0.6932058930397034
0.6932382583618164
0.6931952238082886
0.6932495832443237
0.6931745409965515
0.6932624578475952
0.6932207345962524
0.6932533383369446
0.6932387948036194
0.6931782960891724
0.6932980418205261
0.6932030320167542
0.6931852698326111
0.6932509541511536
0.6932198405265808
0.6932036280632019
0.6932637095451355
0.6932246088981628
0.6932251453399658
0.6932602524757385
0.6931911706924438
0.6932324171066284
0.6931981444358826
0.6932955384254456
0.693191647529602
0.6932423710823059
0.6931860446929932
0.6931554675102234
0.6932156085968018
0.6932605504989624
0.6932271718978882
0.6932300329208374
0.6932274699211121
0.6932471990585327
0.6933010220527649
0.6932287812232971
0.6932709217071533
0.6933078765869141
0.6932610273361206
0.693209171295166
0.6931633353233337
0.6932803392410278
0.6932284832000732
0.6932067275047302
0.6932574510574341
0.6932686567306519
0.6932374835014343
0.6932150721549988
0.6932036876678467
0.6932613253593445
0.6932123899459839
0.6932041645050049
0.6932235956192017
0.6932205557823181
0.6932399868965149
0.693260908126831
0.69324791431427
0.6932175159454346