test data loss : 0.693123996257782
test data accyracy : 0.5

training history accuracy
0.5020833611488342
0.4975000023841858
0.5054166913032532
0.4947916567325592
0.49958333373069763
0.5020833611488342
0.5020833611488342
0.49416667222976685
0.5020833611488342
0.5020833611488342
0.48875001072883606
0.4833333194255829
0.4937500059604645
0.49000000953674316
0.5020833611488342
0.5020833611488342
0.5020833611488342
0.4925000071525574
0.5020833611488342
0.5020833611488342
0.4870833456516266
0.5020833611488342
0.5020833611488342
0.49000000953674316
0.4883333444595337
0.5020833611488342
0.5020833611488342
0.5020833611488342
0.5020833611488342
0.5020833611488342
0.49791666865348816
0.5020833611488342

training history val accuracy
0.5083333253860474
0.5083333253860474
0.49166667461395264
0.5083333253860474
0.49166667461395264
0.49166667461395264
0.49166667461395264
0.49166667461395264
0.49166667461395264
0.49166667461395264
0.49166667461395264
0.49166667461395264
0.49166667461395264
0.49166667461395264
0.49166667461395264
0.49166667461395264
0.49166667461395264
0.49166667461395264
0.49166667461395264
0.49166667461395264
0.49166667461395264
0.49166667461395264
0.49166667461395264
0.49166667461395264
0.49166667461395264
0.49166667461395264
0.49166667461395264
0.49166667461395264
0.49166667461395264
0.49166667461395264
0.49166667461395264
0.49166667461395264

training history loss
0.7201676964759827
0.6932499408721924
0.6932330131530762
0.6932353973388672
0.6931747794151306
0.6931929588317871
0.6931772828102112
0.6931918263435364
0.6932258605957031
0.6932207345962524
0.6932911276817322
0.6933090686798096
0.6932181119918823
0.6932849884033203
0.6931899189949036
0.6932121515274048
0.6931868195533752
0.693213164806366
0.693178117275238
0.6932230591773987
0.6932805180549622
0.6931660175323486
0.693172037601471
0.6932122707366943
0.6931835412979126
0.6931958794593811
0.693184494972229
0.69318687915802
0.6931900978088379
0.6932077407836914
0.6931652426719666
0.6931897401809692

training history val loss
0.6931038498878479
0.6930717825889587
0.6931400299072266
0.6931295990943909
0.6932206749916077
0.6932008862495422
0.693209707736969
0.6932919025421143
0.6933626532554626
0.6933088302612305
0.6932384967803955
0.6933081150054932
0.693274974822998
0.6932252645492554
0.6932515501976013
0.6933298707008362
0.6931941509246826
0.6932398676872253
0.6932521462440491
0.6932312250137329
0.6931760907173157
0.6932629346847534
0.6932222247123718
0.693221390247345
0.6932131052017212
0.6933040618896484
0.6933086514472961
0.6932083964347839
0.6932544708251953
0.6933095455169678
0.6932002902030945
0.6932374238967896