test data loss : 0.6931731700897217
test data accyracy : 0.5

training history accuracy
0.49958333373069763
0.49791666865348816
0.4962500035762787
0.5020833611488342
0.5020833611488342
0.5020833611488342
0.5020833611488342
0.5020833611488342
0.5020833611488342
0.5020833611488342
0.5020833611488342
0.49125000834465027
0.502916693687439
0.5020833611488342
0.5020833611488342
0.5020833611488342
0.5020833611488342
0.492083340883255
0.5020833611488342
0.5020833611488342
0.5020833611488342
0.5020833611488342
0.5020833611488342
0.5020833611488342
0.5020833611488342
0.5020833611488342
0.5020833611488342
0.5020833611488342
0.5020833611488342
0.49125000834465027
0.49166667461395264

training history val accuracy
0.5083333253860474
0.5083333253860474
0.49166667461395264
0.49166667461395264
0.49166667461395264
0.49166667461395264
0.49166667461395264
0.49166667461395264
0.49166667461395264
0.49166667461395264
0.49166667461395264
0.5083333253860474
0.49166667461395264
0.49166667461395264
0.49166667461395264
0.49166667461395264
0.49166667461395264
0.49166667461395264
0.49166667461395264
0.49166667461395264
0.49166667461395264
0.49166667461395264
0.49166667461395264
0.49166667461395264
0.49166667461395264
0.49166667461395264
0.49166667461395264
0.49166667461395264
0.49166667461395264
0.49166667461395264
0.49166667461395264

training history loss
0.6957059502601624
0.6932093501091003
0.6931639313697815
0.6931667327880859
0.6931747198104858
0.6931646466255188
0.6931664943695068
0.6931608319282532
0.6931612491607666
0.6931828856468201
0.6931887865066528
0.6932125687599182
0.6931919455528259
0.6931682825088501
0.6931872963905334
0.6931679844856262
0.6931725144386292
0.6931889057159424
0.6931655406951904
0.6931881904602051
0.6931750774383545
0.6931768655776978
0.6931726932525635
0.6931694149971008
0.6931955218315125
0.6931715607643127
0.6931949257850647
0.6931726336479187
0.6931760311126709
0.6931986212730408
0.6931998133659363

training history val loss
0.6930530071258545
0.6931286454200745
0.6931775808334351
0.6932079792022705
0.6931877732276917
0.6931928396224976
0.6932108998298645
0.6932163238525391
0.693178653717041
0.6931804418563843
0.6932390332221985
0.6931458115577698
0.693228006362915
0.6931915283203125
0.6931909918785095
0.6932023167610168
0.6932127475738525
0.6931983828544617
0.6932452917098999
0.6932368874549866
0.6931889653205872
0.693229079246521
0.6932182908058167
0.6932440996170044
0.6932621598243713
0.693178117275238
0.693223237991333
0.6931996941566467
0.6932089328765869
0.6932039260864258
0.6932016015052795