test data loss : 0.6931688785552979
test data accyracy : 0.5

training history accuracy
0.49666666984558105
0.49125000834465027
0.5020833611488342
0.5020833611488342
0.5012500286102295
0.4925000071525574
0.5020833611488342
0.49041667580604553
0.5020833611488342
0.4975000023841858
0.5020833611488342
0.4854166805744171
0.5020833611488342
0.5020833611488342
0.5020833611488342
0.5020833611488342
0.5020833611488342
0.4933333396911621
0.5020833611488342
0.5020833611488342
0.5020833611488342
0.5020833611488342
0.5020833611488342
0.4870833456516266
0.5020833611488342
0.5020833611488342
0.5020833611488342
0.5020833611488342
0.5020833611488342
0.4937500059604645
0.5020833611488342
0.5020833611488342
0.5020833611488342
0.5020833611488342
0.5020833611488342

training history val accuracy
0.49166667461395264
0.49166667461395264
0.49166667461395264
0.49166667461395264
0.5083333253860474
0.49166667461395264
0.49166667461395264
0.49166667461395264
0.49166667461395264
0.49166667461395264
0.49166667461395264
0.49166667461395264
0.49166667461395264
0.49166667461395264
0.49166667461395264
0.49166667461395264
0.49166667461395264
0.49166667461395264
0.49166667461395264
0.49166667461395264
0.49166667461395264
0.49166667461395264
0.49166667461395264
0.49166667461395264
0.49166667461395264
0.49166667461395264
0.49166667461395264
0.49166667461395264
0.49166667461395264
0.49166667461395264
0.49166667461395264
0.49166667461395264
0.49166667461395264
0.49166667461395264
0.49166667461395264

training history loss
0.7017173767089844
0.6934656500816345
0.6931795477867126
0.693155825138092
0.693255603313446
0.6933788657188416
0.6931899785995483
0.6932312250137329
0.6931599378585815
0.69319748878479
0.6931801438331604
0.6932541131973267
0.6931639313697815
0.6931765675544739
0.6931797862052917
0.6932190656661987
0.6931752562522888
0.6931782960891724
0.693160891532898
0.6932478547096252
0.6931860446929932
0.6932232975959778
0.6931770443916321
0.6931848526000977
0.6931750178337097
0.6931712031364441
0.6931736469268799
0.6931664943695068
0.6931690573692322
0.6931856274604797
0.6931650638580322
0.6931791305541992
0.6932380199432373
0.6931871771812439
0.6931615471839905

training history val loss
0.6934896111488342
0.6932471990585327
0.6932864785194397
0.6932052373886108
0.6930443644523621
0.6932013630867004
0.6931902170181274
0.6932067275047302
0.6932758688926697
0.6932485103607178
0.6933352947235107
0.6932197213172913
0.6932936906814575
0.6932671070098877
0.6932206153869629
0.6932952404022217
0.6931751370429993
0.6932156085968018
0.6932181715965271
0.6932372450828552
0.6932209730148315
0.6931781768798828
0.6931824684143066
0.6932308673858643
0.6931714415550232
0.6931821703910828
0.6932553648948669
0.6932232975959778
0.6931977272033691
0.6932433843612671
0.6932080984115601
0.6932144165039062
0.6932294964790344
0.6931756734848022
0.6931855082511902