test data loss : 0.6932287216186523
test data accyracy : 0.5

training history accuracy
0.5141666531562805
0.49791666865348816
0.49791666865348816
0.4908333420753479
0.49666666984558105
0.5020833611488342
0.49541667103767395
0.5020833611488342
0.5020833611488342
0.5020833611488342
0.5020833611488342
0.49416667222976685
0.49000000953674316
0.5020833611488342
0.5020833611488342
0.5020833611488342
0.49125000834465027
0.5020833611488342
0.5020833611488342
0.5020833611488342
0.4866666793823242
0.5004166960716248
0.5020833611488342
0.5020833611488342
0.5020833611488342
0.5020833611488342
0.5020833611488342
0.5020833611488342
0.5020833611488342
0.4950000047683716
0.5020833611488342

training history val accuracy
0.5083333253860474
0.5083333253860474
0.5083333253860474
0.5083333253860474
0.49166667461395264
0.49166667461395264
0.49166667461395264
0.49166667461395264
0.49166667461395264
0.49166667461395264
0.49166667461395264
0.49166667461395264
0.49166667461395264
0.49166667461395264
0.49166667461395264
0.49166667461395264
0.49166667461395264
0.49166667461395264
0.49166667461395264
0.49166667461395264
0.49166667461395264
0.49166667461395264
0.49166667461395264
0.49166667461395264
0.49166667461395264
0.49166667461395264
0.49166667461395264
0.49166667461395264
0.49166667461395264
0.5083333253860474
0.49166667461395264

training history loss
0.7003819942474365
0.693284273147583
0.6931940913200378
0.6931750178337097
0.6931819915771484
0.6932650208473206
0.6931765675544739
0.693187952041626
0.6931988596916199
0.6931673288345337
0.6932264566421509
0.6931743621826172
0.6931736469268799
0.6931675672531128
0.6932170987129211
0.6931542754173279
0.6931816935539246
0.6931753158569336
0.6931851506233215
0.6931707859039307
0.693213939666748
0.6931573152542114
0.6931917071342468
0.6932063102722168
0.6931949257850647
0.6931791305541992
0.693165123462677
0.6931852698326111
0.6932372450828552
0.6931620836257935
0.6931687593460083

training history val loss
0.6930159330368042
0.693056046962738
0.6931016445159912
0.6931341886520386
0.6931653618812561
0.6932798027992249
0.6931732892990112
0.6931623220443726
0.6932432055473328
0.6931970715522766
0.6931977272033691
0.6931841969490051
0.6932429075241089
0.6932767629623413
0.6932247281074524
0.6931846141815186
0.6932151317596436
0.6932111382484436
0.6932337880134583
0.6932432055473328
0.6931700706481934
0.6932463645935059
0.6932438015937805
0.6932389140129089
0.6932631134986877
0.6932627558708191
0.6932206749916077
0.6931760311126709
0.6932092905044556
0.6931399703025818
0.6932182908058167