test data loss : 0.6931473016738892
test data accyracy : 0.5

training history accuracy
0.518750011920929
0.5020833611488342
0.5020833611488342
0.5020833611488342
0.5020833611488342
0.5020833611488342
0.5020833611488342
0.5020833611488342
0.4925000071525574
0.5020833611488342
0.5020833611488342
0.4933333396911621
0.5020833611488342
0.5020833611488342
0.5020833611488342
0.5020833611488342
0.5020833611488342
0.5020833611488342
0.5020833611488342
0.5020833611488342
0.492083340883255
0.49791666865348816
0.5020833611488342
0.5020833611488342
0.5020833611488342
0.5020833611488342
0.5020833611488342
0.5020833611488342
0.49416667222976685
0.5020833611488342
0.5020833611488342
0.5020833611488342
0.49291667342185974
0.49000000953674316
0.5020833611488342
0.5020833611488342
0.5020833611488342
0.5020833611488342
0.4950000047683716
0.5020833611488342
0.4925000071525574
0.5016666650772095
0.5020833611488342
0.4950000047683716
0.5020833611488342
0.5020833611488342
0.5020833611488342
0.48875001072883606
0.4933333396911621
0.5020833611488342
0.4908333420753479
0.5020833611488342
0.49958333373069763
0.5020833611488342
0.5020833611488342
0.5020833611488342
0.5020833611488342
0.5020833611488342
0.5020833611488342
0.5020833611488342
0.5020833611488342
0.49000000953674316
0.5020833611488342
0.49541667103767395
0.5020833611488342
0.4950000047683716
0.5020833611488342
0.5020833611488342
0.5020833611488342
0.5020833611488342
0.4958333373069763
0.5020833611488342
0.5020833611488342
0.5020833611488342
0.5020833611488342
0.5020833611488342
0.5020833611488342
0.49125000834465027

training history val accuracy
0.49166667461395264
0.49166667461395264
0.49166667461395264
0.49166667461395264
0.49166667461395264
0.49166667461395264
0.49166667461395264
0.49166667461395264
0.49166667461395264
0.49166667461395264
0.49166667461395264
0.49166667461395264
0.49166667461395264
0.49166667461395264
0.49166667461395264
0.49166667461395264
0.49166667461395264
0.49166667461395264
0.49166667461395264
0.49166667461395264
0.49166667461395264
0.49166667461395264
0.49166667461395264
0.49166667461395264
0.49166667461395264
0.49166667461395264
0.49166667461395264
0.49166667461395264
0.49166667461395264
0.49166667461395264
0.49166667461395264
0.49166667461395264
0.49166667461395264
0.49166667461395264
0.49166667461395264
0.49166667461395264
0.49166667461395264
0.49166667461395264
0.49166667461395264
0.49166667461395264
0.5083333253860474
0.49166667461395264
0.49166667461395264
0.49166667461395264
0.49166667461395264
0.49166667461395264
0.49166667461395264
0.5083333253860474
0.49166667461395264
0.49166667461395264
0.49166667461395264
0.49166667461395264
0.49166667461395264
0.49166667461395264
0.49166667461395264
0.49166667461395264
0.49166667461395264
0.49166667461395264
0.49166667461395264
0.49166667461395264
0.49166667461395264
0.49166667461395264
0.49166667461395264
0.49166667461395264
0.49166667461395264
0.49166667461395264
0.49166667461395264
0.49166667461395264
0.49166667461395264
0.49166667461395264
0.49166667461395264
0.49166667461395264
0.49166667461395264
0.49166667461395264
0.49166667461395264
0.49166667461395264
0.49166667461395264
0.49166667461395264

training history loss
0.7000292539596558
0.6933398842811584
0.6932110786437988
0.6931642889976501
0.6931794285774231
0.6931806206703186
0.6931890845298767
0.6931614875793457
0.6932017207145691
0.6932076215744019
0.6931780576705933
0.6932095289230347
0.6931770443916321
0.6931779384613037
0.6932135820388794
0.6931763887405396
0.6931722164154053
0.693196177482605
0.6931792497634888
0.6931683421134949
0.6931858062744141
0.6931785345077515
0.6931658387184143
0.6931647062301636
0.6931945085525513
0.6932088732719421
0.6931756138801575
0.693214476108551
0.6931949853897095
0.6931912899017334
0.6931597590446472
0.693173348903656
0.6931849718093872
0.6932066679000854
0.6932093501091003
0.6931936740875244
0.6932056546211243
0.6931750774383545
0.693192720413208
0.6932467222213745
0.6931880712509155
0.6931638717651367
0.6931615471839905
0.6931790709495544
0.6931837797164917
0.6931933760643005
0.6932166218757629
0.6931790113449097
0.6932083368301392
0.6931795477867126
0.6932083368301392
0.6931719183921814
0.6931813955307007
0.6931855082511902
0.6932142376899719
0.6931688189506531
0.693183183670044
0.6931861639022827
0.6931577920913696
0.6931754946708679
0.6931588649749756
0.6932158470153809
0.6931824684143066
0.6931911110877991
0.6932030916213989
0.6931993961334229
0.6931750774383545
0.6931882500648499
0.6931828856468201
0.693186342716217
0.6932004690170288
0.6932021379470825
0.6931803226470947
0.6931753754615784
0.6931955218315125
0.6931681036949158
0.6932047009468079
0.6932299137115479

training history val loss
0.6933296918869019
0.6932374835014343
0.6932721734046936
0.6932239532470703
0.6932361721992493
0.6932135820388794
0.6932829022407532
0.6932036876678467
0.693204939365387
0.6932246685028076
0.6932100653648376
0.6932003498077393
0.693215548992157
0.693242073059082
0.6931910514831543
0.6932209134101868
0.6931952238082886
0.6932681798934937
0.6932133436203003
0.6931816339492798
0.6931517720222473
0.693239152431488
0.693200409412384
0.6932342052459717
0.6932697296142578
0.6932528018951416
0.69316166639328
0.6932021379470825
0.6931934356689453
0.6932287216186523
0.6932222843170166
0.6931809782981873
0.6931885480880737
0.6932058930397034
0.6932176947593689
0.6932206153869629
0.6932029724121094
0.6932176947593689
0.6932196021080017
0.6931946873664856
0.693145751953125
0.6932191848754883
0.6932399272918701
0.6932107210159302
0.6932810544967651
0.6932468414306641
0.6932042241096497
0.693139910697937
0.6932287216186523
0.6932295560836792
0.6932304501533508
0.6932448744773865
0.69322270154953
0.6932445764541626
0.6932836771011353
0.6932359337806702
0.693250298500061
0.6932685375213623
0.6932045221328735
0.6931915879249573
0.693199872970581
0.693281888961792
0.693191647529602
0.6932126879692078
0.6932287216186523
0.6932308673858643
0.6932574510574341
0.6932705640792847
0.6932233572006226
0.693192183971405
0.693234920501709
0.693297266960144
0.6931995749473572
0.6932079792022705
0.6931963562965393
0.6932114362716675
0.6932376623153687
0.6932586431503296