test data loss : 0.6931788921356201
test data accyracy : 0.5

training history accuracy
0.49916666746139526
0.4960416555404663
0.49791666865348816
0.5020833611488342
0.5020833611488342
0.5020833611488342
0.5020833611488342
0.5020833611488342
0.5020833611488342
0.5020833611488342
0.4933333396911621
0.5020833611488342
0.492083340883255
0.5020833611488342
0.5020833611488342
0.5020833611488342
0.5020833611488342
0.5020833611488342
0.5020833611488342
0.5020833611488342
0.492083340883255
0.5020833611488342
0.5020833611488342
0.5020833611488342
0.5020833611488342
0.4879166781902313
0.5020833611488342
0.5020833611488342
0.5020833611488342
0.4895833432674408
0.5020833611488342

training history val accuracy
0.5083333253860474
0.5083333253860474
0.5083333253860474
0.49166667461395264
0.49166667461395264
0.49166667461395264
0.49166667461395264
0.49166667461395264
0.49166667461395264
0.49166667461395264
0.49166667461395264
0.49166667461395264
0.49166667461395264
0.49166667461395264
0.49166667461395264
0.49166667461395264
0.49166667461395264
0.49166667461395264
0.49166667461395264
0.49166667461395264
0.49166667461395264
0.49166667461395264
0.49166667461395264
0.49166667461395264
0.49166667461395264
0.49166667461395264
0.49166667461395264
0.49166667461395264
0.49166667461395264
0.49166667461395264
0.49166667461395264

training history loss
0.728376567363739
0.6932709217071533
0.6931895017623901
0.69318026304245
0.6931938529014587
0.6931836605072021
0.6931849122047424
0.6931673288345337
0.6931582689285278
0.6931810975074768
0.6931993365287781
0.6931894421577454
0.6931889653205872
0.6931619048118591
0.6931740045547485
0.693173885345459
0.6931701302528381
0.6931695938110352
0.6931626200675964
0.6931630373001099
0.6931878328323364
0.6931653022766113
0.6931781768798828
0.693183422088623
0.693183183670044
0.6932214498519897
0.6932204961776733
0.6931689381599426
0.6931896805763245
0.6932170987129211
0.6931581497192383

training history val loss
0.6930493712425232
0.6931087374687195
0.6931411027908325
0.6931989789009094
0.6931765079498291
0.6931896209716797
0.6931766867637634
0.6932307481765747
0.6932270526885986
0.6932273507118225
0.693221390247345
0.6932306885719299
0.693215548992157
0.6932172179222107
0.6932680010795593
0.693180501461029
0.6932610869407654
0.6932329535484314
0.6932603120803833
0.6932346820831299
0.6932361125946045
0.6932447552680969
0.6932500004768372
0.6932350397109985
0.6931982636451721
0.6931915879249573
0.6933647990226746
0.6932306289672852
0.693226158618927
0.693237841129303
0.6932246088981628