test data loss : 0.6931486129760742
test data accyracy : 0.5

training history accuracy
0.49437499046325684
0.49416667222976685
0.4879166781902313
0.5
0.5020833611488342
0.49541667103767395
0.5020833611488342
0.4962500035762787
0.5020833611488342
0.49166667461395264
0.5020833611488342
0.5020833611488342
0.5020833611488342
0.5020833611488342
0.5020833611488342
0.4937500059604645
0.5020833611488342
0.4958333373069763
0.5020833611488342
0.5020833611488342
0.5020833611488342
0.4908333420753479
0.5020833611488342
0.5020833611488342
0.5020833611488342
0.4933333396911621
0.49416667222976685
0.5020833611488342
0.5020833611488342
0.5020833611488342
0.5020833611488342

training history val accuracy
0.5083333253860474
0.49166667461395264
0.49166667461395264
0.49166667461395264
0.49166667461395264
0.49166667461395264
0.49166667461395264
0.49166667461395264
0.49166667461395264
0.49166667461395264
0.49166667461395264
0.49166667461395264
0.49166667461395264
0.49166667461395264
0.49166667461395264
0.49166667461395264
0.49166667461395264
0.49166667461395264
0.49166667461395264
0.49166667461395264
0.49166667461395264
0.49166667461395264
0.49166667461395264
0.49166667461395264
0.49166667461395264
0.49166667461395264
0.49166667461395264
0.49166667461395264
0.49166667461395264
0.49166667461395264
0.49166667461395264

training history loss
0.6940867900848389
0.6931638121604919
0.6932176947593689
0.6931756138801575
0.6932221055030823
0.6931808590888977
0.6931799054145813
0.6931790113449097
0.6931852698326111
0.6931886672973633
0.6931771039962769
0.6931696534156799
0.6931818127632141
0.6931859850883484
0.693174421787262
0.6931856274604797
0.6931722164154053
0.6931802034378052
0.6931698322296143
0.6932092308998108
0.6931706070899963
0.6932244300842285
0.6931698322296143
0.693191647529602
0.6932082772254944
0.6931658983230591
0.6932284832000732
0.6931566596031189
0.693158745765686
0.693180501461029
0.6931681632995605

training history val loss
0.6931199431419373
0.6931970715522766
0.6932377219200134
0.6932013630867004
0.6932267546653748
0.6932132840156555
0.6932835578918457
0.6932057738304138
0.6932364106178284
0.6932120323181152
0.6932361721992493
0.6932267546653748
0.6932480335235596
0.6931934952735901
0.6932594180107117
0.6931862831115723
0.6931930780410767
0.6932551860809326
0.6932324171066284
0.6933202743530273
0.6932176351547241
0.6932140588760376
0.693230152130127
0.693190336227417
0.6931986808776855
0.6931580901145935
0.693227231502533
0.6932803988456726
0.6932315826416016
0.6932417750358582
0.6931813955307007