test data loss : 0.6931490302085876
test data accyracy : 0.5

training history accuracy
0.4945833384990692
0.4970833361148834
0.49125000834465027
0.5020833611488342
0.5020833611488342
0.5020833611488342
0.5020833611488342
0.5020833611488342
0.5020833611488342
0.5020833611488342
0.5020833611488342
0.4945833384990692
0.5020833611488342
0.5020833611488342
0.5020833611488342
0.4879166781902313
0.5020833611488342
0.5020833611488342
0.4870833456516266
0.492083340883255
0.5020833611488342
0.5020833611488342
0.5020833611488342
0.5020833611488342
0.4937500059604645
0.5020833611488342
0.5020833611488342
0.5020833611488342
0.5020833611488342
0.5020833611488342
0.5020833611488342

training history val accuracy
0.5083333253860474
0.49166667461395264
0.49166667461395264
0.49166667461395264
0.49166667461395264
0.49166667461395264
0.49166667461395264
0.49166667461395264
0.49166667461395264
0.49166667461395264
0.49166667461395264
0.49166667461395264
0.49166667461395264
0.49166667461395264
0.49166667461395264
0.49166667461395264
0.49166667461395264
0.49166667461395264
0.49166667461395264
0.49166667461395264
0.49166667461395264
0.49166667461395264
0.49166667461395264
0.49166667461395264
0.49166667461395264
0.49166667461395264
0.49166667461395264
0.49166667461395264
0.49166667461395264
0.49166667461395264
0.49166667461395264

training history loss
0.6942713260650635
0.6931703090667725
0.6931939125061035
0.69317227602005
0.693175733089447
0.6931705474853516
0.6932073831558228
0.6932322978973389
0.6931650042533875
0.6931652426719666
0.6931806206703186
0.6931726336479187
0.6931565403938293
0.6931776404380798
0.6931682825088501
0.693241536617279
0.6932159662246704
0.6932010054588318
0.6932063698768616
0.6931998133659363
0.6931788921356201
0.693162202835083
0.6931548714637756
0.6931800842285156
0.6931996941566467
0.6931688189506531
0.6932038068771362
0.693209171295166
0.6931605935096741
0.6932121515274048
0.693156361579895

training history val loss
0.6931161880493164
0.6931885480880737
0.6931596994400024
0.6931988596916199
0.6932202577590942
0.6932091116905212
0.6932870149612427
0.6932894587516785
0.6931968927383423
0.6932170391082764
0.693215012550354
0.6932119727134705
0.6932504773139954
0.6932145357131958
0.6932867169380188
0.6932971477508545
0.6932735443115234
0.6932182908058167
0.6931740045547485
0.6932749152183533
0.6932494640350342
0.6932588815689087
0.6932525634765625
0.6932029724121094
0.6931854486465454
0.693192183971405
0.6932615637779236
0.6932633519172668
0.6932206749916077
0.6932129263877869
0.6931941509246826