test data loss : 0.6931606531143188
test data accyracy : 0.5

training history accuracy
0.5068749785423279
0.4983333349227905
0.49791666865348816
0.4987500011920929
0.4933333396911621
0.49291667342185974
0.49125000834465027
0.5020833611488342
0.5020833611488342
0.5020833611488342
0.492083340883255
0.5020833611488342
0.5020833611488342
0.5020833611488342
0.5020833611488342
0.49041667580604553
0.502916693687439
0.49291667342185974
0.5020833611488342
0.4866666793823242
0.5020833611488342
0.49000000953674316
0.5020833611488342
0.5020833611488342
0.5020833611488342
0.5020833611488342
0.5020833611488342
0.5020833611488342
0.5020833611488342
0.5020833611488342
0.5020833611488342
0.48625001311302185
0.5020833611488342
0.5020833611488342
0.5020833611488342
0.5020833611488342
0.5020833611488342
0.5020833611488342
0.5020833611488342
0.5020833611488342
0.5020833611488342
0.5020833611488342
0.5020833611488342
0.5020833611488342
0.4933333396911621
0.5020833611488342
0.5020833611488342

training history val accuracy
0.5083333253860474
0.5083333253860474
0.5083333253860474
0.49166667461395264
0.49166667461395264
0.49166667461395264
0.49166667461395264
0.49166667461395264
0.49166667461395264
0.49166667461395264
0.49166667461395264
0.49166667461395264
0.49166667461395264
0.49166667461395264
0.49166667461395264
0.49166667461395264
0.5083333253860474
0.49166667461395264
0.49166667461395264
0.49166667461395264
0.49166667461395264
0.49166667461395264
0.49166667461395264
0.49166667461395264
0.49166667461395264
0.49166667461395264
0.49166667461395264
0.49166667461395264
0.49166667461395264
0.49166667461395264
0.49166667461395264
0.49166667461395264
0.49166667461395264
0.49166667461395264
0.49166667461395264
0.49166667461395264
0.49166667461395264
0.49166667461395264
0.49166667461395264
0.49166667461395264
0.49166667461395264
0.49166667461395264
0.49166667461395264
0.49166667461395264
0.49166667461395264
0.49166667461395264
0.49166667461395264

training history loss
0.703546404838562
0.6933635473251343
0.6932255625724792
0.6932387948036194
0.6933126449584961
0.6932066082954407
0.6932193636894226
0.6931674480438232
0.6932029724121094
0.6931771636009216
0.6932017207145691
0.6932527422904968
0.6931676268577576
0.6931697130203247
0.6931620240211487
0.6932142376899719
0.6938099265098572
0.6932096481323242
0.6931856274604797
0.693206787109375
0.6932171583175659
0.6932086944580078
0.6931631565093994
0.6931684613227844
0.6931844353675842
0.6931811571121216
0.6931923031806946
0.6931650042533875
0.6931677460670471
0.6932274699211121
0.6932258009910583
0.6931809782981873
0.6931766271591187
0.6931759715080261
0.6931660175323486
0.6931650042533875
0.6931748986244202
0.6931626200675964
0.6931702494621277
0.6931788921356201
0.6931653618812561
0.6931620836257935
0.6931765079498291
0.6931712031364441
0.6931923031806946
0.6931778192520142
0.6931841373443604

training history val loss
0.6930837631225586
0.693095326423645
0.6931346654891968
0.6931540369987488
0.6932744979858398
0.6932252049446106
0.6932281851768494
0.6932335495948792
0.6931971311569214
0.6931920051574707
0.6931489109992981
0.6932607293128967
0.693193256855011
0.6931818127632141
0.6932281255722046
0.6932215094566345
0.6930739283561707
0.693254828453064
0.6932473182678223
0.6931941509246826
0.6932218670845032
0.6931639313697815
0.6931974291801453
0.693191647529602
0.6932490468025208
0.6931875944137573
0.6932401061058044
0.6932433843612671
0.693235456943512
0.6933030486106873
0.6932548880577087
0.6931769251823425
0.6932336688041687
0.6931639313697815
0.6931793689727783
0.6932376623153687
0.6932114958763123
0.6932395696640015
0.6932100653648376
0.6932156085968018
0.6932108402252197
0.6931809186935425
0.6932615637779236
0.6932478547096252
0.6931830644607544
0.6932187080383301
0.6932815313339233