test data loss : 0.6931471228599548
test data accyracy : 0.5

training history accuracy
0.49687498807907104
0.5020833611488342
0.5020833611488342
0.5020833611488342
0.5020833611488342
0.5020833611488342
0.5004166960716248
0.5020833611488342
0.4962500035762787
0.5020833611488342
0.5020833611488342
0.49416667222976685
0.492083340883255
0.5020833611488342
0.5020833611488342
0.5020833611488342
0.5020833611488342
0.5020833611488342
0.5020833611488342
0.5020833611488342
0.49541667103767395
0.5020833611488342
0.5020833611488342
0.5020833611488342
0.5020833611488342
0.4962500035762787
0.48875001072883606
0.5020833611488342
0.5020833611488342
0.5020833611488342
0.5020833611488342
0.5020833611488342
0.5020833611488342
0.5020833611488342
0.5020833611488342
0.5020833611488342
0.5020833611488342
0.4937500059604645
0.5020833611488342
0.5020833611488342
0.4925000071525574
0.49541667103767395
0.4962500035762787
0.5020833611488342
0.5020833611488342
0.49416667222976685
0.5020833611488342
0.5020833611488342
0.5020833611488342
0.5020833611488342
0.5020833611488342
0.5020833611488342
0.5020833611488342
0.49541667103767395
0.5020833611488342
0.5020833611488342
0.5020833611488342
0.492083340883255
0.5020833611488342
0.5020833611488342
0.5020833611488342
0.5020833611488342
0.5020833611488342
0.5020833611488342
0.5020833611488342
0.4958333373069763
0.492083340883255
0.5020833611488342
0.5020833611488342
0.5020833611488342
0.5020833611488342

training history val accuracy
0.49166667461395264
0.49166667461395264
0.49166667461395264
0.49166667461395264
0.49166667461395264
0.49166667461395264
0.49166667461395264
0.49166667461395264
0.49166667461395264
0.49166667461395264
0.49166667461395264
0.49166667461395264
0.49166667461395264
0.49166667461395264
0.49166667461395264
0.49166667461395264
0.49166667461395264
0.49166667461395264
0.49166667461395264
0.49166667461395264
0.49166667461395264
0.49166667461395264
0.49166667461395264
0.49166667461395264
0.49166667461395264
0.49166667461395264
0.49166667461395264
0.49166667461395264
0.49166667461395264
0.49166667461395264
0.49166667461395264
0.49166667461395264
0.49166667461395264
0.49166667461395264
0.49166667461395264
0.49166667461395264
0.49166667461395264
0.49166667461395264
0.49166667461395264
0.49166667461395264
0.49166667461395264
0.49166667461395264
0.49166667461395264
0.49166667461395264
0.49166667461395264
0.49166667461395264
0.49166667461395264
0.49166667461395264
0.49166667461395264
0.49166667461395264
0.49166667461395264
0.49166667461395264
0.49166667461395264
0.49166667461395264
0.49166667461395264
0.49166667461395264
0.49166667461395264
0.49166667461395264
0.49166667461395264
0.49166667461395264
0.49166667461395264
0.49166667461395264
0.49166667461395264
0.49166667461395264
0.49166667461395264
0.49166667461395264
0.49166667461395264
0.49166667461395264
0.49166667461395264
0.49166667461395264
0.49166667461395264

training history loss
0.693848729133606
0.6931584477424622
0.6931731700897217
0.6932013034820557
0.6931709051132202
0.693162202835083
0.6931696534156799
0.6931838393211365
0.6932193040847778
0.6931706666946411
0.6932281851768494
0.6931962370872498
0.6931948065757751
0.6932302713394165
0.6931684613227844
0.6931741237640381
0.6931825876235962
0.6931732296943665
0.6931881308555603
0.6931639313697815
0.6931709051132202
0.6931979656219482
0.6931650638580322
0.6931673884391785
0.6931707859039307
0.6931667923927307
0.6932037472724915
0.6931600570678711
0.6931820511817932
0.6931636333465576
0.6931908130645752
0.6931823492050171
0.6931736469268799
0.6932145357131958
0.6931695342063904
0.6931799054145813
0.6931653618812561
0.693183422088623
0.6931902170181274
0.6931664347648621
0.6931968927383423
0.69318026304245
0.6932011246681213
0.6931596994400024
0.6931906938552856
0.6931905150413513
0.6931676268577576
0.6931940913200378
0.6931724548339844
0.6931642889976501
0.6931812763214111
0.6931847929954529
0.6931656002998352
0.6931817531585693
0.6931802034378052
0.6931657791137695
0.6931692361831665
0.693189263343811
0.6931837797164917
0.6931844353675842
0.6931858658790588
0.6931875348091125
0.6931704878807068
0.6932253241539001
0.6932135224342346
0.6931908130645752
0.6931934356689453
0.6932072639465332
0.6931526064872742
0.6932035684585571
0.6931677460670471

training history val loss
0.6931700706481934
0.693192720413208
0.6931883096694946
0.6932641267776489
0.693194568157196
0.6931991577148438
0.6932240128517151
0.6932731866836548
0.6932646036148071
0.6932267546653748
0.6931820511817932
0.6931838989257812
0.6931869387626648
0.6932135224342346
0.6932263970375061
0.6931820511817932
0.6931855082511902
0.6932722330093384
0.6932404041290283
0.6932275891304016
0.6932277679443359
0.6932454705238342
0.6931818127632141
0.6932135820388794
0.6932244896888733
0.6931830048561096
0.6932316422462463
0.6932317614555359
0.6931673288345337
0.693220853805542
0.6932302713394165
0.6932118535041809
0.6932169795036316
0.6932135224342346
0.6932196617126465
0.6932187080383301
0.6932157278060913
0.6932445764541626
0.6932644844055176
0.693238377571106
0.6931473612785339
0.6931862831115723
0.6932039856910706
0.6932650804519653
0.6932530403137207
0.6932191252708435
0.6932316422462463
0.6932035088539124
0.693274974822998
0.6932909488677979
0.6932369470596313
0.6932279467582703
0.6932353377342224
0.6932274103164673
0.6932382583618164
0.693225085735321
0.6932392120361328
0.6932024359703064
0.6932176947593689
0.6932307481765747
0.6932358145713806
0.6933022141456604
0.6932598352432251
0.6931871771812439
0.6932829022407532
0.6932042241096497
0.6931615471839905
0.6932803988456726
0.693208634853363
0.693266749382019
0.6932346820831299