test data loss : 0.6931480765342712
test data accyracy : 0.5

training history accuracy
0.5037500262260437
0.4945833384990692
0.49041667580604553
0.4962500035762787
0.49291667342185974
0.5020833611488342
0.5020833611488342
0.5020833611488342
0.492083340883255
0.5020833611488342
0.5020833611488342
0.5020833611488342
0.4908333420753479
0.4958333373069763
0.5020833611488342
0.5020833611488342
0.5020833611488342
0.5020833611488342
0.4895833432674408
0.5020833611488342
0.5020833611488342
0.4879166781902313
0.5020833611488342
0.4945833384990692
0.5020833611488342
0.5020833611488342
0.49041667580604553
0.5020833611488342
0.5020833611488342
0.49166667461395264
0.5020833611488342

training history val accuracy
0.5083333253860474
0.49166667461395264
0.49166667461395264
0.49166667461395264
0.49166667461395264
0.49166667461395264
0.49166667461395264
0.49166667461395264
0.49166667461395264
0.49166667461395264
0.49166667461395264
0.49166667461395264
0.49166667461395264
0.49166667461395264
0.49166667461395264
0.49166667461395264
0.49166667461395264
0.49166667461395264
0.49166667461395264
0.49166667461395264
0.49166667461395264
0.49166667461395264
0.49166667461395264
0.49166667461395264
0.49166667461395264
0.49166667461395264
0.49166667461395264
0.49166667461395264
0.49166667461395264
0.49166667461395264
0.49166667461395264

training history loss
0.6989830732345581
0.6931859850883484
0.6932535171508789
0.6931926608085632
0.6931973099708557
0.6931660175323486
0.6932205557823181
0.6932171583175659
0.6931740045547485
0.693169355392456
0.693184494972229
0.6931707859039307
0.6931812167167664
0.6931747198104858
0.693198561668396
0.6931911110877991
0.6932017207145691
0.6932013630867004
0.693212628364563
0.6931691765785217
0.6931814551353455
0.6932363510131836
0.6931637525558472
0.6931735277175903
0.6931785941123962
0.6931742429733276
0.6931958794593811
0.6931588649749756
0.6931636333465576
0.6932263970375061
0.6931639313697815

training history val loss
0.693126916885376
0.6932104825973511
0.6931946873664856
0.693169355392456
0.6931729316711426
0.693254828453064
0.6932687163352966
0.6932558417320251
0.6931737661361694
0.6932287216186523
0.6932191848754883
0.6931809186935425
0.6932045221328735
0.6932199597358704
0.693221390247345
0.693183422088623
0.6932159066200256
0.6932042837142944
0.69315105676651
0.6932421326637268
0.6932238936424255
0.6932223439216614
0.6932187080383301
0.6932656168937683
0.6932653784751892
0.6932697296142578
0.6932133436203003
0.69324791431427
0.6932408809661865
0.6932536363601685
0.6932162642478943