test data loss : 0.6931465268135071
test data accyracy : 0.5

training history accuracy
0.5074999928474426
0.4918749928474426
0.4985416531562805
0.5020833611488342
0.5020833611488342
0.5020833611488342
0.4964583218097687
0.5020833611488342
0.4987500011920929
0.4950000047683716
0.5020833611488342
0.4908333420753479
0.5020833611488342
0.5020833611488342
0.4983333349227905
0.5020833611488342
0.5020833611488342
0.5020833611488342
0.5020833611488342
0.5020833611488342
0.5020833611488342
0.4937500059604645
0.5020833611488342
0.4879166781902313
0.5020833611488342
0.5020833611488342
0.5020833611488342
0.5020833611488342
0.4958333373069763
0.5020833611488342
0.49666666984558105
0.5020833611488342
0.4950000047683716
0.5020833611488342
0.5020833611488342
0.5020833611488342
0.4950000047683716
0.5020833611488342

training history val accuracy
0.49166667461395264
0.49166667461395264
0.49166667461395264
0.49166667461395264
0.49166667461395264
0.49166667461395264
0.49166667461395264
0.49166667461395264
0.49166667461395264
0.49166667461395264
0.49166667461395264
0.49166667461395264
0.49166667461395264
0.49166667461395264
0.49166667461395264
0.49166667461395264
0.49166667461395264
0.49166667461395264
0.49166667461395264
0.49166667461395264
0.49166667461395264
0.49166667461395264
0.49166667461395264
0.49166667461395264
0.49166667461395264
0.49166667461395264
0.49166667461395264
0.49166667461395264
0.49166667461395264
0.49166667461395264
0.49166667461395264
0.49166667461395264
0.49166667461395264
0.49166667461395264
0.49166667461395264
0.49166667461395264
0.49166667461395264
0.49166667461395264

training history loss
0.7057511806488037
0.6933729648590088
0.6932727098464966
0.6932176947593689
0.6931799650192261
0.6931574940681458
0.6931807398796082
0.6931467056274414
0.693185031414032
0.693216860294342
0.6931887865066528
0.6932048201560974
0.6931976675987244
0.6931882500648499
0.6931736469268799
0.6931782960891724
0.6931549310684204
0.6932031512260437
0.6931629180908203
0.6931962370872498
0.6931461691856384
0.6931799054145813
0.6933061480522156
0.6932377219200134
0.6932461261749268
0.6931934952735901
0.6931975483894348
0.6932070851325989
0.6932060122489929
0.6931760907173157
0.6931740045547485
0.6931667327880859
0.693192720413208
0.6932149529457092
0.6932283043861389
0.6932320594787598
0.693183183670044
0.6931740045547485

training history val loss
0.6933355331420898
0.6932410597801208
0.6933927536010742
0.693230390548706
0.6932609677314758
0.6932224631309509
0.6931989789009094
0.6931865811347961
0.6932451128959656
0.6932482123374939
0.6932111382484436
0.6932721734046936
0.6932130455970764
0.6932491660118103
0.6932065486907959
0.6932151913642883
0.6932393908500671
0.6932388544082642
0.693242073059082
0.6932709813117981
0.6932092905044556
0.6932040452957153
0.6932517290115356
0.6932523846626282
0.6932901740074158
0.6932056546211243
0.6932352185249329
0.6932399272918701
0.6932567358016968
0.6931989789009094
0.6932114362716675
0.6932174563407898
0.6932376027107239
0.6932554841041565
0.6932711005210876
0.6932451128959656
0.6932034492492676
0.6931957006454468